0108900119940101   1.2
0108900119940102  13.4
0108900119940103   4.4
0108900119940104    .6
0108900119940105   1.4
0108900119940106  24.4
0108900119940107  20.2
0108900119940108    .6
0108900119940109    .0
0108900119940110  32.2
0108900119940111   6.2
0108900119940112    .0
0108900119940113    .8
0108900119940114   7.6
0108900119940115   1.4
0108900119940116   1.4
0108900119940117    .0
0108900119940118    .0
0108900119940119    .0
0108900119940120    .0
0108900119940121    .0
0108900119940122    .0
0108900119940123   3.4
0108900119940124  33.2
0108900119940125  14.4
0108900119940126   1.6
0108900119940127   2.0
0108900119940128    .0
0108900119940129    .0
0108900119940130    .0
0108900119940131    .0
0108900119940201    .0
0108900119940202   1.4
0108900119940203   8.6
0108900119940204    .0
0108900119940205   2.4
0108900119940206   2.2
0108900119940207   2.8
0108900119940208   4.4
0108900119940209   5.0
0108900119940210   4.0
0108900119940211    .0
0108900119940212    .0
0108900119940213    .0
0108900119940214   1.6
0108900119940215   2.0
0108900119940216    .0
0108900119940217    .0
0108900119940218    .0
0108900119940219    .4
0108900119940220   6.2
0108900119940221    .4
0108900119940222    .0
0108900119940223  10.4
0108900119940224   1.4
0108900119940225    .0
0108900119940226    .0
0108900119940227    .0
0108900119940228   1.0
0108900119940301    .8
0108900119940302   6.0
0108900119940303   4.4
0108900119940304    .0
0108900119940305    .4
0108900119940306   1.2
0108900119940307    .0
0108900119940308    .0
0108900119940309    .0
0108900119940310    .0
0108900119940311    .0
0108900119940312   1.6
0108900119940313   2.2
0108900119940314    .0
0108900119940315    .8
0108900119940316    .4
0108900119940317    .0
0108900119940318    .0
0108900119940319    .0
0108900119940320    .6
0108900119940321   2.6
0108900119940322    .0
0108900119940323    .0
0108900119940324    .0
0108900119940325   3.2
0108900119940326   1.2
0108900119940327    .0
0108900119940328    .0
0108900119940329    .0
0108900119940330    .0
0108900119940331   2.0
0108900119940401  16.8
0108900119940402   5.8
0108900119940403    .6
0108900119940404  16.0
0108900119940405   2.4
0108900119940406  12.4
0108900119940407  14.4
0108900119940408   5.0
0108900119940409   5.0
0108900119940410    .2
0108900119940411    .0
0108900119940412  17.2
0108900119940413    .0
0108900119940414    .6
0108900119940415    .6
0108900119940416    .0
0108900119940417    .0
0108900119940418    .0
0108900119940419    .0
0108900119940420    .0
0108900119940421    .0
0108900119940422    .0
0108900119940423    .0
0108900119940424  17.2
0108900119940425   9.8
0108900119940426    .0
0108900119940427    .0
0108900119940428    .0
0108900119940429    .0
0108900119940430    .0
0108900119940501    .0
0108900119940502    .0
0108900119940503   3.4
0108900119940504   6.8
0108900119940505    .0
0108900119940506    .0
0108900119940507    .4
0108900119940508  10.4
0108900119940509    .4
0108900119940510    .0
0108900119940511   2.8
0108900119940512    .4
0108900119940513   3.0
0108900119940514   7.0
0108900119940515    .0
0108900119940516   3.8
0108900119940517   2.4
0108900119940518  17.2
0108900119940519   4.8
0108900119940520  11.6
0108900119940521  11.2
0108900119940522   2.6
0108900119940523    .0
0108900119940524  10.8
0108900119940525   3.2
0108900119940526   9.8
0108900119940527    .4
0108900119940528   2.2
0108900119940529    .2
0108900119940530    .0
0108900119940531    .0
0108900119940601    .0
0108900119940602   9.8
0108900119940603   7.4
0108900119940604   7.0
0108900119940605    .0
0108900119940606    .0
0108900119940607    .0
0108900119940608  20.0
0108900119940609    .0
0108900119940610   2.6
0108900119940611    .6
0108900119940612    .0
0108900119940613    .0
0108900119940614    .0
0108900119940615    .0
0108900119940616    .0
0108900119940617    .0
0108900119940618    .0
0108900119940619  31.0
0108900119940620   1.4
0108900119940621    .0
0108900119940622    .0
0108900119940623    .0
0108900119940624    .0
0108900119940625    .0
0108900119940626  13.0
0108900119940627    .0
0108900119940628    .0
0108900119940629    .0
0108900119940630    .0
0108900119940701    .0
0108900119940702    .0
0108900119940703    .0
0108900119940704    .0
0108900119940705    .0
0108900119940706    .0
0108900119940707    .0
0108900119940708    .0
0108900119940709    .0
0108900119940710    .0
0108900119940711    .0
0108900119940712    .0
0108900119940713    .0
0108900119940714   5.2
0108900119940715    .0
0108900119940716    .0
0108900119940717    .0
0108900119940718  19.2
0108900119940719   1.4
0108900119940720   2.6
0108900119940721    .0
0108900119940722    .0
0108900119940723    .0
0108900119940724    .0
0108900119940725    .0
0108900119940726    .0
0108900119940727    .0
0108900119940728    .0
0108900119940729    .0
0108900119940730  10.0
0108900119940731    .4
0108900119940801    .2
0108900119940802    .0
0108900119940803    .0
0108900119940804    .0
0108900119940805    .0
0108900119940806    .0
0108900119940807    .0
0108900119940808    .0
0108900119940809    .0
0108900119940810  12.6
0108900119940811    .8
0108900119940812    .0
0108900119940813    .8
0108900119940814    .0
0108900119940815    .0
0108900119940816   4.6
0108900119940817   1.2
0108900119940818    .0
0108900119940819    .0
0108900119940820    .0
0108900119940821    .0
0108900119940822    .2
0108900119940823   1.0
0108900119940824   1.4
0108900119940825   1.4
0108900119940826    .4
0108900119940827    .0
0108900119940828    .0
0108900119940829    .0
0108900119940830   2.0
0108900119940831   8.0
0108900119940901   1.2
0108900119940902   2.0
0108900119940903    .0
0108900119940904    .0
0108900119940905    .0
0108900119940906    .0
0108900119940907  22.2
0108900119940908  30.2
0108900119940909    .6
0108900119940910    .0
0108900119940911    .0
0108900119940912  88.6
0108900119940913  26.0
0108900119940914  18.2
0108900119940915   2.8
0108900119940916  16.6
0108900119940917    .8
0108900119940918    .0
0108900119940919    .0
0108900119940920   7.6
0108900119940921   2.6
0108900119940922   1.4
0108900119940923    .4
0108900119940924    .0
0108900119940925    .0
0108900119940926   5.6
0108900119940927    .0
0108900119940928    .0
0108900119940929   1.2
0108900119940930    .4
0108900119941001    .0
0108900119941002   2.0
0108900119941003   5.8
0108900119941004    .0
0108900119941005    .0
0108900119941006    .0
0108900119941007    .0
0108900119941008    .0
0108900119941009    .0
0108900119941010    .0
0108900119941011    .0
0108900119941012    .0
0108900119941013    .0
0108900119941014    .0
0108900119941015    .0
0108900119941016    .0
0108900119941017    .0
0108900119941018    .0
0108900119941019    .6
0108900119941020  11.6
0108900119941021    .2
0108900119941022  30.0
0108900119941023   3.2
0108900119941024    .6
0108900119941025   3.8
0108900119941026   1.2
0108900119941027   8.8
0108900119941028  13.0
0108900119941029   1.0
0108900119941030    .0
0108900119941031    .0
0108900119941101    .4
0108900119941102    .4
0108900119941103    .0
0108900119941104    .2
0108900119941105  45.4
0108900119941106    .2
0108900119941107    .8
0108900119941108    .0
0108900119941109  27.6
0108900119941110   6.2
0108900119941111    .0
0108900119941112    .0
0108900119941113   1.2
0108900119941114    .0
0108900119941115   1.0
0108900119941116    .0
0108900119941117    .0
0108900119941118  20.2
0108900119941119   3.6
0108900119941120    .0
0108900119941121    .2
0108900119941122    .0
0108900119941123    .0
0108900119941124    .0
0108900119941125    .0
0108900119941126    .0
0108900119941127    .0
0108900119941128    .0
0108900119941129    .0
0108900119941130    .0
0108900119941201    .0
0108900119941202    .0
0108900119941203    .0
0108900119941204   2.8
0108900119941205  17.6
0108900119941206    .0
0108900119941207   2.8
0108900119941208   1.2
0108900119941209  16.4
0108900119941210    .0
0108900119941211    .0
0108900119941212    .0
0108900119941213    .0
0108900119941214    .0
0108900119941215    .0
0108900119941216    .0
0108900119941217    .0
0108900119941218   3.8
0108900119941219   2.0
0108900119941220   3.4
0108900119941221    .0
0108900119941222    .0
0108900119941223    .0
0108900119941224    .0
0108900119941225    .0
0108900119941226   1.6
0108900119941227   9.8
0108900119941228   4.2
0108900119941229   4.6
0108900119941230   8.8
0108900119941231   3.0
0108900119950101   3.2
0108900119950102   4.2
0108900119950103    .2
0108900119950104    .0
0108900119950105    .0
0108900119950106   3.2
0108900119950107    .0
0108900119950108   4.4
0108900119950109   2.2
0108900119950110  37.6
0108900119950111   5.8
0108900119950112   5.2
0108900119950113    .0
0108900119950114    .0
0108900119950115    .0
0108900119950116    .0
0108900119950117    .0
0108900119950118  16.8
0108900119950119    .0
0108900119950120  13.0
0108900119950121   3.4
0108900119950122   3.6
0108900119950123  17.4
0108900119950124   4.2
0108900119950125    .4
0108900119950126   6.2
0108900119950127   4.2
0108900119950128   2.8
0108900119950129  12.2
0108900119950130   4.2
0108900119950131    .0
0108900119950201    .8
0108900119950202   8.0
0108900119950203    .0
0108900119950204    .8
0108900119950205    .2
0108900119950206    .0
0108900119950207    .0
0108900119950208  11.2
0108900119950209   6.0
0108900119950210  14.4
0108900119950211   6.4
0108900119950212    .4
0108900119950213  21.0
0108900119950214    .0
0108900119950215  12.4
0108900119950216   1.0
0108900119950217  17.4
0108900119950218   5.2
0108900119950219    .0
0108900119950220    .0
0108900119950221   4.8
0108900119950222    .0
0108900119950223   6.6
0108900119950224  21.0
0108900119950225  17.4
0108900119950226   2.2
0108900119950227    .0
0108900119950228    .0
0108900119950301    .0
0108900119950302    .0
0108900119950303  18.6
0108900119950304    .2
0108900119950305   7.8
0108900119950306   4.8
0108900119950307    .0
0108900119950308   4.2
0108900119950309   2.6
0108900119950310    .0
0108900119950311    .0
0108900119950312    .0
0108900119950313    .0
0108900119950314    .0
0108900119950315   2.4
0108900119950316    .0
0108900119950317   2.8
0108900119950318   7.4
0108900119950319   7.2
0108900119950320    .0
0108900119950321    .0
0108900119950322    .0
0108900119950323    .0
0108900119950324    .0
0108900119950325    .4
0108900119950326   1.2
0108900119950327  11.0
0108900119950328   3.0
0108900119950329   4.6
0108900119950330    .0
0108900119950331    .0
0108900119950401    .0
0108900119950402    .0
0108900119950403    .0
0108900119950404    .0
0108900119950405    .0
0108900119950406    .0
0108900119950407    .0
0108900119950408    .0
0108900119950409    .0
0108900119950410    .0
0108900119950411    .0
0108900119950412    .0
0108900119950413    .0
0108900119950414    .0
0108900119950415   3.6
0108900119950416    .4
0108900119950417    .0
0108900119950418    .0
0108900119950419  10.4
0108900119950420   1.8
0108900119950421  38.8
0108900119950422  11.4
0108900119950423   3.6
0108900119950424    .4
0108900119950425   9.6
0108900119950426  12.8
0108900119950427   3.0
0108900119950428    .0
0108900119950429   7.4
0108900119950430    .2
0108900119950501    .0
0108900119950502    .0
0108900119950503    .0
0108900119950504    .0
0108900119950505    .0
0108900119950506    .0
0108900119950507    .0
0108900119950508    .0
0108900119950509    .0
0108900119950510    .0
0108900119950511    .2
0108900119950512  15.4
0108900119950513  28.6
0108900119950514    .0
0108900119950515  14.2
0108900119950516  14.6
0108900119950517   2.0
0108900119950518  13.4
0108900119950519    .0
0108900119950520    .0
0108900119950521    .0
0108900119950522    .0
0108900119950523    .0
0108900119950524    .0
0108900119950525  15.2
0108900119950526  11.2
0108900119950527    .0
0108900119950528    .0
0108900119950529   2.0
0108900119950530  12.6
0108900119950531  14.2
0108900119950601    .2
0108900119950602    .0
0108900119950603   2.0
0108900119950604    .2
0108900119950605    .2
0108900119950606    .0
0108900119950607    .0
0108900119950608  12.2
0108900119950609    .0
0108900119950610    .0
0108900119950611    .0
0108900119950612   4.0
0108900119950613   2.0
0108900119950614    .0
0108900119950615    .0
0108900119950616    .0
0108900119950617   1.2
0108900119950618   3.0
0108900119950619    .0
0108900119950620    .0
0108900119950621    .0
0108900119950622    .0
0108900119950623    .0
0108900119950624    .0
0108900119950625    .0
0108900119950626    .0
0108900119950627    .0
0108900119950628    .0
0108900119950629    .0
0108900119950630    .0
0108900119950701    .8
0108900119950702   6.6
0108900119950703   7.2
0108900119950704    .8
0108900119950705    .0
0108900119950706    .0
0108900119950707    .0
0108900119950708    .0
0108900119950709    .0
0108900119950710   1.0
0108900119950711    .4
0108900119950712    .0
0108900119950713    .0
0108900119950714    .2
0108900119950715   4.8
0108900119950716   2.8
0108900119950717    .0
0108900119950718    .0
0108900119950719    .0
0108900119950720    .0
0108900119950721    .0
0108900119950722   4.4
0108900119950723    .0
0108900119950724    .0
0108900119950725    .0
0108900119950726   7.6
0108900119950727   4.0
0108900119950728    .0
0108900119950729    .0
0108900119950730    .0
0108900119950731    .0
0108900119950801    .0
0108900119950802    .0
0108900119950803    .0
0108900119950804    .0
0108900119950805    .0
0108900119950806  20.0
0108900119950807    .4
0108900119950808  28.4
0108900119950809    .0
0108900119950810    .0
0108900119950811    .4
0108900119950812    .0
0108900119950813    .0
0108900119950814    .0
0108900119950815    .0
0108900119950816    .0
0108900119950817    .0
0108900119950818    .0
0108900119950819    .0
0108900119950820    .3
0108900119950821    .4
0108900119950822    .2
0108900119950823  26.8
0108900119950824   4.2
0108900119950825    .2
0108900119950826    .2
0108900119950827   6.4
0108900119950828   2.0
0108900119950829    .0
0108900119950830    .0
0108900119950831    .0
0108900119950901    .0
0108900119950902    .0
0108900119950903   4.6
0108900119950904    .0
0108900119950905    .0
0108900119950906    .0
0108900119950907  48.8
0108900119950908   7.8
0108900119950909    .0
0108900119950910   7.4
0108900119950911  12.4
0108900119950912  73.6
0108900119950913  13.8
0108900119950914    .2
0108900119950915   1.4
0108900119950916   5.0
0108900119950917    .2
0108900119950918   2.4
0108900119950919   6.0
0108900119950920   6.4
0108900119950921    .0
0108900119950922    .0
0108900119950923    .0
0108900119950924  14.8
0108900119950925    .8
0108900119950926    .0
0108900119950927   2.4
0108900119950928    .0
0108900119950929    .0
0108900119950930    .0
0108900119951001    .0
0108900119951002   2.6
0108900119951003   3.2
0108900119951004  21.0
0108900119951005  37.6
0108900119951006    .0
0108900119951007    .0
0108900119951008    .0
0108900119951009    .0
0108900119951010    .2
0108900119951011    .0
0108900119951012    .0
0108900119951013    .0
0108900119951014    .0
0108900119951015    .0
0108900119951016    .0
0108900119951017    .0
0108900119951018    .0
0108900119951019    .0
0108900119951020    .0
0108900119951021    .0
0108900119951022    .0
0108900119951023    .0
0108900119951024    .0
0108900119951025   1.0
0108900119951026    .0
0108900119951027    .4
0108900119951028   4.2
0108900119951029   3.8
0108900119951030    .0
0108900119951031    .0
0108900119951101    .6
0108900119951102    .2
0108900119951103    .2
0108900119951104    .0
0108900119951105    .0
0108900119951106    .0
0108900119951107    .0
0108900119951108    .0
0108900119951109    .0
0108900119951110    .8
0108900119951111    .0
0108900119951112  13.6
0108900119951113  16.0
0108900119951114    .2
0108900119951115   9.2
0108900119951116   6.8
0108900119951117   3.8
0108900119951118    .0
0108900119951119    .0
0108900119951120    .0
0108900119951121    .0
0108900119951122    .2
0108900119951123    .0
0108900119951124    .0
0108900119951125    .0
0108900119951126   2.4
0108900119951127  10.8
0108900119951128    .0
0108900119951129    .0
0108900119951130    .0
0108900119951201    .0
0108900119951202    .2
0108900119951203    .0
0108900119951204    .0
0108900119951205    .0
0108900119951206    .2
0108900119951207   4.6
0108900119951208    .2
0108900119951209    .0
0108900119951210    .0
0108900119951211    .0
0108900119951212    .0
0108900119951213    .0
0108900119951214   1.0
0108900119951215    .2
0108900119951216    .2
0108900119951217  14.4
0108900119951218    .0
0108900119951219    .0
0108900119951220    .0
0108900119951221    .0
0108900119951222   5.6
0108900119951223   5.6
0108900119951224   1.4
0108900119951225   2.8
0108900119951226   8.4
0108900119951227    .0
0108900119951228   4.8
0108900119951229    .8
0108900119951230  18.4
0108900119951231   4.6
0108900119960101   4.4
0108900119960102   2.2
0108900119960103    .0
0108900119960104    .0
0108900119960105   9.4
0108900119960106  16.2
0108900119960107   6.0
0108900119960108    .0
0108900119960109   3.0
0108900119960110    .6
0108900119960111   1.8
0108900119960112  11.6
0108900119960113    .0
0108900119960114    .0
0108900119960115    .0
0108900119960116    .0
0108900119960117    .0
0108900119960118    .0
0108900119960119    .0
0108900119960120    .0
0108900119960121    .0
0108900119960122    .0
0108900119960123    .8
0108900119960124    .0
0108900119960125    .4
0108900119960126    .0
0108900119960127    .0
0108900119960128    .0
0108900119960129    .0
0108900119960130    .0
0108900119960131    .0
0108900119960201    .4
0108900119960202  12.8
0108900119960203    .2
0108900119960204    .0
0108900119960205    .0
0108900119960206   7.2
0108900119960207  11.6
0108900119960208   1.8
0108900119960209   2.4
0108900119960210    .2
0108900119960211   3.2
0108900119960212  14.6
0108900119960213   7.6
0108900119960214    .0
0108900119960215    .0
0108900119960216    .8
0108900119960217   1.8
0108900119960218   4.0
0108900119960219   5.6
0108900119960220    .2
0108900119960221    .0
0108900119960222    .0
0108900119960223    .2
0108900119960224    .0
0108900119960225    .0
0108900119960226    .0
0108900119960227    .0
0108900119960228    .0
0108900119960229    .0
0108900119960301    .0
0108900119960302    .0
0108900119960303    .0
0108900119960304    .0
0108900119960305    .0
0108900119960306    .0
0108900119960307    .0
0108900119960308    .0
0108900119960309    .0
0108900119960310    .0
0108900119960311    .0
0108900119960312    .0
0108900119960313    .0
0108900119960314  23.4
0108900119960315    .0
0108900119960316    .6
0108900119960317   1.6
0108900119960318    .6
0108900119960319    .0
0108900119960320    .2
0108900119960321   2.6
0108900119960322    .4
0108900119960323    .0
0108900119960324    .2
0108900119960325    .0
0108900119960326   5.8
0108900119960327    .4
0108900119960328    .0
0108900119960329    .0
0108900119960330    .0
0108900119960331    .0
0108900119960401  12.8
0108900119960402    .0
0108900119960403    .0
0108900119960404    .0
0108900119960405    .0
0108900119960406    .0
0108900119960407    .0
0108900119960408    .0
0108900119960409    .0
0108900119960410    .0
0108900119960411   1.0
0108900119960412    .0
0108900119960413    .0
0108900119960414    .0
0108900119960415    .0
0108900119960416    .0
0108900119960417   1.2
0108900119960418    .0
0108900119960419    .0
0108900119960420    .0
0108900119960421    .0
0108900119960422   1.0
0108900119960423  29.8
0108900119960424    .0
0108900119960425    .0
0108900119960426    .0
0108900119960427    .0
0108900119960428   9.4
0108900119960429   3.0
0108900119960430   1.8
0108900119960501  11.6
0108900119960502  11.8
0108900119960503   8.4
0108900119960504    .2
0108900119960505    .0
0108900119960506    .0
0108900119960507    .4
0108900119960508  11.4
0108900119960509   4.0
0108900119960510    .4
0108900119960511    .0
0108900119960512   2.4
0108900119960513   1.0
0108900119960514    .2
0108900119960515    .0
0108900119960516    .0
0108900119960517    .0
0108900119960518  16.0
0108900119960519  14.6
0108900119960520    .0
0108900119960521   2.8
0108900119960522    .6
0108900119960523    .0
0108900119960524   3.6
0108900119960525   9.8
0108900119960526   8.2
0108900119960527   5.8
0108900119960528    .0
0108900119960529    .0
0108900119960530    .0
0108900119960531    .0
0108900119960601  13.4
0108900119960602  15.2
0108900119960603    .0
0108900119960604    .0
0108900119960605    .0
0108900119960606    .0
0108900119960607    .0
0108900119960608   8.8
0108900119960609    .0
0108900119960610    .0
0108900119960611    .0
0108900119960612    .0
0108900119960613    .0
0108900119960614    .0
0108900119960615    .0
0108900119960616    .0
0108900119960617    .0
0108900119960618    .0
0108900119960619    .0
0108900119960620    .8
0108900119960621  18.6
0108900119960622   1.2
0108900119960623   1.0
0108900119960624    .0
0108900119960625    .0
0108900119960626    .0
0108900119960627    .0
0108900119960628    .0
0108900119960629    .0
0108900119960630    .0
0108900119960701    .2
0108900119960702    .0
0108900119960703    .2
0108900119960704   7.4
0108900119960705  57.4
0108900119960706   1.2
0108900119960707  74.4
0108900119960708   9.0
0108900119960709    .0
0108900119960710    .4
0108900119960711    .0
0108900119960712    .0
0108900119960713    .0
0108900119960714    .0
0108900119960715    .0
0108900119960716    .0
0108900119960717    .0
0108900119960718    .0
0108900119960719    .0
0108900119960720    .0
0108900119960721    .0
0108900119960722    .0
0108900119960723   3.2
0108900119960724    .2
0108900119960725    .0
0108900119960726    .0
0108900119960727   1.0
0108900119960728    .0
0108900119960729   6.0
0108900119960730    .0
0108900119960731    .0
0108900119960801  17.3
0108900119960802    .6
0108900119960803    .0
0108900119960804    .0
0108900119960805   1.0
0108900119960806   3.2
0108900119960807    .4
0108900119960808    .0
0108900119960809    .0
0108900119960810  11.0
0108900119960811   4.0
0108900119960812    .6
0108900119960813   1.6
0108900119960814    .2
0108900119960815    .0
0108900119960816    .0
0108900119960817    .0
0108900119960818    .2
0108900119960819    .0
0108900119960820    .0
0108900119960821  20.0
0108900119960822   6.6
0108900119960823   5.4
0108900119960824    .2
0108900119960825    .0
0108900119960826    .0
0108900119960827   6.4
0108900119960828    .0
0108900119960829    .0
0108900119960830    .0
0108900119960831    .0
0108900119960901    .0
0108900119960902    .0
0108900119960903    .0
0108900119960904    .0
0108900119960905    .0
0108900119960906    .0
0108900119960907    .0
0108900119960908    .0
0108900119960909    .0
0108900119960910    .0
0108900119960911    .0
0108900119960912    .2
0108900119960913    .6
0108900119960914    .0
0108900119960915    .0
0108900119960916    .0
0108900119960917    .0
0108900119960918   2.6
0108900119960919  23.6
0108900119960920    .0
0108900119960921   9.4
0108900119960922   1.2
0108900119960923    .0
0108900119960924    .0
0108900119960925   1.0
0108900119960926    .0
0108900119960927    .2
0108900119960928    .0
0108900119960929    .0
0108900119960930    .0
0108900119961001  10.8
0108900119961002    .0
0108900119961003    .0
0108900119961004   2.0
0108900119961005    .0
0108900119961006    .0
0108900119961007    .0
0108900119961008    .0
0108900119961009    .0
0108900119961010    .0
0108900119961011    .0
0108900119961012    .0
0108900119961013    .0
0108900119961014   4.8
0108900119961015  17.8
0108900119961016  11.2
0108900119961017    .0
0108900119961018   1.4
0108900119961019   2.4
0108900119961020   1.0
0108900119961021   4.8
0108900119961022    .0
0108900119961023    .0
0108900119961024    .0
0108900119961025    .0
0108900119961026    .0
0108900119961027    .0
0108900119961028   7.6
0108900119961029   1.8
0108900119961030    .0
0108900119961031    .0
0108900119961101    .0
0108900119961102    .0
0108900119961103    .0
0108900119961104  17.4
0108900119961105   5.4
0108900119961106    .0
0108900119961107   7.6
0108900119961108    .0
0108900119961109    .0
0108900119961110   1.2
0108900119961111  10.2
0108900119961112  47.6
0108900119961113   1.6
0108900119961114    .0
0108900119961115    .0
0108900119961116    .0
0108900119961117  12.2
0108900119961118  35.2
0108900119961119    .6
0108900119961120    .4
0108900119961121   7.8
0108900119961122    .0
0108900119961123   1.6
0108900119961124    .6
0108900119961125  18.6
0108900119961126   2.2
0108900119961127   6.0
0108900119961128   1.2
0108900119961129  21.6
0108900119961130   8.6
0108900119961201    .2
0108900119961202   2.4
0108900119961203    .0
0108900119961204    .0
0108900119961205    .0
0108900119961206    .0
0108900119961207    .0
0108900119961208    .0
0108900119961209    .0
0108900119961210    .0
0108900119961211    .0
0108900119961212   8.8
0108900119961213   9.2
0108900119961214   4.8
0108900119961215    .0
0108900119961216    .0
0108900119961217    .0
0108900119961218   1.8
0108900119961219  39.0
0108900119961220    .4
0108900119961221   4.4
0108900119961222  14.6
0108900119961223  29.2
0108900119961224    .2
0108900119961225    .0
0108900119961226    .0
0108900119961227    .0
0108900119961228    .0
0108900119961229    .0
0108900119961230    .7
0108900119961231   2.8
0108900119970101    .3
0108900119970102  16.1
0108900119970103   3.8
0108900119970104    .4
0108900119970105    .2
0108900119970106    .0
0108900119970107    .0
0108900119970108   6.8
0108900119970109   1.8
0108900119970110    .0
0108900119970111    .0
0108900119970112    .0
0108900119970113    .0
0108900119970114    .0
0108900119970115    .0
0108900119970116    .0
0108900119970117    .2
0108900119970118   1.8
0108900119970119  17.2
0108900119970120  18.0
0108900119970121    .0
0108900119970122    .8
0108900119970123    .0
0108900119970124    .0
0108900119970125    .0
0108900119970126    .0
0108900119970127    .0
0108900119970128    .0
0108900119970129    .0
0108900119970130    .0
0108900119970131    .0
0108900119970201    .0
0108900119970202    .0
0108900119970203    .0
0108900119970204    .0
0108900119970205   3.4
0108900119970206    .0
0108900119970207    .0
0108900119970208    .0
0108900119970209    .0
0108900119970210    .0
0108900119970211   2.6
0108900119970212    .4
0108900119970213   3.0
0108900119970214   8.2
0108900119970215   3.8
0108900119970216   1.0
0108900119970217    .0
0108900119970218    .4
0108900119970219    .6
0108900119970220    .4
0108900119970221    .0
0108900119970222    .0
0108900119970223   2.4
0108900119970224   6.6
0108900119970225   2.2
0108900119970226   8.6
0108900119970227    .0
0108900119970228    .0
0108900119970301    .0
0108900119970302    .0
0108900119970303    .0
0108900119970304    .0
0108900119970305    .0
0108900119970306    .0
0108900119970307    .0
0108900119970308    .0
0108900119970309    .0
0108900119970310    .0
0108900119970311    .0
0108900119970312    .0
0108900119970313    .0
0108900119970314    .8
0108900119970315    .0
0108900119970316    .0
0108900119970317    .0
0108900119970318   2.8
0108900119970319   2.4
0108900119970320    .0
0108900119970321    .0
0108900119970322    .0
0108900119970323    .4
0108900119970324    .0
0108900119970325    .0
0108900119970326    .0
0108900119970327    .0
0108900119970328   4.0
0108900119970329    .0
0108900119970330    .0
0108900119970331    .0
0108900119970401    .0
0108900119970402    .0
0108900119970403    .0
0108900119970404    .0
0108900119970405    .0
0108900119970406    .0
0108900119970407    .0
0108900119970408    .0
0108900119970409    .0
0108900119970410    .0
0108900119970411    .0
0108900119970412    .0
0108900119970413    .0
0108900119970414    .0
0108900119970415    .0
0108900119970416    .0
0108900119970417    .0
0108900119970418    .0
0108900119970419    .0
0108900119970420    .0
0108900119970421    .0
0108900119970422    .0
0108900119970423    .0
0108900119970424    .0
0108900119970425   3.0
0108900119970426  26.0
0108900119970427  11.6
0108900119970428   1.4
0108900119970429   3.2
0108900119970430    .0
0108900119970501    .0
0108900119970502    .0
0108900119970503    .2
0108900119970504   1.6
0108900119970505  28.6
0108900119970506  12.6
0108900119970507   4.4
0108900119970508    .0
0108900119970509   8.2
0108900119970510    .0
0108900119970511  25.6
0108900119970512   8.0
0108900119970513   1.4
0108900119970514  10.2
0108900119970515    .8
0108900119970516   1.6
0108900119970517   2.0
0108900119970518    .0
0108900119970519   4.2
0108900119970520   1.2
0108900119970521   7.2
0108900119970522    .0
0108900119970523    .0
0108900119970524    .0
0108900119970525    .2
0108900119970526    .0
0108900119970527    .0
0108900119970528    .0
0108900119970529    .0
0108900119970530    .0
0108900119970531    .2
0108900119970601   8.8
0108900119970602    .0
0108900119970603    .0
0108900119970604    .8
0108900119970605   4.6
0108900119970606    .0
0108900119970607   6.0
0108900119970608    .0
0108900119970609    .0
0108900119970610    .0
0108900119970611    .2
0108900119970612    .0
0108900119970613   1.2
0108900119970614   6.6
0108900119970615    .0
0108900119970616   1.6
0108900119970617    .0
0108900119970618    .0
0108900119970619   3.8
0108900119970620   2.2
0108900119970621  53.8
0108900119970622   8.6
0108900119970623   6.0
0108900119970624    .6
0108900119970625   2.6
0108900119970626   5.8
0108900119970627    .0
0108900119970628   2.0
0108900119970629   3.0
0108900119970630  11.4
0108900119970701    .4
0108900119970702   5.4
0108900119970703   8.0
0108900119970704   4.2
0108900119970705   3.4
0108900119970706    .0
0108900119970707    .0
0108900119970708    .0
0108900119970709    .0
0108900119970710    .4
0108900119970711    .2
0108900119970712    .0
0108900119970713    .0
0108900119970714  10.8
0108900119970715    .0
0108900119970716    .0
0108900119970717   2.8
0108900119970718   7.2
0108900119970719    .0
0108900119970720    .0
0108900119970721    .0
0108900119970722   1.2
0108900119970723   2.0
0108900119970724   5.6
0108900119970725   2.4
0108900119970726    .0
0108900119970727    .2
0108900119970728    .0
0108900119970729    .0
0108900119970730    .0
0108900119970731    .0
0108900119970801    .0
0108900119970802    .2
0108900119970803    .0
0108900119970804    .0
0108900119970805    .0
0108900119970806    .0
0108900119970807    .0
0108900119970808    .0
0108900119970809    .0
0108900119970810    .0
0108900119970811    .0
0108900119970812    .0
0108900119970813    .0
0108900119970814    .0
0108900119970815    .0
0108900119970816    .0
0108900119970817    .0
0108900119970818    .0
0108900119970819    .0
0108900119970820    .0
0108900119970821    .0
0108900119970822    .0
0108900119970823    .0
0108900119970824    .0
0108900119970825    .0
0108900119970826    .0
0108900119970827  19.8
0108900119970828  22.0
0108900119970829    .0
0108900119970830    .4
0108900119970831    .0
0108900119970901   6.2
0108900119970902    .2
0108900119970903    .0
0108900119970904    .2
0108900119970905    .0
0108900119970906    .0
0108900119970907    .0
0108900119970908    .0
0108900119970909    .0
0108900119970910    .0
0108900119970911    .0
0108900119970912  30.4
0108900119970913  10.6
0108900119970914    .0
0108900119970915    .0
0108900119970916    .0
0108900119970917    .2
0108900119970918    .0
0108900119970919    .2
0108900119970920    .2
0108900119970921    .0
0108900119970922    .2
0108900119970923    .0
0108900119970924    .0
0108900119970925    .2
0108900119970926    .0
0108900119970927    .0
0108900119970928    .0
0108900119970929    .0
0108900119970930    .0
0108900119971001    .0
0108900119971002    .0
0108900119971003    .0
0108900119971004    .0
0108900119971005    .0
0108900119971006   2.0
0108900119971007  11.4
0108900119971008    .0
0108900119971009    .2
0108900119971010  14.8
0108900119971011   3.2
0108900119971012   6.8
0108900119971013   1.6
0108900119971014    .0
0108900119971015   8.6
0108900119971016    .6
0108900119971017    .0
0108900119971018    .0
0108900119971019    .0
0108900119971020    .0
0108900119971021    .0
0108900119971022    .2
0108900119971023    .0
0108900119971024    .0
0108900119971025    .0
0108900119971026    .0
0108900119971027    .0
0108900119971028    .0
0108900119971029    .0
0108900119971030    .0
0108900119971031    .0
0108900119971101    .0
0108900119971102    .0
0108900119971103    .0
0108900119971104  15.4
0108900119971105   5.2
0108900119971106   9.6
0108900119971107   2.0
0108900119971108   8.4
0108900119971109   1.4
0108900119971110   7.8
0108900119971111  53.2
0108900119971112   2.4
0108900119971113    .0
0108900119971114    .0
0108900119971115    .4
0108900119971116    .2
0108900119971117    .0
0108900119971118    .0
0108900119971119   6.6
0108900119971120   4.8
0108900119971121    .0
0108900119971122    .0
0108900119971123    .0
0108900119971124    .0
0108900119971125    .0
0108900119971126    .0
0108900119971127    .0
0108900119971128   7.2
0108900119971129   7.2
0108900119971130   4.8
0108900119971201   1.8
0108900119971202  11.2
0108900119971203    .6
0108900119971204    .0
0108900119971205    .0
0108900119971206    .0
0108900119971207    .0
0108900119971208   2.0
0108900119971209   1.4
0108900119971210   3.8
0108900119971211   5.6
0108900119971212   1.2
0108900119971213    .6
0108900119971214    .0
0108900119971215    .0
0108900119971216    .0
0108900119971217   3.6
0108900119971218   9.4
0108900119971219  15.4
0108900119971220  13.6
0108900119971221    .0
0108900119971222    .0
0108900119971223    .4
0108900119971224   1.0
0108900119971225   7.2
0108900119971226   2.2
0108900119971227  15.4
0108900119971228   1.6
0108900119971229    .0
0108900119971230    .0
0108900119971231    .8
0108900119980101   3.6
0108900119980102   6.4
0108900119980103   1.8
0108900119980104    .8
0108900119980105   3.6
0108900119980106   4.4
0108900119980107    .0
0108900119980108    .0
0108900119980109    .0
0108900119980110    .0
0108900119980111    .0
0108900119980112    .0
0108900119980113   2.6
0108900119980114    .0
0108900119980115  13.2
0108900119980116  16.6
0108900119980117   2.4
0108900119980118  16.4
0108900119980119   7.6
0108900119980120   6.6
0108900119980121    .0
0108900119980122    .0
0108900119980123    .0
0108900119980124    .0
0108900119980125   1.2
0108900119980126    .0
0108900119980127    .0
0108900119980128    .0
0108900119980129    .0
0108900119980130    .0
0108900119980131    .0
0108900119980201    .0
0108900119980202    .0
0108900119980203    .0
0108900119980204    .0
0108900119980205    .0
0108900119980206    .0
0108900119980207   1.0
0108900119980208    .0
0108900119980209    .0
0108900119980210    .0
0108900119980211    .0
0108900119980212    .0
0108900119980213    .0
0108900119980214    .0
0108900119980215    .0
0108900119980216    .0
0108900119980217    .0
0108900119980218    .0
0108900119980219    .0
0108900119980220    .0
0108900119980221  10.6
0108900119980222  16.6
0108900119980223    .4
0108900119980224    .0
0108900119980225    .0
0108900119980226    .0
0108900119980227    .0
0108900119980228    .8
0108900119980301    .2
0108900119980302    .0
0108900119980303    .0
0108900119980304   4.0
0108900119980305    .0
0108900119980306    .0
0108900119980307   1.2
0108900119980308  20.0
0108900119980309   1.2
0108900119980310    .0
0108900119980311  14.4
0108900119980312    .8
0108900119980313    .0
0108900119980314    .0
0108900119980315    .0
0108900119980316    .0
0108900119980317    .0
0108900119980318    .0
0108900119980319    .0
0108900119980320    .0
0108900119980321    .0
0108900119980322    .0
0108900119980323    .8
0108900119980324    .0
0108900119980325    .0
0108900119980326    .0
0108900119980327    .0
0108900119980328    .0
0108900119980329    .0
0108900119980330    .0
0108900119980331    .0
0108900119980401   2.6
0108900119980402   9.2
0108900119980403  19.2
0108900119980404   3.6
0108900119980405   4.0
0108900119980406   1.4
0108900119980407   7.6
0108900119980408   1.2
0108900119980409  24.6
0108900119980410   6.8
0108900119980411  11.6
0108900119980412   9.8
0108900119980413   1.0
0108900119980414    .0
0108900119980415  16.0
0108900119980416   1.6
0108900119980417  22.0
0108900119980418   5.0
0108900119980419    .4
0108900119980420   4.0
0108900119980421    .0
0108900119980422    .0
0108900119980423    .0
0108900119980424    .0
0108900119980425   1.2
0108900119980426   8.6
0108900119980427  17.6
0108900119980428    .2
0108900119980429    .0
0108900119980430   3.6
0108900119980501    .8
0108900119980502    .4
0108900119980503    .0
0108900119980504    .0
0108900119980505    .0
0108900119980506    .0
0108900119980507    .0
0108900119980508    .0
0108900119980509    .0
0108900119980510    .0
0108900119980511    .0
0108900119980512    .0
0108900119980513    .0
0108900119980514    .0
0108900119980515    .0
0108900119980516    .0
0108900119980517    .0
0108900119980518    .0
0108900119980519    .0
0108900119980520    .0
0108900119980521    .0
0108900119980522    .0
0108900119980523    .0
0108900119980524    .0
0108900119980525    .0
0108900119980526    .2
0108900119980527  22.2
0108900119980528  28.2
0108900119980529    .0
0108900119980530    .0
0108900119980531   6.2
0108900119980601    .0
0108900119980602  14.8
0108900119980603    .0
0108900119980604    .0
0108900119980605    .0
0108900119980606    .6
0108900119980607   6.6
0108900119980608    .0
0108900119980609    .0
0108900119980610  11.2
0108900119980611   5.6
0108900119980612   9.8
0108900119980613   2.0
0108900119980614   5.4
0108900119980615   4.4
0108900119980616    .0
0108900119980617    .0
0108900119980618    .2
0108900119980619    .0
0108900119980620    .0
0108900119980621    .0
0108900119980622    .0
0108900119980623    .0
0108900119980624    .0
0108900119980625   2.2
0108900119980626   3.8
0108900119980627   1.8
0108900119980628    .0
0108900119980629    .0
0108900119980630    .2
0108900119980701  14.6
0108900119980702   6.2
0108900119980703   1.2
0108900119980704    .0
0108900119980705    .0
0108900119980706    .0
0108900119980707    .4
0108900119980708    .0
0108900119980709    .0
0108900119980710    .0
0108900119980711   1.4
0108900119980712    .0
0108900119980713   5.4
0108900119980714    .0
0108900119980715    .0
0108900119980716    .0
0108900119980717    .0
0108900119980718    .0
0108900119980719    .4
0108900119980720    .0
0108900119980721    .0
0108900119980722    .0
0108900119980723    .0
0108900119980724    .0
0108900119980725    .0
0108900119980726   1.4
0108900119980727  19.2
0108900119980728    .0
0108900119980729    .0
0108900119980730    .0
0108900119980731   1.6
0108900119980801  25.0
0108900119980802   9.4
0108900119980803    .0
0108900119980804    .0
0108900119980805    .0
0108900119980806    .0
0108900119980807    .0
0108900119980808    .0
0108900119980809    .0
0108900119980810    .0
0108900119980811    .0
0108900119980812   3.8
0108900119980813    .0
0108900119980814    .0
0108900119980815    .0
0108900119980816    .0
0108900119980817    .0
0108900119980818    .0
0108900119980819    .0
0108900119980820    .0
0108900119980821   2.2
0108900119980822   3.8
0108900119980823    .0
0108900119980824   2.8
0108900119980825    .0
0108900119980826    .0
0108900119980827    .0
0108900119980828    .0
0108900119980829    .0
0108900119980830    .0
0108900119980831    .0
0108900119980901    .0
0108900119980902   4.4
0108900119980903    .0
0108900119980904  64.2
0108900119980905   4.2
0108900119980906    .0
0108900119980907    .6
0108900119980908    .0
0108900119980909    .2
0108900119980910  23.0
0108900119980911  21.2
0108900119980912   5.4
0108900119980913   6.4
0108900119980914    .6
0108900119980915   2.0
0108900119980916    .2
0108900119980917    .0
0108900119980918    .0
0108900119980919    .0
0108900119980920    .0
0108900119980921    .0
0108900119980922    .0
0108900119980923    .0
0108900119980924    .0
0108900119980925   1.6
0108900119980926  18.2
0108900119980927   1.8
0108900119980928   6.8
0108900119980929  10.8
0108900119980930  15.0
0108900119981001   3.6
0108900119981002  20.6
0108900119981003    .4
0108900119981004   3.0
0108900119981005   4.4
0108900119981006  11.6
0108900119981007    .0
0108900119981008    .0
0108900119981009    .0
0108900119981010   2.2
0108900119981011   4.0
0108900119981012    .8
0108900119981013    .0
0108900119981014    .0
0108900119981015    .0
0108900119981016    .0
0108900119981017   7.6
0108900119981018    .0
0108900119981019    .0
0108900119981020    .0
0108900119981021    .0
0108900119981022    .0
0108900119981023   6.8
0108900119981024   9.8
0108900119981025  10.8
0108900119981026   7.8
0108900119981027    .4
0108900119981028    .0
0108900119981029  10.8
0108900119981030   1.2
0108900119981031   3.0
0108900119981101   9.8
0108900119981102    .0
0108900119981103  38.2
0108900119981104    .4
0108900119981105    .0
0108900119981106    .0
0108900119981107    .0
0108900119981108    .0
0108900119981109   1.6
0108900119981110  17.0
0108900119981111    .0
0108900119981112   2.6
0108900119981113    .4
0108900119981114   7.8
0108900119981115   3.4
0108900119981116   1.8
0108900119981117    .0
0108900119981118    .0
0108900119981119    .0
0108900119981120    .0
0108900119981121    .0
0108900119981122    .0
0108900119981123    .0
0108900119981124    .0
0108900119981125   7.6
0108900119981126   5.2
0108900119981127   3.6
0108900119981128   5.2
0108900119981129   9.4
0108900119981130    .0
0108900119981201    .0
0108900119981202    .0
0108900119981203    .0
0108900119981204    .0
0108900119981205   2.6
0108900119981206    .2
0108900119981207    .0
0108900119981208    .0
0108900119981209    .2
0108900119981210  15.8
0108900119981211    .6
0108900119981212   4.8
0108900119981213    .0
0108900119981214    .0
0108900119981215    .0
0108900119981216    .0
0108900119981217    .0
0108900119981218    .0
0108900119981219   1.4
0108900119981220   7.6
0108900119981221    .0
0108900119981222    .0
0108900119981223    .0
0108900119981224   3.2
0108900119981225    .0
0108900119981226    .0
0108900119981227    .0
0108900119981228    .0
0108900119981229    .0
0108900119981230    .0
0108900119981231    .0
