0232000119940101   7.8
0232000119940102    .6
0232000119940103   6.2
0232000119940104   1.4
0232000119940105   5.6
0232000119940106   1.8
0232000119940107    .0
0232000119940108    .0
0232000119940109    .2
0232000119940110   8.2
0232000119940111   1.2
0232000119940112  17.4
0232000119940113    .0
0232000119940114    .0
0232000119940115   8.8
0232000119940116   2.0
0232000119940117    .0
0232000119940118    .0
0232000119940119   4.8
0232000119940120    .4
0232000119940121    .4
0232000119940122   1.4
0232000119940123   3.4
0232000119940124   7.0
0232000119940125   3.6
0232000119940126    .0
0232000119940127   3.0
0232000119940128    .0
0232000119940129    .0
0232000119940130    .8
0232000119940131    .0
0232000119940201    .4
0232000119940202   3.4
0232000119940203   9.8
0232000119940204    .0
0232000119940205    .0
0232000119940206    .0
0232000119940207   3.6
0232000119940208    .2
0232000119940209    .8
0232000119940210    .0
0232000119940211    .0
0232000119940212    .0
0232000119940213    .0
0232000119940214    .0
0232000119940215    .4
0232000119940216    .0
0232000119940217    .0
0232000119940218    .0
0232000119940219    .0
0232000119940220   1.2
0232000119940221    .0
0232000119940222    .8
0232000119940223   5.0
0232000119940224   1.0
0232000119940225    .0
0232000119940226    .0
0232000119940227   2.4
0232000119940228  14.2
0232000119940301    .2
0232000119940302   7.0
0232000119940303    .4
0232000119940304    .0
0232000119940305    .4
0232000119940306    .0
0232000119940307   1.8
0232000119940308    .0
0232000119940309    .0
0232000119940310    .0
0232000119940311    .0
0232000119940312    .4
0232000119940313    .6
0232000119940314    .0
0232000119940315    .6
0232000119940316   2.2
0232000119940317   3.0
0232000119940318  12.0
0232000119940319   6.0
0232000119940320   5.0
0232000119940321   6.4
0232000119940322   1.2
0232000119940323   1.6
0232000119940324   1.6
0232000119940325    .4
0232000119940326    .0
0232000119940327    .0
0232000119940328    .2
0232000119940329    .8
0232000119940330   4.8
0232000119940331   7.0
0232000119940401   3.6
0232000119940402   1.8
0232000119940403  11.8
0232000119940404   2.0
0232000119940405   3.4
0232000119940406    .8
0232000119940407   3.2
0232000119940408   6.2
0232000119940409   5.6
0232000119940410   2.4
0232000119940411    .0
0232000119940412    .0
0232000119940413    .4
0232000119940414   2.2
0232000119940415   3.0
0232000119940416    .6
0232000119940417    .0
0232000119940418    .0
0232000119940419    .0
0232000119940420    .0
0232000119940421    .0
0232000119940422    .0
0232000119940423   5.0
0232000119940424  12.2
0232000119940425   1.6
0232000119940426   8.2
0232000119940427    .0
0232000119940428    .0
0232000119940429    .0
0232000119940430    .0
0232000119940501    .0
0232000119940502    .0
0232000119940503    .0
0232000119940504   5.4
0232000119940505   2.6
0232000119940506    .0
0232000119940507   8.8
0232000119940508    .0
0232000119940509    .0
0232000119940510    .0
0232000119940511    .0
0232000119940512    .0
0232000119940513   1.6
0232000119940514  30.2
0232000119940515   5.2
0232000119940516   2.4
0232000119940517   3.0
0232000119940518  27.4
0232000119940519    .0
0232000119940520   1.4
0232000119940521   8.0
0232000119940522    .0
0232000119940523    .2
0232000119940524   4.2
0232000119940525    .8
0232000119940526  14.4
0232000119940527    .0
0232000119940528    .0
0232000119940529    .0
0232000119940530    .0
0232000119940531    .0
0232000119940601   6.4
0232000119940602   9.4
0232000119940603   2.6
0232000119940604  10.8
0232000119940605    .4
0232000119940606    .4
0232000119940607    .0
0232000119940608    .0
0232000119940609    .4
0232000119940610   1.0
0232000119940611   1.0
0232000119940612    .0
0232000119940613    .0
0232000119940614    .0
0232000119940615    .0
0232000119940616    .0
0232000119940617    .0
0232000119940618    .0
0232000119940619    .0
0232000119940620    .0
0232000119940621    .0
0232000119940622    .0
0232000119940623    .0
0232000119940624    .0
0232000119940625   3.6
0232000119940626    .0
0232000119940627    .0
0232000119940628    .0
0232000119940629    .0
0232000119940630    .0
0232000119940701    .0
0232000119940702    .0
0232000119940703    .0
0232000119940704    .6
0232000119940705    .0
0232000119940706    .8
0232000119940707   1.2
0232000119940708   2.4
0232000119940709    .0
0232000119940710    .0
0232000119940711    .0
0232000119940712    .0
0232000119940713    .8
0232000119940714    .0
0232000119940715    .0
0232000119940716    .0
0232000119940717    .0
0232000119940718    .2
0232000119940719    .0
0232000119940720    .0
0232000119940721    .0
0232000119940722    .0
0232000119940723    .0
0232000119940724    .0
0232000119940725    .6
0232000119940726    .0
0232000119940727   6.6
0232000119940728   3.2
0232000119940729    .0
0232000119940730  11.2
0232000119940731   6.4
0232000119940801    .6
0232000119940802    .0
0232000119940803    .0
0232000119940804    .0
0232000119940805  23.0
0232000119940806    .0
0232000119940807    .0
0232000119940808    .0
0232000119940809  11.0
0232000119940810   6.0
0232000119940811    .2
0232000119940812    .0
0232000119940813  10.4
0232000119940814    .0
0232000119940815    .0
0232000119940816    .0
0232000119940817   3.8
0232000119940818   5.8
0232000119940819  10.6
0232000119940820    .0
0232000119940821    .0
0232000119940822    .8
0232000119940823  12.0
0232000119940824    .0
0232000119940825   3.4
0232000119940826    .8
0232000119940827   7.8
0232000119940828    .0
0232000119940829    .2
0232000119940830    .2
0232000119940831    .2
0232000119940901    .4
0232000119940902    .0
0232000119940903    .0
0232000119940904    .6
0232000119940905   1.2
0232000119940906  19.0
0232000119940907  25.2
0232000119940908    .8
0232000119940909   3.8
0232000119940910    .6
0232000119940911   2.2
0232000119940912    .8
0232000119940913    .0
0232000119940914  17.4
0232000119940915   5.6
0232000119940916   1.0
0232000119940917    .6
0232000119940918    .4
0232000119940919  15.0
0232000119940920  19.4
0232000119940921    .0
0232000119940922    .0
0232000119940923    .0
0232000119940924    .2
0232000119940925    .0
0232000119940926    .6
0232000119940927    .0
0232000119940928    .0
0232000119940929    .0
0232000119940930    .2
0232000119941001    .6
0232000119941002    .4
0232000119941003    .2
0232000119941004    .0
0232000119941005    .0
0232000119941006    .0
0232000119941007    .0
0232000119941008    .0
0232000119941009    .0
0232000119941010    .0
0232000119941011    .0
0232000119941012    .0
0232000119941013    .0
0232000119941014    .0
0232000119941015    .0
0232000119941016    .0
0232000119941017    .0
0232000119941018    .0
0232000119941019   2.0
0232000119941020    .8
0232000119941021   4.0
0232000119941022   4.0
0232000119941023    .6
0232000119941024    .2
0232000119941025   1.2
0232000119941026   2.2
0232000119941027   6.8
0232000119941028    .4
0232000119941029   8.2
0232000119941030   4.8
0232000119941031   1.2
0232000119941101    .0
0232000119941102    .0
0232000119941103    .0
0232000119941104    .8
0232000119941105    .4
0232000119941106    .0
0232000119941107    .0
0232000119941108    .0
0232000119941109    .8
0232000119941110   1.4
0232000119941111   1.0
0232000119941112   4.8
0232000119941113    .0
0232000119941114   6.0
0232000119941115    .2
0232000119941116   1.0
0232000119941117    .6
0232000119941118   8.4
0232000119941119    .0
0232000119941120    .0
0232000119941121   3.8
0232000119941122    .0
0232000119941123    .0
0232000119941124    .0
0232000119941125    .4
0232000119941126   1.0
0232000119941127    .0
0232000119941128    .0
0232000119941129    .0
0232000119941130    .0
0232000119941201    .0
0232000119941202    .0
0232000119941203   2.6
0232000119941204   1.8
0232000119941205   3.6
0232000119941206    .2
0232000119941207   5.4
0232000119941208   3.8
0232000119941209    .0
0232000119941210    .2
0232000119941211    .0
0232000119941212    .0
0232000119941213   3.0
0232000119941214    .0
0232000119941215    .0
0232000119941216    .0
0232000119941217    .0
0232000119941218   4.2
0232000119941219    .0
0232000119941220    .2
0232000119941221    .6
0232000119941222    .0
0232000119941223    .0
0232000119941224    .0
0232000119941225    .0
0232000119941226   1.8
0232000119941227  12.8
0232000119941228   4.4
0232000119941229   7.8
0232000119941230    .0
0232000119941231   1.6
0232000119950101    .4
0232000119950102    .6
0232000119950103    .0
0232000119950104    .0
0232000119950105   1.4
0232000119950106    .0
0232000119950107    .0
0232000119950108   5.4
0232000119950109    .0
0232000119950110  11.4
0232000119950111    .0
0232000119950112   6.4
0232000119950113    .0
0232000119950114    .4
0232000119950115    .0
0232000119950116    .0
0232000119950117   3.8
0232000119950118   2.4
0232000119950119   2.6
0232000119950120    .2
0232000119950121   8.4
0232000119950122  15.8
0232000119950123    .4
0232000119950124  13.0
0232000119950125  13.2
0232000119950126  13.4
0232000119950127   8.8
0232000119950128   2.0
0232000119950129  29.2
0232000119950130    .0
0232000119950131    .2
0232000119950201   2.4
0232000119950202    .0
0232000119950203   6.4
0232000119950204   1.4
0232000119950205   1.0
0232000119950206    .4
0232000119950207    .4
0232000119950208   6.0
0232000119950209    .4
0232000119950210   7.2
0232000119950211   3.2
0232000119950212    .2
0232000119950213   5.6
0232000119950214   5.2
0232000119950215   4.0
0232000119950216   5.6
0232000119950217   3.6
0232000119950218   1.6
0232000119950219   4.0
0232000119950220    .4
0232000119950221   2.4
0232000119950222   2.0
0232000119950223   8.2
0232000119950224   1.4
0232000119950225   4.0
0232000119950226   2.2
0232000119950227   1.2
0232000119950228    .0
0232000119950301   1.4
0232000119950302   7.4
0232000119950303    .2
0232000119950304    .2
0232000119950305   7.6
0232000119950306   1.2
0232000119950307   4.6
0232000119950308   1.8
0232000119950309    .0
0232000119950310    .0
0232000119950311    .0
0232000119950312    .0
0232000119950313    .0
0232000119950314   6.2
0232000119950315   2.8
0232000119950316  11.4
0232000119950317   3.0
0232000119950318   3.4
0232000119950319    .2
0232000119950320    .0
0232000119950321    .0
0232000119950322    .0
0232000119950323    .0
0232000119950324    .0
0232000119950325    .6
0232000119950326   3.4
0232000119950327   4.0
0232000119950328   7.4
0232000119950329    .6
0232000119950330    .0
0232000119950331   3.0
0232000119950401    .0
0232000119950402    .0
0232000119950403    .0
0232000119950404    .0
0232000119950405    .0
0232000119950406    .0
0232000119950407    .0
0232000119950408    .0
0232000119950409    .0
0232000119950410    .0
0232000119950411    .0
0232000119950412    .0
0232000119950413    .0
0232000119950414    .0
0232000119950415    .0
0232000119950416    .4
0232000119950417   5.6
0232000119950418   3.4
0232000119950419    .0
0232000119950420    .2
0232000119950421   8.2
0232000119950422    .0
0232000119950423   1.8
0232000119950424  17.8
0232000119950425  16.6
0232000119950426    .0
0232000119950427    .0
0232000119950428    .0
0232000119950429   7.8
0232000119950430    .0
0232000119950501    .0
0232000119950502    .0
0232000119950503    .0
0232000119950504    .0
0232000119950505    .0
0232000119950506    .0
0232000119950507    .0
0232000119950508    .0
0232000119950509    .0
0232000119950510    .0
0232000119950511    .0
0232000119950512   8.0
0232000119950513    .4
0232000119950514    .0
0232000119950515    .0
0232000119950516   7.0
0232000119950517   1.6
0232000119950518    .0
0232000119950519   2.4
0232000119950520    .0
0232000119950521    .0
0232000119950522    .0
0232000119950523   1.0
0232000119950524   1.6
0232000119950525   4.4
0232000119950526    .0
0232000119950527    .0
0232000119950528  15.0
0232000119950529   3.6
0232000119950530    .0
0232000119950531    .0
0232000119950601    .2
0232000119950602    .0
0232000119950603   5.4
0232000119950604  13.2
0232000119950605   3.4
0232000119950606    .0
0232000119950607   1.4
0232000119950608    .2
0232000119950609    .2
0232000119950610    .2
0232000119950611    .0
0232000119950612    .4
0232000119950613    .2
0232000119950614    .2
0232000119950615    .4
0232000119950616    .0
0232000119950617   1.6
0232000119950618    .2
0232000119950619    .0
0232000119950620    .2
0232000119950621    .0
0232000119950622    .0
0232000119950623    .0
0232000119950624    .0
0232000119950625    .0
0232000119950626    .0
0232000119950627    .0
0232000119950628    .0
0232000119950629    .0
0232000119950630    .0
0232000119950701   1.0
0232000119950702  21.8
0232000119950703  10.0
0232000119950704    .0
0232000119950705    .0
0232000119950706    .0
0232000119950707    .0
0232000119950708    .0
0232000119950709    .0
0232000119950710    .0
0232000119950711   3.4
0232000119950712    .0
0232000119950713   2.4
0232000119950714    .8
0232000119950715  11.2
0232000119950716   5.0
0232000119950717   5.0
0232000119950718    .0
0232000119950719    .0
0232000119950720    .0
0232000119950721    .0
0232000119950722   1.8
0232000119950723    .0
0232000119950724    .0
0232000119950725    .0
0232000119950726    .0
0232000119950727   4.2
0232000119950728    .0
0232000119950729    .0
0232000119950730    .0
0232000119950731    .0
0232000119950801    .0
0232000119950802    .0
0232000119950803    .0
0232000119950804    .0
0232000119950805    .0
0232000119950806  62.8
0232000119950807    .0
0232000119950808    .0
0232000119950809    .0
0232000119950810    .0
0232000119950811    .0
0232000119950812    .0
0232000119950813    .4
0232000119950814    .0
0232000119950815    .0
0232000119950816    .0
0232000119950817    .0
0232000119950818    .0
0232000119950819    .0
0232000119950820    .0
0232000119950821    .0
0232000119950822    .0
0232000119950823   2.0
0232000119950824    .0
0232000119950825    .0
0232000119950826    .0
0232000119950827    .0
0232000119950828   3.0
0232000119950829    .0
0232000119950830   1.6
0232000119950831    .0
0232000119950901    .0
0232000119950902   6.4
0232000119950903    .8
0232000119950904    .0
0232000119950905    .0
0232000119950906   7.2
0232000119950907  20.6
0232000119950908   2.0
0232000119950909   1.4
0232000119950910   7.4
0232000119950911    .6
0232000119950912    .0
0232000119950913    .0
0232000119950914   3.4
0232000119950915   9.8
0232000119950916   2.4
0232000119950917    .6
0232000119950918   4.4
0232000119950919    .0
0232000119950920   1.4
0232000119950921    .0
0232000119950922    .0
0232000119950923    .0
0232000119950924   2.8
0232000119950925    .0
0232000119950926   4.0
0232000119950927   5.4
0232000119950928    .0
0232000119950929    .0
0232000119950930   3.8
0232000119951001    .8
0232000119951002   6.8
0232000119951003    .0
0232000119951004   3.8
0232000119951005    .0
0232000119951006    .0
0232000119951007    .0
0232000119951008    .0
0232000119951009    .0
0232000119951010    .0
0232000119951011    .0
0232000119951012    .0
0232000119951013    .0
0232000119951014    .0
0232000119951015   6.8
0232000119951016    .0
0232000119951017    .0
0232000119951018    .0
0232000119951019    .0
0232000119951020    .0
0232000119951021    .0
0232000119951022    .0
0232000119951023    .0
0232000119951024    .0
0232000119951025    .0
0232000119951026    .2
0232000119951027    .0
0232000119951028    .4
0232000119951029    .0
0232000119951030    .0
0232000119951031    .0
0232000119951101   2.6
0232000119951102    .0
0232000119951103    .4
0232000119951104    .0
0232000119951105    .0
0232000119951106    .0
0232000119951107    .0
0232000119951108    .0
0232000119951109    .0
0232000119951110    .2
0232000119951111    .0
0232000119951112    .0
0232000119951113    .0
0232000119951114    .6
0232000119951115   3.6
0232000119951116   2.0
0232000119951117   2.4
0232000119951118    .0
0232000119951119    .0
0232000119951120    .0
0232000119951121    .4
0232000119951122    .0
0232000119951123    .0
0232000119951124    .0
0232000119951125    .0
0232000119951126   1.4
0232000119951127    .0
0232000119951128    .0
0232000119951129    .0
0232000119951130    .0
0232000119951201    .6
0232000119951202    .6
0232000119951203    .8
0232000119951204    .0
0232000119951205    .0
0232000119951206    .0
0232000119951207    .0
0232000119951208    .4
0232000119951209    .0
0232000119951210    .0
0232000119951211    .0
0232000119951212    .0
0232000119951213    .0
0232000119951214    .0
0232000119951215    .0
0232000119951216    .0
0232000119951217    .0
0232000119951218    .0
0232000119951219   2.2
0232000119951220   4.8
0232000119951221  11.2
0232000119951222  14.2
0232000119951223   8.6
0232000119951224    .2
0232000119951225    .0
0232000119951226    .0
0232000119951227    .0
0232000119951228    .0
0232000119951229    .0
0232000119951230   4.4
0232000119951231    .4
0232000119960101    .0
0232000119960102    .0
0232000119960103    .0
0232000119960104    .0
0232000119960105    .8
0232000119960106   6.8
0232000119960107    .2
0232000119960108    .0
0232000119960109   1.8
0232000119960110   7.4
0232000119960111   2.2
0232000119960112    .0
0232000119960113    .0
0232000119960114    .0
0232000119960115    .0
0232000119960116    .0
0232000119960117    .0
0232000119960118    .0
0232000119960119    .0
0232000119960120    .0
0232000119960121    .0
0232000119960122    .2
0232000119960123   4.2
0232000119960124    .0
0232000119960125    .0
0232000119960126    .0
0232000119960127    .4
0232000119960128    .0
0232000119960129    .0
0232000119960130    .0
0232000119960131    .0
0232000119960201    .0
0232000119960202    .0
0232000119960203    .0
0232000119960204    .0
0232000119960205    .0
0232000119960206    .0
0232000119960207    .0
0232000119960208   1.0
0232000119960209    .0
0232000119960210    .0
0232000119960211   1.6
0232000119960212  12.0
0232000119960213    .2
0232000119960214    .0
0232000119960215    .0
0232000119960216    .0
0232000119960217    .6
0232000119960218   7.2
0232000119960219   1.8
0232000119960220    .0
0232000119960221    .0
0232000119960222    .2
0232000119960223    .0
0232000119960224   1.2
0232000119960225   2.8
0232000119960226   3.8
0232000119960227    .0
0232000119960228    .2
0232000119960229    .0
0232000119960301    .4
0232000119960302   1.8
0232000119960303    .2
0232000119960304   1.6
0232000119960305    .0
0232000119960306    .4
0232000119960307    .6
0232000119960308    .0
0232000119960309    .0
0232000119960310    .0
0232000119960311    .0
0232000119960312    .0
0232000119960313    .0
0232000119960314    .0
0232000119960315    .0
0232000119960316    .0
0232000119960317    .0
0232000119960318    .0
0232000119960319    .0
0232000119960320   3.8
0232000119960321  10.0
0232000119960322   6.0
0232000119960323    .0
0232000119960324    .0
0232000119960325    .4
0232000119960326    .4
0232000119960327    .0
0232000119960328    .2
0232000119960329    .2
0232000119960330    .6
0232000119960331    .2
0232000119960401    .0
0232000119960402    .0
0232000119960403    .0
0232000119960404    .0
0232000119960405    .0
0232000119960406    .0
0232000119960407    .0
0232000119960408    .0
0232000119960409    .0
0232000119960410    .6
0232000119960411   1.2
0232000119960412   1.8
0232000119960413    .0
0232000119960414    .0
0232000119960415    .0
0232000119960416    .0
0232000119960417    .0
0232000119960418    .0
0232000119960419    .0
0232000119960420    .0
0232000119960421    .0
0232000119960422    .2
0232000119960423    .0
0232000119960424   1.8
0232000119960425    .0
0232000119960426    .0
0232000119960427    .0
0232000119960428    .0
0232000119960429    .0
0232000119960430    .0
0232000119960501   1.0
0232000119960502  10.8
0232000119960503    .4
0232000119960504    .0
0232000119960505    .0
0232000119960506    .0
0232000119960507   4.0
0232000119960508   9.0
0232000119960509    .0
0232000119960510    .0
0232000119960511    .0
0232000119960512    .0
0232000119960513    .0
0232000119960514  11.4
0232000119960515    .0
0232000119960516   3.6
0232000119960517   3.6
0232000119960518   2.8
0232000119960519    .4
0232000119960520   2.6
0232000119960521   3.4
0232000119960522   1.4
0232000119960523    .0
0232000119960524    .0
0232000119960525   7.8
0232000119960526   6.8
0232000119960527   1.2
0232000119960528    .0
0232000119960529    .0
0232000119960530    .0
0232000119960531   3.6
0232000119960601    .0
0232000119960602    .0
0232000119960603    .0
0232000119960604    .0
0232000119960605    .0
0232000119960606    .0
0232000119960607    .4
0232000119960608    .0
0232000119960609    .0
0232000119960610  29.0
0232000119960611    .0
0232000119960612    .0
0232000119960613    .0
0232000119960614    .0
0232000119960615    .0
0232000119960616    .0
0232000119960617    .0
0232000119960618    .0
0232000119960619   3.6
0232000119960620   5.8
0232000119960621    .0
0232000119960622   7.8
0232000119960623    .0
0232000119960624   1.0
0232000119960625    .0
0232000119960626    .0
0232000119960627    .0
0232000119960628   1.6
0232000119960629    .2
0232000119960630    .8
0232000119960701   2.4
0232000119960702   1.2
0232000119960703   2.8
0232000119960704   1.0
0232000119960705   4.6
0232000119960706    .2
0232000119960707    .0
0232000119960708    .0
0232000119960709   1.4
0232000119960710    .0
0232000119960711    .0
0232000119960712    .0
0232000119960713    .0
0232000119960714    .0
0232000119960715    .0
0232000119960716    .0
0232000119960717    .0
0232000119960718    .0
0232000119960719    .0
0232000119960720    .0
0232000119960721    .0
0232000119960722    .0
0232000119960723    .0
0232000119960724    .6
0232000119960725    .0
0232000119960726    .0
0232000119960727    .0
0232000119960728    .0
0232000119960729    .8
0232000119960730    .0
0232000119960731    .0
0232000119960801    .0
0232000119960802    .0
0232000119960803    .0
0232000119960804    .0
0232000119960805    .2
0232000119960806   6.0
0232000119960807    .0
0232000119960808    .0
0232000119960809    .0
0232000119960810   6.4
0232000119960811   7.8
0232000119960812   9.0
0232000119960813  13.8
0232000119960814    .0
0232000119960815    .0
0232000119960816    .2
0232000119960817    .0
0232000119960818    .0
0232000119960819    .0
0232000119960820  10.2
0232000119960821    .0
0232000119960822    .0
0232000119960823    .4
0232000119960824  10.0
0232000119960825   2.0
0232000119960826    .0
0232000119960827  33.2
0232000119960828   1.2
0232000119960829  29.2
0232000119960830    .2
0232000119960831   1.8
0232000119960901    .0
0232000119960902    .0
0232000119960903    .0
0232000119960904    .0
0232000119960905    .0
0232000119960906    .0
0232000119960907    .0
0232000119960908    .0
0232000119960909    .0
0232000119960910    .2
0232000119960911    .2
0232000119960912   2.8
0232000119960913    .8
0232000119960914    .0
0232000119960915    .0
0232000119960916    .0
0232000119960917    .0
0232000119960918    .0
0232000119960919   1.6
0232000119960920   1.4
0232000119960921    .0
0232000119960922    .0
0232000119960923    .0
0232000119960924    .0
0232000119960925    .4
0232000119960926   2.4
0232000119960927   2.4
0232000119960928    .0
0232000119960929    .0
0232000119960930   3.6
0232000119961001   6.6
0232000119961002    .8
0232000119961003    .0
0232000119961004    .4
0232000119961005    .6
0232000119961006    .0
0232000119961007    .0
0232000119961008    .0
0232000119961009   1.2
0232000119961010    .4
0232000119961011    .0
0232000119961012    .4
0232000119961013    .0
0232000119961014   4.2
0232000119961015   2.0
0232000119961016    .4
0232000119961017   5.4
0232000119961018   3.2
0232000119961019    .2
0232000119961020   1.6
0232000119961021    .2
0232000119961022    .2
0232000119961023    .0
0232000119961024    .2
0232000119961025    .4
0232000119961026    .2
0232000119961027    .6
0232000119961028   3.0
0232000119961029   2.8
0232000119961030    .0
0232000119961031   4.6
0232000119961101    .0
0232000119961102    .0
0232000119961103    .0
0232000119961104   8.0
0232000119961105    .2
0232000119961106   5.8
0232000119961107   3.2
0232000119961108    .0
0232000119961109   3.8
0232000119961110   2.0
0232000119961111  10.6
0232000119961112    .8
0232000119961113    .2
0232000119961114    .0
0232000119961115    .0
0232000119961116    .0
0232000119961117    .0
0232000119961118    .8
0232000119961119   6.8
0232000119961120  16.0
0232000119961121    .0
0232000119961122    .4
0232000119961123   7.8
0232000119961124   8.4
0232000119961125   6.0
0232000119961126   2.4
0232000119961127    .0
0232000119961128   1.0
0232000119961129  15.2
0232000119961130   1.6
0232000119961201   1.2
0232000119961202    .2
0232000119961203  13.6
0232000119961204    .0
0232000119961205    .8
0232000119961206   1.6
0232000119961207    .0
0232000119961208    .0
0232000119961209    .0
0232000119961210    .0
0232000119961211    .0
0232000119961212   3.0
0232000119961213   3.8
0232000119961214    .0
0232000119961215    .8
0232000119961216    .2
0232000119961217   6.8
0232000119961218   7.8
0232000119961219   2.6
0232000119961220  10.0
0232000119961221    .0
0232000119961222   3.6
0232000119961223   1.2
0232000119961224    .0
0232000119961225    .0
0232000119961226    .0
0232000119961227    .0
0232000119961228    .0
0232000119961229   1.4
0232000119961230    .2
0232000119961231    .0
0232000119970101    .0
0232000119970102    .0
0232000119970103    .0
0232000119970104    .0
0232000119970105    .0
0232000119970106    .0
0232000119970107    .0
0232000119970108    .4
0232000119970109    .2
0232000119970110    .0
0232000119970111    .0
0232000119970112    .0
0232000119970113    .0
0232000119970114    .0
0232000119970115    .0
0232000119970116    .0
0232000119970117    .2
0232000119970118   2.2
0232000119970119    .0
0232000119970120    .2
0232000119970121    .0
0232000119970122    .0
0232000119970123    .6
0232000119970124    .8
0232000119970125    .0
0232000119970126    .0
0232000119970127    .0
0232000119970128    .0
0232000119970129    .0
0232000119970130    .0
0232000119970131    .0
0232000119970201    .0
0232000119970202    .2
0232000119970203    .0
0232000119970204  10.6
0232000119970205    .8
0232000119970206    .0
0232000119970207    .0
0232000119970208   1.8
0232000119970209    .0
0232000119970210   3.0
0232000119970211   4.2
0232000119970212   8.6
0232000119970213    .8
0232000119970214   9.6
0232000119970215    .0
0232000119970216   1.8
0232000119970217   4.2
0232000119970218   4.4
0232000119970219    .2
0232000119970220    .0
0232000119970221    .2
0232000119970222    .0
0232000119970223    .0
0232000119970224  11.6
0232000119970225    .4
0232000119970226   2.0
0232000119970227    .0
0232000119970228    .0
0232000119970301    .0
0232000119970302   2.4
0232000119970303   4.2
0232000119970304    .8
0232000119970305   1.4
0232000119970306    .2
0232000119970307    .2
0232000119970308    .2
0232000119970309    .2
0232000119970310    .2
0232000119970311    .0
0232000119970312    .2
0232000119970313    .0
0232000119970314    .4
0232000119970315    .4
0232000119970316    .0
0232000119970317    .2
0232000119970318    .8
0232000119970319   1.0
0232000119970320    .2
0232000119970321    .0
0232000119970322    .2
0232000119970323    .2
0232000119970324    .0
0232000119970325    .4
0232000119970326    .2
0232000119970327    .0
0232000119970328    .0
0232000119970329    .0
0232000119970330    .0
0232000119970331    .0
0232000119970401    .0
0232000119970402    .0
0232000119970403   1.4
0232000119970404    .0
0232000119970405    .0
0232000119970406    .0
0232000119970407    .0
0232000119970408    .0
0232000119970409    .0
0232000119970410    .0
0232000119970411    .0
0232000119970412    .0
0232000119970413    .0
0232000119970414    .0
0232000119970415    .0
0232000119970416    .0
0232000119970417    .0
0232000119970418    .0
0232000119970419    .0
0232000119970420    .0
0232000119970421    .0
0232000119970422    .0
0232000119970423    .0
0232000119970424    .0
0232000119970425   5.2
0232000119970426   5.4
0232000119970427   2.8
0232000119970428    .8
0232000119970429    .0
0232000119970430    .0
0232000119970501    .2
0232000119970502    .0
0232000119970503    .2
0232000119970504   1.4
0232000119970505   4.2
0232000119970506   6.4
0232000119970507    .4
0232000119970508   6.4
0232000119970509   2.8
0232000119970510   1.6
0232000119970511    .2
0232000119970512   2.2
0232000119970513  10.2
0232000119970514   1.0
0232000119970515    .0
0232000119970516    .0
0232000119970517   7.4
0232000119970518   4.0
0232000119970519    .2
0232000119970520   7.2
0232000119970521   5.2
0232000119970522    .0
0232000119970523    .0
0232000119970524    .0
0232000119970525    .0
0232000119970526    .0
0232000119970527    .0
0232000119970528    .0
0232000119970529    .0
0232000119970530    .0
0232000119970531    .0
0232000119970601    .0
0232000119970602    .0
0232000119970603    .0
0232000119970604    .0
0232000119970605    .2
0232000119970606    .0
0232000119970607  13.2
0232000119970608    .2
0232000119970609    .0
0232000119970610    .0
0232000119970611  22.4
0232000119970612   3.2
0232000119970613   4.0
0232000119970614   4.2
0232000119970615    .2
0232000119970616   1.4
0232000119970617    .0
0232000119970618    .0
0232000119970619   4.0
0232000119970620   2.6
0232000119970621  15.0
0232000119970622  12.2
0232000119970623   1.0
0232000119970624   1.2
0232000119970625   7.6
0232000119970626   8.8
0232000119970627    .0
0232000119970628    .0
0232000119970629    .8
0232000119970630   1.4
0232000119970701   1.0
0232000119970702   5.8
0232000119970703   4.6
0232000119970704   1.6
0232000119970705    .0
0232000119970706    .0
0232000119970707    .2
0232000119970708    .0
0232000119970709    .0
0232000119970710    .2
0232000119970711    .0
0232000119970712    .2
0232000119970713   1.0
0232000119970714    .2
0232000119970715    .0
0232000119970716    .2
0232000119970717   2.4
0232000119970718   6.0
0232000119970719    .0
0232000119970720    .2
0232000119970721    .0
0232000119970722    .2
0232000119970723    .0
0232000119970724    .0
0232000119970725    .2
0232000119970726   1.6
0232000119970727    .0
0232000119970728    .2
0232000119970729    .0
0232000119970730    .0
0232000119970731  14.0
0232000119970801   6.4
0232000119970802   1.2
0232000119970803    .2
0232000119970804    .0
0232000119970805   7.8
0232000119970806   4.6
0232000119970807  33.2
0232000119970808    .0
0232000119970809    .0
0232000119970810    .0
0232000119970811    .0
0232000119970812    .0
0232000119970813  15.2
0232000119970814    .0
0232000119970815    .0
0232000119970816    .0
0232000119970817    .0
0232000119970818    .0
0232000119970819    .0
0232000119970820    .0
0232000119970821    .0
0232000119970822    .4
0232000119970823    .0
0232000119970824    .0
0232000119970825   2.0
0232000119970826    .0
0232000119970827  12.4
0232000119970828   4.4
0232000119970829   3.8
0232000119970830   3.0
0232000119970831    .0
0232000119970901   6.0
0232000119970902    .2
0232000119970903    .0
0232000119970904    .0
0232000119970905    .2
0232000119970906    .0
0232000119970907    .2
0232000119970908    .2
0232000119970909    .2
0232000119970910    .0
0232000119970911    .0
0232000119970912   2.4
0232000119970913    .0
0232000119970914    .2
0232000119970915    .0
0232000119970916    .0
0232000119970917    .0
0232000119970918    .0
0232000119970919    .0
0232000119970920    .0
0232000119970921    .0
0232000119970922    .0
0232000119970923    .0
0232000119970924    .0
0232000119970925    .0
0232000119970926    .0
0232000119970927    .0
0232000119970928    .0
0232000119970929    .0
0232000119970930    .2
0232000119971001    .0
0232000119971002    .0
0232000119971003    .2
0232000119971004    .2
0232000119971005    .2
0232000119971006  17.4
0232000119971007   2.2
0232000119971008  11.0
0232000119971009    .8
0232000119971010  13.0
0232000119971011  13.0
0232000119971012    .2
0232000119971013   2.4
0232000119971014   1.0
0232000119971015   7.4
0232000119971016    .0
0232000119971017    .2
0232000119971018    .2
0232000119971019    .2
0232000119971020    .0
0232000119971021    .0
0232000119971022    .2
0232000119971023    .0
0232000119971024    .0
0232000119971025    .2
0232000119971026    .0
0232000119971027    .2
0232000119971028    .0
0232000119971029    .0
0232000119971030    .0
0232000119971031    .0
0232000119971101    .0
0232000119971102    .2
0232000119971103    .2
0232000119971104   4.6
0232000119971105   3.4
0232000119971106   8.4
0232000119971107    .8
0232000119971108    .8
0232000119971109    .6
0232000119971110   1.2
0232000119971111   1.2
0232000119971112    .4
0232000119971113    .0
0232000119971114    .0
0232000119971115  17.8
0232000119971116   1.2
0232000119971117    .0
0232000119971118    .4
0232000119971119   1.4
0232000119971120   2.8
0232000119971121    .2
0232000119971122   4.8
0232000119971123    .0
0232000119971124    .0
0232000119971125    .0
0232000119971126    .6
0232000119971127   4.8
0232000119971128   8.4
0232000119971129   7.0
0232000119971130   1.8
0232000119971201   1.0
0232000119971202    .8
0232000119971203    .0
0232000119971204    .0
0232000119971205    .0
0232000119971206    .0
0232000119971207   2.0
0232000119971208    .0
0232000119971209    .8
0232000119971210   6.0
0232000119971211   3.0
0232000119971212    .0
0232000119971213    .0
0232000119971214    .4
0232000119971215    .0
0232000119971216    .0
0232000119971217    .4
0232000119971218  12.0
0232000119971219   2.0
0232000119971220    .2
0232000119971221    .0
0232000119971222    .2
0232000119971223   3.0
0232000119971224   5.2
0232000119971225   4.6
0232000119971226   8.2
0232000119971227    .2
0232000119971228    .4
0232000119971229    .0
0232000119971230   1.8
0232000119971231   3.0
0232000119980101   3.4
0232000119980102   9.0
0232000119980103   8.0
0232000119980104   6.2
0232000119980105   5.6
0232000119980106   4.8
0232000119980107    .0
0232000119980108    .0
0232000119980109    .2
0232000119980110    .2
0232000119980111    .0
0232000119980112    .0
0232000119980113    .2
0232000119980114    .2
0232000119980115   4.4
0232000119980116    .0
0232000119980117    .2
0232000119980118  11.2
0232000119980119   1.8
0232000119980120   1.0
0232000119980121    .0
0232000119980122    .0
0232000119980123    .0
0232000119980124    .0
0232000119980125    .0
0232000119980126    .0
0232000119980127    .0
0232000119980128    .2
0232000119980129    .0
0232000119980130    .0
0232000119980131    .2
0232000119980201    .0
0232000119980202    .0
0232000119980203    .0
0232000119980204    .4
0232000119980205    .2
0232000119980206    .0
0232000119980207   2.8
0232000119980208    .0
0232000119980209    .2
0232000119980210    .0
0232000119980211    .2
0232000119980212    .0
0232000119980213    .0
0232000119980214    .2
0232000119980215    .2
0232000119980216    .0
0232000119980217    .0
0232000119980218    .2
0232000119980219    .2
0232000119980220    .0
0232000119980221   1.6
0232000119980222   3.6
0232000119980223   1.8
0232000119980224    .2
0232000119980225    .0
0232000119980226    .0
0232000119980227    .0
0232000119980228    .8
0232000119980301    .0
0232000119980302    .0
0232000119980303    .2
0232000119980304   7.8
0232000119980305    .0
0232000119980306   4.2
0232000119980307  11.6
0232000119980308   2.4
0232000119980309    .0
0232000119980310   3.4
0232000119980311   1.8
0232000119980312    .2
0232000119980313    .6
0232000119980314    .0
0232000119980315    .0
0232000119980316    .0
0232000119980317    .0
0232000119980318    .0
0232000119980319    .0
0232000119980320    .0
0232000119980321    .0
0232000119980322    .0
0232000119980323    .2
0232000119980324    .0
0232000119980325    .0
0232000119980326   4.8
0232000119980327    .2
0232000119980328    .0
0232000119980329    .0
0232000119980330    .0
0232000119980331    .0
0232000119980401    .0
0232000119980402   9.0
0232000119980403   2.8
0232000119980404   4.2
0232000119980405   3.4
0232000119980406   2.6
0232000119980407  18.4
0232000119980408   1.4
0232000119980409   1.8
0232000119980410   1.6
0232000119980411   5.2
0232000119980412    .0
0232000119980413   1.0
0232000119980414   3.6
0232000119980415   2.8
0232000119980416   3.0
0232000119980417  13.6
0232000119980418    .0
0232000119980419   2.6
0232000119980420   1.6
0232000119980421    .0
0232000119980422    .0
0232000119980423   2.0
0232000119980424    .0
0232000119980425  13.2
0232000119980426   1.8
0232000119980427   2.0
0232000119980428   1.6
0232000119980429    .0
0232000119980430    .0
0232000119980501    .0
0232000119980502   2.2
0232000119980503    .0
0232000119980504    .2
0232000119980505    .2
0232000119980506    .8
0232000119980507    .0
0232000119980508    .2
0232000119980509    .0
0232000119980510    .0
0232000119980511    .0
0232000119980512    .0
0232000119980513    .0
0232000119980514    .4
0232000119980515    .0
0232000119980516    .0
0232000119980517    .0
0232000119980518    .0
0232000119980519    .0
0232000119980520    .0
0232000119980521    .0
0232000119980522    .0
0232000119980523    .2
0232000119980524    .6
0232000119980525    .0
0232000119980526   3.8
0232000119980527   3.2
0232000119980528   1.2
0232000119980529    .0
0232000119980530    .0
0232000119980531    .2
0232000119980601    .4
0232000119980602    .6
0232000119980603    .0
0232000119980604   1.0
0232000119980605   8.0
0232000119980606  20.8
0232000119980607   1.0
0232000119980608   1.4
0232000119980609  11.0
0232000119980610   4.4
0232000119980611   8.2
0232000119980612   1.0
0232000119980613   6.4
0232000119980614   1.4
0232000119980615    .4
0232000119980616   5.2
0232000119980617    .0
0232000119980618    .0
0232000119980619    .0
0232000119980620    .0
0232000119980621    .2
0232000119980622    .0
0232000119980623    .0
0232000119980624    .0
0232000119980625    .8
0232000119980626    .0
0232000119980627   2.2
0232000119980628    .0
0232000119980629    .2
0232000119980630   3.6
0232000119980701    .0
0232000119980702    .0
0232000119980703    .0
0232000119980704    .2
0232000119980705    .0
0232000119980706   5.4
0232000119980707   1.2
0232000119980708    .0
0232000119980709   2.4
0232000119980710    .8
0232000119980711   3.6
0232000119980712   8.8
0232000119980713   6.8
0232000119980714    .0
0232000119980715   2.8
0232000119980716   3.2
0232000119980717   2.8
0232000119980718    .2
0232000119980719    .0
0232000119980720    .6
0232000119980721   2.6
0232000119980722    .2
0232000119980723    .2
0232000119980724    .2
0232000119980725    .0
0232000119980726    .0
0232000119980727    .6
0232000119980728   1.6
0232000119980729   4.4
0232000119980730    .0
0232000119980731   2.8
0232000119980801    .2
0232000119980802  17.0
0232000119980803   1.0
0232000119980804   1.2
0232000119980805    .0
0232000119980806    .0
0232000119980807    .0
0232000119980808    .0
0232000119980809    .0
0232000119980810    .0
0232000119980811    .0
0232000119980812    .0
0232000119980813    .0
0232000119980814    .0
0232000119980815    .2
0232000119980816    .0
0232000119980817    .0
0232000119980818    .0
0232000119980819    .2
0232000119980820   2.4
0232000119980821    .8
0232000119980822   4.6
0232000119980823   8.0
0232000119980824    .6
0232000119980825    .2
0232000119980826   1.0
0232000119980827    .0
0232000119980828    .0
0232000119980829    .0
0232000119980830    .4
0232000119980831    .0
0232000119980901    .8
0232000119980902  15.8
0232000119980903   5.6
0232000119980904   5.8
0232000119980905   1.8
0232000119980906    .4
0232000119980907   5.2
0232000119980908   5.4
0232000119980909   1.8
0232000119980910   4.2
0232000119980911   3.8
0232000119980912   4.2
0232000119980913   4.2
0232000119980914    .0
0232000119980915   2.0
0232000119980916    .0
0232000119980917    .0
0232000119980918    .0
0232000119980919    .0
0232000119980920    .0
0232000119980921    .0
0232000119980922    .0
0232000119980923    .0
0232000119980924    .0
0232000119980925    .0
0232000119980926  10.6
0232000119980927   2.4
0232000119980928    .0
0232000119980929   5.0
0232000119980930    .2
0232000119981001    .0
0232000119981002    .0
0232000119981003    .6
0232000119981004    .4
0232000119981005    .2
0232000119981006    .0
0232000119981007   1.0
0232000119981008  10.0
0232000119981009   9.6
0232000119981010   1.8
0232000119981011   4.6
0232000119981012    .0
0232000119981013    .8
0232000119981014   3.0
0232000119981015    .0
0232000119981016    .4
0232000119981017   1.6
0232000119981018    .0
0232000119981019    .0
0232000119981020    .4
0232000119981021    .0
0232000119981022    .0
0232000119981023   8.0
0232000119981024  22.6
0232000119981025   2.4
0232000119981026   7.2
0232000119981027    .0
0232000119981028   6.4
0232000119981029   8.6
0232000119981030   1.8
0232000119981031  22.0
0232000119981101    .0
0232000119981102   2.6
0232000119981103    .0
0232000119981104    .2
0232000119981105    .2
0232000119981106    .8
0232000119981107    .0
0232000119981108   7.2
0232000119981109   1.0
0232000119981110   1.0
0232000119981111    .2
0232000119981112   1.6
0232000119981113   9.4
0232000119981114   7.4
0232000119981115    .4
0232000119981116   1.2
0232000119981117    .2
0232000119981118    .4
0232000119981119    .6
0232000119981120    .2
0232000119981121    .0
0232000119981122    .0
0232000119981123    .0
0232000119981124    .0
0232000119981125   3.6
0232000119981126   4.2
0232000119981127    .0
0232000119981128  10.6
0232000119981129   2.2
0232000119981130    .0
0232000119981201    .0
0232000119981202    .0
0232000119981203    .0
0232000119981204   1.2
0232000119981205   1.8
0232000119981206    .2
0232000119981207    .2
0232000119981208   4.6
0232000119981209   5.4
0232000119981210  10.6
0232000119981211   2.0
0232000119981212   4.0
0232000119981213    .4
0232000119981214    .0
0232000119981215    .2
0232000119981216    .2
0232000119981217    .0
0232000119981218   3.2
0232000119981219   1.8
0232000119981220    .0
0232000119981221    .0
0232000119981222    .4
0232000119981223   1.4
0232000119981224    .6
0232000119981225    .8
0232000119981226   3.6
0232000119981227   5.2
0232000119981228   4.4
0232000119981229    .0
0232000119981230    .4
0232000119981231    .0
