0306000119940101   3.4
0306000119940102   9.0
0306000119940103   5.4
0306000119940104    .4
0306000119940105    .0
0306000119940106  13.2
0306000119940107   4.6
0306000119940108    .2
0306000119940109    .0
0306000119940110   6.5
0306000119940111    .9
0306000119940112    .2
0306000119940113   2.9
0306000119940114   2.2
0306000119940115   2.6
0306000119940116   5.4
0306000119940117    .4
0306000119940118    .0
0306000119940119    .0
0306000119940120    .2
0306000119940121    .0
0306000119940122    .0
0306000119940123   1.2
0306000119940124   3.3
0306000119940125   1.0
0306000119940126    .2
0306000119940127   2.4
0306000119940128    .0
0306000119940129    .0
0306000119940130    .2
0306000119940131    .0
0306000119940201    .0
0306000119940202    .8
0306000119940203  26.3
0306000119940204   9.0
0306000119940205   2.2
0306000119940206    .2
0306000119940207   1.2
0306000119940208    .0
0306000119940209   4.1
0306000119940210    .4
0306000119940211   5.4
0306000119940212    .0
0306000119940213    .4
0306000119940214    .0
0306000119940215    .5
0306000119940216    .0
0306000119940217    .0
0306000119940218   7.8
0306000119940219   3.1
0306000119940220   4.9
0306000119940221    .4
0306000119940222    .0
0306000119940223   3.7
0306000119940224   1.2
0306000119940225    .0
0306000119940226    .0
0306000119940227    .8
0306000119940228   3.2
0306000119940301    .1
0306000119940302   5.4
0306000119940303   1.8
0306000119940304    .0
0306000119940305    .0
0306000119940306    .8
0306000119940307    .0
0306000119940308    .0
0306000119940309    .0
0306000119940310    .0
0306000119940311    .4
0306000119940312   4.8
0306000119940313   2.4
0306000119940314    .0
0306000119940315    .2
0306000119940316    .0
0306000119940317    .0
0306000119940318    .0
0306000119940319    .2
0306000119940320    .1
0306000119940321   6.6
0306000119940322    .0
0306000119940323    .0
0306000119940324    .0
0306000119940325    .6
0306000119940326    .0
0306000119940327    .0
0306000119940328    .0
0306000119940329    .0
0306000119940330    .2
0306000119940331    .2
0306000119940401   2.6
0306000119940402   7.3
0306000119940403   3.0
0306000119940404   3.6
0306000119940405   2.6
0306000119940406   6.7
0306000119940407  13.4
0306000119940408   3.8
0306000119940409   2.1
0306000119940410   3.8
0306000119940411   4.2
0306000119940412    .0
0306000119940413    .0
0306000119940414    .0
0306000119940415    .0
0306000119940416  10.8
0306000119940417   9.4
0306000119940418    .0
0306000119940419    .0
0306000119940420    .4
0306000119940421    .0
0306000119940422    .0
0306000119940423   6.4
0306000119940424  24.8
0306000119940425    .4
0306000119940426   1.8
0306000119940427    .0
0306000119940428    .0
0306000119940429    .0
0306000119940430    .0
0306000119940501    .0
0306000119940502    .0
0306000119940503  32.6
0306000119940504   3.0
0306000119940505    .3
0306000119940506    .0
0306000119940507  15.0
0306000119940508   2.6
0306000119940509    .0
0306000119940510    .0
0306000119940511   3.8
0306000119940512   2.4
0306000119940513   6.8
0306000119940514   2.2
0306000119940515    .0
0306000119940516   5.8
0306000119940517   6.8
0306000119940518   1.0
0306000119940519   7.2
0306000119940520   2.3
0306000119940521    .4
0306000119940522  17.2
0306000119940523    .1
0306000119940524   8.6
0306000119940525   7.5
0306000119940526   2.1
0306000119940527    .0
0306000119940528    .0
0306000119940529    .0
0306000119940530    .4
0306000119940531    .0
0306000119940601    .0
0306000119940602  11.4
0306000119940603   4.8
0306000119940604   1.4
0306000119940605    .0
0306000119940606    .0
0306000119940607    .0
0306000119940608  30.8
0306000119940609    .0
0306000119940610   1.9
0306000119940611   1.4
0306000119940612    .0
0306000119940613    .0
0306000119940614    .0
0306000119940615    .0
0306000119940616    .0
0306000119940617    .0
0306000119940618   4.6
0306000119940619   2.4
0306000119940620    .0
0306000119940621    .0
0306000119940622    .0
0306000119940623    .0
0306000119940624    .0
0306000119940625   9.2
0306000119940626   4.6
0306000119940627    .1
0306000119940628    .0
0306000119940629    .0
0306000119940630    .0
0306000119940701  15.1
0306000119940702    .0
0306000119940703    .0
0306000119940704    .4
0306000119940705    .0
0306000119940706    .0
0306000119940707    .0
0306000119940708    .0
0306000119940709    .0
0306000119940710    .0
0306000119940711    .0
0306000119940712    .0
0306000119940713    .0
0306000119940714    .0
0306000119940715    .0
0306000119940716    .0
0306000119940717  64.2
0306000119940718   1.2
0306000119940719    .0
0306000119940720    .0
0306000119940721    .0
0306000119940722    .0
0306000119940723    .0
0306000119940724    .0
0306000119940725    .0
0306000119940726    .0
0306000119940727    .0
0306000119940728    .0
0306000119940729    .0
0306000119940730   4.5
0306000119940731  17.8
0306000119940801    .0
0306000119940802    .0
0306000119940803    .0
0306000119940804    .0
0306000119940805    .0
0306000119940806   1.8
0306000119940807    .0
0306000119940808    .0
0306000119940809   5.4
0306000119940810   4.2
0306000119940811   4.9
0306000119940812    .0
0306000119940813   2.2
0306000119940814    .0
0306000119940815    .0
0306000119940816    .0
0306000119940817    .0
0306000119940818   3.0
0306000119940819    .0
0306000119940820    .0
0306000119940821   2.6
0306000119940822    .0
0306000119940823    .0
0306000119940824    .3
0306000119940825  10.1
0306000119940826    .7
0306000119940827    .0
0306000119940828    .0
0306000119940829    .0
0306000119940830    .7
0306000119940831   1.7
0306000119940901   1.5
0306000119940902    .6
0306000119940903    .0
0306000119940904    .0
0306000119940905    .0
0306000119940906    .0
0306000119940907  20.0
0306000119940908   2.1
0306000119940909   1.0
0306000119940910    .0
0306000119940911   5.6
0306000119940912    .7
0306000119940913  20.6
0306000119940914   1.8
0306000119940915   1.0
0306000119940916  14.4
0306000119940917   2.4
0306000119940918   1.9
0306000119940919   2.2
0306000119940920   7.6
0306000119940921   1.8
0306000119940922  27.7
0306000119940923   4.2
0306000119940924    .0
0306000119940925    .0
0306000119940926   1.0
0306000119940927    .0
0306000119940928    .0
0306000119940929   3.9
0306000119940930  23.6
0306000119941001   3.3
0306000119941002  10.4
0306000119941003   1.8
0306000119941004    .0
0306000119941005    .0
0306000119941006    .0
0306000119941007    .0
0306000119941008    .0
0306000119941009    .0
0306000119941010    .0
0306000119941011    .0
0306000119941012    .1
0306000119941013    .0
0306000119941014    .0
0306000119941015    .0
0306000119941016    .3
0306000119941017    .5
0306000119941018    .0
0306000119941019  39.5
0306000119941020   9.2
0306000119941021    .2
0306000119941022   6.3
0306000119941023   1.1
0306000119941024    .2
0306000119941025   4.8
0306000119941026   1.2
0306000119941027   5.2
0306000119941028   5.3
0306000119941029   1.1
0306000119941030    .0
0306000119941031   1.3
0306000119941101    .0
0306000119941102    .0
0306000119941103    .0
0306000119941104  22.7
0306000119941105   6.7
0306000119941106    .0
0306000119941107    .0
0306000119941108    .0
0306000119941109   2.6
0306000119941110   6.8
0306000119941111    .6
0306000119941112    .6
0306000119941113    .5
0306000119941114    .0
0306000119941115   1.2
0306000119941116    .2
0306000119941117   1.6
0306000119941118  11.4
0306000119941119    .0
0306000119941120    .0
0306000119941121    .8
0306000119941122    .0
0306000119941123    .0
0306000119941124    .0
0306000119941125    .0
0306000119941126    .1
0306000119941127    .3
0306000119941128    .0
0306000119941129    .0
0306000119941130    .0
0306000119941201    .0
0306000119941202    .0
0306000119941203    .3
0306000119941204    .8
0306000119941205   4.7
0306000119941206    .0
0306000119941207    .0
0306000119941208   1.2
0306000119941209  12.4
0306000119941210    .0
0306000119941211    .0
0306000119941212    .0
0306000119941213    .0
0306000119941214   2.3
0306000119941215    .0
0306000119941216    .0
0306000119941217    .0
0306000119941218   4.8
0306000119941219   1.4
0306000119941220   1.1
0306000119941221    .8
0306000119941222    .0
0306000119941223    .0
0306000119941224    .0
0306000119941225    .0
0306000119941226    .4
0306000119941227    .3
0306000119941228    .0
0306000119941229   2.9
0306000119941230   5.1
0306000119941231    .4
0306000119950101   3.4
0306000119950102    .1
0306000119950103    .0
0306000119950104    .0
0306000119950105   4.8
0306000119950106   5.4
0306000119950107    .0
0306000119950108  10.4
0306000119950109    .0
0306000119950110   1.9
0306000119950111   3.4
0306000119950112    .0
0306000119950113    .0
0306000119950114    .6
0306000119950115    .6
0306000119950116    .0
0306000119950117    .0
0306000119950118  26.6
0306000119950119    .0
0306000119950120   2.5
0306000119950121    .0
0306000119950122    .0
0306000119950123  10.8
0306000119950124   5.2
0306000119950125    .0
0306000119950126   4.8
0306000119950127    .2
0306000119950128    .3
0306000119950129  10.8
0306000119950130   3.0
0306000119950131    .0
0306000119950201    .6
0306000119950202    .3
0306000119950203    .0
0306000119950204   5.7
0306000119950205    .8
0306000119950206    .2
0306000119950207    .0
0306000119950208   6.1
0306000119950209    .8
0306000119950210   1.3
0306000119950211   2.1
0306000119950212    .0
0306000119950213   9.5
0306000119950214    .1
0306000119950215   4.4
0306000119950216    .5
0306000119950217  24.7
0306000119950218   1.2
0306000119950219    .0
0306000119950220    .0
0306000119950221    .6
0306000119950222    .0
0306000119950223   4.1
0306000119950224   5.0
0306000119950225   4.8
0306000119950226   2.6
0306000119950227    .0
0306000119950228    .0
0306000119950301    .0
0306000119950302   1.9
0306000119950303   3.9
0306000119950304    .0
0306000119950305   9.8
0306000119950306   1.3
0306000119950307    .3
0306000119950308   1.1
0306000119950309    .0
0306000119950310    .0
0306000119950311    .0
0306000119950312    .0
0306000119950313    .0
0306000119950314    .0
0306000119950315   5.1
0306000119950316    .0
0306000119950317   5.0
0306000119950318   7.8
0306000119950319  10.6
0306000119950320    .0
0306000119950321    .0
0306000119950322    .0
0306000119950323    .0
0306000119950324    .0
0306000119950325    .0
0306000119950326    .0
0306000119950327   5.4
0306000119950328   2.8
0306000119950329   3.3
0306000119950330    .0
0306000119950331    .3
0306000119950401    .7
0306000119950402    .0
0306000119950403    .0
0306000119950404    .0
0306000119950405    .0
0306000119950406    .0
0306000119950407    .0
0306000119950408    .0
0306000119950409    .0
0306000119950410    .0
0306000119950411    .0
0306000119950412    .0
0306000119950413    .0
0306000119950414    .0
0306000119950415   1.4
0306000119950416    .0
0306000119950417    .0
0306000119950418    .0
0306000119950419   2.2
0306000119950420    .0
0306000119950421   8.0
0306000119950422    .0
0306000119950423   2.6
0306000119950424   1.6
0306000119950425  25.2
0306000119950426  13.8
0306000119950427   4.6
0306000119950428    .0
0306000119950429   3.7
0306000119950430    .1
0306000119950501    .0
0306000119950502    .0
0306000119950503    .0
0306000119950504    .0
0306000119950505    .0
0306000119950506    .0
0306000119950507   1.8
0306000119950508    .0
0306000119950509    .0
0306000119950510    .0
0306000119950511    .0
0306000119950512   8.0
0306000119950513  11.4
0306000119950514    .0
0306000119950515    .8
0306000119950516   8.8
0306000119950517   6.0
0306000119950518   3.4
0306000119950519    .0
0306000119950520    .0
0306000119950521    .0
0306000119950522    .0
0306000119950523    .0
0306000119950524    .0
0306000119950525  12.6
0306000119950526    .0
0306000119950527    .0
0306000119950528  14.0
0306000119950529    .6
0306000119950530    .0
0306000119950531   3.0
0306000119950601    .0
0306000119950602    .0
0306000119950603   8.7
0306000119950604    .8
0306000119950605    .0
0306000119950606    .0
0306000119950607    .0
0306000119950608  15.0
0306000119950609    .0
0306000119950610    .2
0306000119950611    .0
0306000119950612    .0
0306000119950613   1.4
0306000119950614    .0
0306000119950615    .0
0306000119950616    .0
0306000119950617   3.0
0306000119950618   1.4
0306000119950619    .0
0306000119950620    .0
0306000119950621    .4
0306000119950622    .0
0306000119950623    .0
0306000119950624    .2
0306000119950625    .0
0306000119950626    .0
0306000119950627    .0
0306000119950628    .0
0306000119950629    .0
0306000119950630    .0
0306000119950701  24.4
0306000119950702   1.8
0306000119950703   2.2
0306000119950704    .0
0306000119950705    .0
0306000119950706    .0
0306000119950707    .0
0306000119950708    .0
0306000119950709    .0
0306000119950710   8.0
0306000119950711   2.4
0306000119950712    .0
0306000119950713  28.4
0306000119950714    .2
0306000119950715   4.0
0306000119950716    .0
0306000119950717    .2
0306000119950718    .0
0306000119950719    .0
0306000119950720    .0
0306000119950721    .0
0306000119950722   1.6
0306000119950723    .0
0306000119950724    .0
0306000119950725    .0
0306000119950726   1.6
0306000119950727    .0
0306000119950728    .0
0306000119950729    .0
0306000119950730    .0
0306000119950731    .0
0306000119950801    .0
0306000119950802    .0
0306000119950803    .0
0306000119950804    .0
0306000119950805    .0
0306000119950806   9.0
0306000119950807   3.6
0306000119950808  34.0
0306000119950809    .0
0306000119950810    .0
0306000119950811   7.9
0306000119950812    .0
0306000119950813   3.2
0306000119950814    .0
0306000119950815    .0
0306000119950816    .0
0306000119950817    .0
0306000119950818   1.2
0306000119950819    .0
0306000119950820   5.6
0306000119950821    .0
0306000119950822    .0
0306000119950823   7.6
0306000119950824    .4
0306000119950825    .0
0306000119950826    .0
0306000119950827   3.4
0306000119950828    .0
0306000119950829    .1
0306000119950830    .0
0306000119950831    .0
0306000119950901    .0
0306000119950902    .0
0306000119950903   2.2
0306000119950904    .0
0306000119950905   1.6
0306000119950906    .4
0306000119950907  12.6
0306000119950908    .3
0306000119950909    .0
0306000119950910  22.1
0306000119950911   1.0
0306000119950912   9.6
0306000119950913    .0
0306000119950914   1.8
0306000119950915    .1
0306000119950916    .8
0306000119950917  11.6
0306000119950918  12.2
0306000119950919  17.3
0306000119950920    .9
0306000119950921    .0
0306000119950922    .0
0306000119950923    .0
0306000119950924   6.4
0306000119950925    .0
0306000119950926    .0
0306000119950927    .5
0306000119950928    .0
0306000119950929    .0
0306000119950930    .3
0306000119951001    .2
0306000119951002   4.6
0306000119951003    .2
0306000119951004  12.6
0306000119951005   2.2
0306000119951006    .0
0306000119951007    .0
0306000119951008    .0
0306000119951009    .0
0306000119951010    .0
0306000119951011    .0
0306000119951012    .0
0306000119951013    .0
0306000119951014    .0
0306000119951015    .0
0306000119951016    .0
0306000119951017    .0
0306000119951018    .0
0306000119951019    .2
0306000119951020    .0
0306000119951021    .0
0306000119951022    .0
0306000119951023    .0
0306000119951024    .0
0306000119951025   1.9
0306000119951026   1.4
0306000119951027   3.0
0306000119951028   1.2
0306000119951029   2.5
0306000119951030    .3
0306000119951031    .0
0306000119951101    .6
0306000119951102    .0
0306000119951103    .0
0306000119951104    .0
0306000119951105    .0
0306000119951106    .0
0306000119951107    .0
0306000119951108    .0
0306000119951109    .0
0306000119951110    .0
0306000119951111    .0
0306000119951112  12.9
0306000119951113    .0
0306000119951114    .0
0306000119951115   7.2
0306000119951116    .7
0306000119951117   2.7
0306000119951118    .0
0306000119951119    .0
0306000119951120    .0
0306000119951121    .8
0306000119951122   1.0
0306000119951123    .0
0306000119951124    .0
0306000119951125    .0
0306000119951126   8.6
0306000119951127    .0
0306000119951128    .0
0306000119951129    .0
0306000119951130    .0
0306000119951201    .2
0306000119951202   3.0
0306000119951203    .8
0306000119951204    .2
0306000119951205    .0
0306000119951206   2.2
0306000119951207   2.0
0306000119951208   2.2
0306000119951209    .0
0306000119951210    .0
0306000119951211    .0
0306000119951212    .0
0306000119951213    .2
0306000119951214    .4
0306000119951215    .4
0306000119951216  12.8
0306000119951217   1.0
0306000119951218    .0
0306000119951219    .0
0306000119951220    .0
0306000119951221    .0
0306000119951222    .4
0306000119951223   1.2
0306000119951224   1.9
0306000119951225  15.1
0306000119951226   9.4
0306000119951227    .0
0306000119951228    .6
0306000119951229    .2
0306000119951230  10.4
0306000119951231    .8
0306000119960101   3.4
0306000119960102  16.4
0306000119960103    .0
0306000119960104    .0
0306000119960105  11.6
0306000119960106   3.4
0306000119960107   2.2
0306000119960108    .0
0306000119960109   7.0
0306000119960110   3.4
0306000119960111    .0
0306000119960112   6.6
0306000119960113    .0
0306000119960114    .0
0306000119960115    .0
0306000119960116    .0
0306000119960117    .0
0306000119960118    .0
0306000119960119    .0
0306000119960120    .0
0306000119960121    .0
0306000119960122   1.4
0306000119960123    .8
0306000119960124    .0
0306000119960125    .2
0306000119960126    .2
0306000119960127    .0
0306000119960128   5.6
0306000119960129    .6
0306000119960130    .0
0306000119960131    .0
0306000119960201   1.2
0306000119960202   2.2
0306000119960203    .0
0306000119960204    .4
0306000119960205    .2
0306000119960206   9.2
0306000119960207  10.2
0306000119960208    .4
0306000119960209    .0
0306000119960210    .0
0306000119960211   2.8
0306000119960212  11.8
0306000119960213   2.6
0306000119960214    .0
0306000119960215    .0
0306000119960216    .6
0306000119960217    .0
0306000119960218   5.6
0306000119960219   2.4
0306000119960220   4.0
0306000119960221   1.8
0306000119960222    .2
0306000119960223    .2
0306000119960224    .0
0306000119960225    .0
0306000119960226   8.0
0306000119960227  11.2
0306000119960228    .2
0306000119960229    .0
0306000119960301   1.2
0306000119960302    .0
0306000119960303    .0
0306000119960304    .0
0306000119960305    .0
0306000119960306   1.2
0306000119960307    .2
0306000119960308    .0
0306000119960309    .0
0306000119960310    .0
0306000119960311    .0
0306000119960312    .0
0306000119960313    .0
0306000119960314   1.0
0306000119960315    .6
0306000119960316    .0
0306000119960317    .0
0306000119960318    .2
0306000119960319    .0
0306000119960320   1.2
0306000119960321   1.2
0306000119960322    .0
0306000119960323    .0
0306000119960324    .0
0306000119960325    .0
0306000119960326  13.6
0306000119960327    .2
0306000119960328    .0
0306000119960329    .0
0306000119960330    .0
0306000119960331    .0
0306000119960401  10.8
0306000119960402    .0
0306000119960403    .0
0306000119960404    .0
0306000119960405    .0
0306000119960406    .0
0306000119960407    .0
0306000119960408    .0
0306000119960409    .0
0306000119960410    .0
0306000119960411    .0
0306000119960412    .0
0306000119960413   6.0
0306000119960414    .0
0306000119960415    .0
0306000119960416   2.2
0306000119960417   9.6
0306000119960418    .0
0306000119960419    .0
0306000119960420    .0
0306000119960421    .0
0306000119960422   6.8
0306000119960423   2.8
0306000119960424    .0
0306000119960425    .0
0306000119960426    .0
0306000119960427    .2
0306000119960428  25.2
0306000119960429   4.6
0306000119960430    .8
0306000119960501   2.2
0306000119960502   3.2
0306000119960503   5.6
0306000119960504    .0
0306000119960505    .0
0306000119960506    .0
0306000119960507    .8
0306000119960508   4.4
0306000119960509   5.6
0306000119960510    .0
0306000119960511    .0
0306000119960512    .2
0306000119960513    .0
0306000119960514    .0
0306000119960515    .0
0306000119960516   8.2
0306000119960517  41.0
0306000119960518  29.2
0306000119960519   1.2
0306000119960520    .4
0306000119960521   4.0
0306000119960522    .0
0306000119960523    .0
0306000119960524    .2
0306000119960525  11.2
0306000119960526    .6
0306000119960527   3.8
0306000119960528    .0
0306000119960529    .0
0306000119960530    .0
0306000119960531  19.4
0306000119960601   5.0
0306000119960602  23.8
0306000119960603    .0
0306000119960604    .0
0306000119960605    .0
0306000119960606    .0
0306000119960607    .0
0306000119960608   4.8
0306000119960609    .0
0306000119960610    .0
0306000119960611    .0
0306000119960612    .0
0306000119960613    .0
0306000119960614    .0
0306000119960615    .0
0306000119960616    .0
0306000119960617    .0
0306000119960618    .0
0306000119960619    .0
0306000119960620    .0
0306000119960621  15.0
0306000119960622    .0
0306000119960623  11.6
0306000119960624    .0
0306000119960625    .0
0306000119960626    .0
0306000119960627    .0
0306000119960628    .0
0306000119960629    .0
0306000119960630    .2
0306000119960701    .0
0306000119960702    .0
0306000119960703    .0
0306000119960704    .0
0306000119960705  20.0
0306000119960706    .4
0306000119960707  44.4
0306000119960708    .4
0306000119960709    .0
0306000119960710   3.6
0306000119960711    .0
0306000119960712    .0
0306000119960713    .2
0306000119960714    .0
0306000119960715    .2
0306000119960716    .0
0306000119960717    .2
0306000119960718    .0
0306000119960719    .2
0306000119960720    .0
0306000119960721    .0
0306000119960722    .0
0306000119960723   1.2
0306000119960724    .0
0306000119960725    .0
0306000119960726    .0
0306000119960727   3.0
0306000119960728    .0
0306000119960729    .0
0306000119960730    .0
0306000119960731    .2
0306000119960801    .0
0306000119960802    .0
0306000119960803    .0
0306000119960804    .0
0306000119960805   3.6
0306000119960806   4.0
0306000119960807    .2
0306000119960808    .0
0306000119960809   3.2
0306000119960810  11.2
0306000119960811    .8
0306000119960812   1.8
0306000119960813    .0
0306000119960814    .0
0306000119960815    .0
0306000119960816    .2
0306000119960817    .0
0306000119960818    .0
0306000119960819    .0
0306000119960820   7.6
0306000119960821   1.2
0306000119960822    .0
0306000119960823    .0
0306000119960824    .0
0306000119960825   5.8
0306000119960826   2.4
0306000119960827  16.4
0306000119960828    .0
0306000119960829    .0
0306000119960830    .0
0306000119960831    .0
0306000119960901    .0
0306000119960902    .0
0306000119960903    .0
0306000119960904    .0
0306000119960905    .0
0306000119960906    .0
0306000119960907    .0
0306000119960908    .0
0306000119960909    .0
0306000119960910    .2
0306000119960911    .0
0306000119960912    .0
0306000119960913    .0
0306000119960914    .0
0306000119960915    .0
0306000119960916    .0
0306000119960917    .0
0306000119960918   7.4
0306000119960919  12.0
0306000119960920    .0
0306000119960921    .4
0306000119960922    .8
0306000119960923    .0
0306000119960924   2.2
0306000119960925  10.0
0306000119960926   2.4
0306000119960927    .2
0306000119960928    .2
0306000119960929    .0
0306000119960930    .2
0306000119961001  16.8
0306000119961002   1.0
0306000119961003    .2
0306000119961004   1.0
0306000119961005    .4
0306000119961006    .0
0306000119961007    .0
0306000119961008    .0
0306000119961009   1.2
0306000119961010    .0
0306000119961011    .2
0306000119961012    .0
0306000119961013    .0
0306000119961014   5.0
0306000119961015   1.6
0306000119961016    .2
0306000119961017   1.2
0306000119961018   2.2
0306000119961019   3.6
0306000119961020    .0
0306000119961021   1.2
0306000119961022    .2
0306000119961023    .2
0306000119961024    .2
0306000119961025    .2
0306000119961026    .0
0306000119961027    .0
0306000119961028   2.4
0306000119961029   1.0
0306000119961030    .0
0306000119961031    .2
0306000119961101    .6
0306000119961102    .2
0306000119961103    .2
0306000119961104   5.8
0306000119961105    .4
0306000119961106    .0
0306000119961107   4.4
0306000119961108   1.2
0306000119961109    .2
0306000119961110   2.4
0306000119961111  13.0
0306000119961112  35.2
0306000119961113   3.2
0306000119961114    .0
0306000119961115   7.6
0306000119961116    .0
0306000119961117   4.2
0306000119961118   7.4
0306000119961119   3.2
0306000119961120   1.4
0306000119961121  11.4
0306000119961122    .0
0306000119961123    .4
0306000119961124   7.0
0306000119961125  19.4
0306000119961126   1.6
0306000119961127   6.8
0306000119961128    .2
0306000119961129  18.0
0306000119961130  10.6
0306000119961201   1.8
0306000119961202    .2
0306000119961203    .0
0306000119961204    .2
0306000119961205    .4
0306000119961206   2.4
0306000119961207    .0
0306000119961208    .0
0306000119961209    .0
0306000119961210    .0
0306000119961211    .0
0306000119961212   5.2
0306000119961213  15.0
0306000119961214   2.0
0306000119961215    .2
0306000119961216    .0
0306000119961217    .0
0306000119961218   1.0
0306000119961219    .0
0306000119961220    .0
0306000119961221   6.4
0306000119961222  12.8
0306000119961223  12.4
0306000119961224    .4
0306000119961225    .0
0306000119961226    .0
0306000119961227    .0
0306000119961228    .0
0306000119961229    .0
0306000119961230    .8
0306000119961231    .0
0306000119970101    .0
0306000119970102   4.2
0306000119970103    .4
0306000119970104  13.0
0306000119970105   1.0
0306000119970106    .0
0306000119970107    .0
0306000119970108   1.8
0306000119970109    .4
0306000119970110    .2
0306000119970111    .0
0306000119970112    .0
0306000119970113    .0
0306000119970114    .0
0306000119970115    .0
0306000119970116    .0
0306000119970117   4.2
0306000119970118   4.4
0306000119970119   3.4
0306000119970120  11.8
0306000119970121    .4
0306000119970122    .4
0306000119970123    .0
0306000119970124    .0
0306000119970125    .0
0306000119970126    .0
0306000119970127    .0
0306000119970128    .2
0306000119970129    .0
0306000119970130    .0
0306000119970131    .0
0306000119970201    .0
0306000119970202    .0
0306000119970203    .0
0306000119970204   2.2
0306000119970205   3.2
0306000119970206    .0
0306000119970207    .0
0306000119970208    .2
0306000119970209    .0
0306000119970210    .2
0306000119970211   1.0
0306000119970212    .2
0306000119970213  10.0
0306000119970214   2.6
0306000119970215   1.6
0306000119970216    .0
0306000119970217    .2
0306000119970218    .0
0306000119970219    .0
0306000119970220    .0
0306000119970221    .0
0306000119970222    .0
0306000119970223   3.4
0306000119970224    .2
0306000119970225    .8
0306000119970226   8.2
0306000119970227    .0
0306000119970228    .0
0306000119970301    .0
0306000119970302    .0
0306000119970303    .2
0306000119970304    .0
0306000119970305   2.8
0306000119970306   2.0
0306000119970307    .0
0306000119970308    .0
0306000119970309    .0
0306000119970310    .0
0306000119970311    .0
0306000119970312    .0
0306000119970313    .0
0306000119970314    .0
0306000119970315    .4
0306000119970316    .0
0306000119970317    .0
0306000119970318   2.4
0306000119970319   1.6
0306000119970320    .0
0306000119970321    .0
0306000119970322    .0
0306000119970323    .0
0306000119970324    .0
0306000119970325    .6
0306000119970326    .0
0306000119970327    .0
0306000119970328    .0
0306000119970329    .0
0306000119970330    .0
0306000119970331    .0
0306000119970401    .0
0306000119970402    .0
0306000119970403    .0
0306000119970404    .0
0306000119970405    .0
0306000119970406    .0
0306000119970407    .0
0306000119970408    .0
0306000119970409    .0
0306000119970410    .0
0306000119970411    .0
0306000119970412    .0
0306000119970413    .0
0306000119970414    .0
0306000119970415    .0
0306000119970416    .0
0306000119970417    .0
0306000119970418    .0
0306000119970419    .0
0306000119970420    .0
0306000119970421    .0
0306000119970422    .0
0306000119970423    .0
0306000119970424    .0
0306000119970425    .2
0306000119970426   7.4
0306000119970427   3.2
0306000119970428    .2
0306000119970429    .8
0306000119970430    .0
0306000119970501    .0
0306000119970502    .0
0306000119970503    .2
0306000119970504  24.8
0306000119970505   5.2
0306000119970506   5.2
0306000119970507    .2
0306000119970508   2.4
0306000119970509   9.2
0306000119970510    .6
0306000119970511   9.8
0306000119970512   5.0
0306000119970513    .6
0306000119970514    .0
0306000119970515    .2
0306000119970516    .0
0306000119970517  10.8
0306000119970518    .0
0306000119970519  34.4
0306000119970520    .4
0306000119970521    .2
0306000119970522    .0
0306000119970523    .0
0306000119970524   1.0
0306000119970525    .0
0306000119970526    .0
0306000119970527    .0
0306000119970528    .0
0306000119970529    .0
0306000119970530    .0
0306000119970531   3.8
0306000119970601  13.2
0306000119970602  16.8
0306000119970603    .0
0306000119970604    .0
0306000119970605    .0
0306000119970606    .0
0306000119970607  27.8
0306000119970608    .0
0306000119970609    .0
0306000119970610    .2
0306000119970611    .2
0306000119970612   4.6
0306000119970613   7.8
0306000119970614    .0
0306000119970615    .0
0306000119970616   6.4
0306000119970617    .2
0306000119970618    .0
0306000119970619   5.6
0306000119970620   1.2
0306000119970621   8.8
0306000119970622    .0
0306000119970623   4.4
0306000119970624    .0
0306000119970625   5.0
0306000119970626   1.0
0306000119970627    .2
0306000119970628  18.0
0306000119970629   9.4
0306000119970630   5.4
0306000119970701   1.0
0306000119970702  13.2
0306000119970703    .8
0306000119970704  21.0
0306000119970705    .8
0306000119970706    .0
0306000119970707    .2
0306000119970708    .0
0306000119970709    .2
0306000119970710   5.8
0306000119970711   2.0
0306000119970712    .0
0306000119970713   2.0
0306000119970714   2.0
0306000119970715    .0
0306000119970716    .0
0306000119970717    .0
0306000119970718   1.2
0306000119970719  12.4
0306000119970720    .2
0306000119970721    .0
0306000119970722   1.8
0306000119970723   4.0
0306000119970724    .8
0306000119970725   1.0
0306000119970726    .0
0306000119970727    .2
0306000119970728    .0
0306000119970729    .0
0306000119970730    .0
0306000119970731    .0
0306000119970801    .0
0306000119970802    .0
0306000119970803    .0
0306000119970804   4.0
0306000119970805   8.2
0306000119970806    .0
0306000119970807    .2
0306000119970808    .2
0306000119970809    .0
0306000119970810    .0
0306000119970811  16.4
0306000119970812    .0
0306000119970813    .0
0306000119970814    .0
0306000119970815    .0
0306000119970816   1.0
0306000119970817    .0
0306000119970818    .2
0306000119970819    .0
0306000119970820    .2
0306000119970821    .0
0306000119970822    .0
0306000119970823    .0
0306000119970824    .0
0306000119970825  47.0
0306000119970826  54.6
0306000119970827  17.2
0306000119970828   1.8
0306000119970829   1.2
0306000119970830    .2
0306000119970831    .0
0306000119970901  24.0
0306000119970902   1.6
0306000119970903    .2
0306000119970904    .0
0306000119970905    .0
0306000119970906    .2
0306000119970907    .2
0306000119970908    .2
0306000119970909    .2
0306000119970910    .0
0306000119970911    .0
0306000119970912  10.0
0306000119970913    .4
0306000119970914    .0
0306000119970915    .0
0306000119970916    .2
0306000119970917    .2
0306000119970918    .2
0306000119970919    .2
0306000119970920    .2
0306000119970921    .2
0306000119970922    .0
0306000119970923    .2
0306000119970924    .2
0306000119970925    .2
0306000119970926    .2
0306000119970927    .0
0306000119970928    .2
0306000119970929    .2
0306000119970930    .2
0306000119971001    .2
0306000119971002    .2
0306000119971003    .0
0306000119971004    .0
0306000119971005    .2
0306000119971006   1.0
0306000119971007    .0
0306000119971008    .0
0306000119971009    .0
0306000119971010   3.8
0306000119971011    .8
0306000119971012   1.0
0306000119971013   1.0
0306000119971014    .4
0306000119971015   7.8
0306000119971016    .4
0306000119971017    .2
0306000119971018    .0
0306000119971019    .0
0306000119971020    .0
0306000119971021    .0
0306000119971022   2.0
0306000119971023    .2
0306000119971024    .0
0306000119971025    .0
0306000119971026    .0
0306000119971027    .0
0306000119971028    .0
0306000119971029    .0
0306000119971030    .0
0306000119971031    .0
0306000119971101    .0
0306000119971102    .0
0306000119971103   1.8
0306000119971104  15.0
0306000119971105  14.0
0306000119971106  18.6
0306000119971107   1.6
0306000119971108   6.6
0306000119971109    .2
0306000119971110    .2
0306000119971111   2.0
0306000119971112   6.0
0306000119971113    .4
0306000119971114    .0
0306000119971115    .0
0306000119971116    .0
0306000119971117    .0
0306000119971118   8.4
0306000119971119   3.0
0306000119971120   1.4
0306000119971121    .0
0306000119971122    .2
0306000119971123    .0
0306000119971124    .2
0306000119971125    .0
0306000119971126   2.6
0306000119971127    .4
0306000119971128   4.8
0306000119971129   4.6
0306000119971130   4.8
0306000119971201   1.6
0306000119971202   5.4
0306000119971203   1.6
0306000119971204    .8
0306000119971205    .0
0306000119971206    .0
0306000119971207    .0
0306000119971208   3.0
0306000119971209    .2
0306000119971210   3.6
0306000119971211    .4
0306000119971212   2.6
0306000119971213    .0
0306000119971214    .0
0306000119971215    .4
0306000119971216    .0
0306000119971217    .8
0306000119971218  11.4
0306000119971219    .6
0306000119971220    .8
0306000119971221    .2
0306000119971222    .8
0306000119971223    .6
0306000119971224    .4
0306000119971225    .8
0306000119971226   1.0
0306000119971227   2.4
0306000119971228    .8
0306000119971229    .0
0306000119971230    .0
0306000119971231  16.4
0306000119980101    .8
0306000119980102   5.6
0306000119980103   1.0
0306000119980104   2.0
0306000119980105   6.0
0306000119980106    .2
0306000119980107    .2
0306000119980108    .0
0306000119980109    .0
0306000119980110    .0
0306000119980111    .0
0306000119980112    .0
0306000119980113   5.2
0306000119980114    .0
0306000119980115  12.6
0306000119980116   5.6
0306000119980117    .0
0306000119980118  11.0
0306000119980119   2.0
0306000119980120    .2
0306000119980121    .0
0306000119980122    .0
0306000119980123    .0
0306000119980124   1.8
0306000119980125    .4
0306000119980126    .0
0306000119980127    .0
0306000119980128    .0
0306000119980129    .0
0306000119980130    .0
0306000119980131    .0
0306000119980201    .2
0306000119980202    .0
0306000119980203    .0
0306000119980204    .0
0306000119980205    .0
0306000119980206    .0
0306000119980207    .8
0306000119980208    .0
0306000119980209    .0
0306000119980210    .0
0306000119980211    .0
0306000119980212    .0
0306000119980213    .0
0306000119980214    .0
0306000119980215    .0
0306000119980216    .0
0306000119980217    .0
0306000119980218    .0
0306000119980219    .0
0306000119980220    .0
0306000119980221  11.6
0306000119980222   2.4
0306000119980223    .0
0306000119980224    .0
0306000119980225    .0
0306000119980226    .0
0306000119980227    .0
0306000119980228   4.4
0306000119980301    .2
0306000119980302    .0
0306000119980303    .0
0306000119980304   2.2
0306000119980305    .0
0306000119980306    .0
0306000119980307    .0
0306000119980308  23.8
0306000119980309    .0
0306000119980310   4.8
0306000119980311  11.4
0306000119980312    .0
0306000119980313    .0
0306000119980314    .0
0306000119980315    .0
0306000119980316    .0
0306000119980317    .0
0306000119980318    .0
0306000119980319    .0
0306000119980320    .0
0306000119980321    .0
0306000119980322    .0
0306000119980323    .0
0306000119980324    .0
0306000119980325    .0
0306000119980326    .0
0306000119980327    .0
0306000119980328    .0
0306000119980329    .0
0306000119980330    .0
0306000119980331    .2
0306000119980401   6.8
0306000119980402   3.2
0306000119980403  17.0
0306000119980404    .0
0306000119980405    .6
0306000119980406   3.6
0306000119980407   3.2
0306000119980408   2.8
0306000119980409    .0
0306000119980410   2.0
0306000119980411   1.6
0306000119980412   2.8
0306000119980413    .2
0306000119980414    .2
0306000119980415  14.2
0306000119980416   3.0
0306000119980417   3.0
0306000119980418   6.2
0306000119980419    .2
0306000119980420   1.2
0306000119980421    .0
0306000119980422    .0
0306000119980423    .0
0306000119980424    .0
0306000119980425  13.2
0306000119980426  62.4
0306000119980427   7.2
0306000119980428   1.0
0306000119980429   6.6
0306000119980430    .4
0306000119980501    .0
0306000119980502    .2
0306000119980503    .0
0306000119980504    .2
0306000119980505    .0
0306000119980506    .0
0306000119980507    .0
0306000119980508    .0
0306000119980509    .0
0306000119980510    .0
0306000119980511    .0
0306000119980512    .0
0306000119980513   2.0
0306000119980514   4.8
0306000119980515    .0
0306000119980516    .0
0306000119980517    .0
0306000119980518    .0
0306000119980519    .0
0306000119980520    .0
0306000119980521    .2
0306000119980522    .0
0306000119980523    .2
0306000119980524    .0
0306000119980525   1.8
0306000119980526   2.2
0306000119980527   5.8
0306000119980528  10.8
0306000119980529    .0
0306000119980530   9.4
0306000119980531   2.0
0306000119980601    .0
0306000119980602  11.2
0306000119980603    .0
0306000119980604    .2
0306000119980605    .0
0306000119980606  19.4
0306000119980607    .4
0306000119980608    .0
0306000119980609  17.4
0306000119980610    .6
0306000119980611   2.2
0306000119980612    .0
0306000119980613    .8
0306000119980614   5.6
0306000119980615   1.2
0306000119980616    .0
0306000119980617    .0
0306000119980618    .0
0306000119980619    .2
0306000119980620    .0
0306000119980621    .0
0306000119980622    .0
0306000119980623    .0
0306000119980624    .0
0306000119980625    .2
0306000119980626    .0
0306000119980627    .0
0306000119980628    .2
0306000119980629    .0
0306000119980630    .0
0306000119980701  17.4
0306000119980702  20.0
0306000119980703   8.8
0306000119980704    .0
0306000119980705    .2
0306000119980706    .0
0306000119980707    .0
0306000119980708    .0
0306000119980709    .0
0306000119980710    .0
0306000119980711    .0
0306000119980712    .0
0306000119980713   1.8
0306000119980714    .0
0306000119980715    .2
0306000119980716    .0
0306000119980717    .0
0306000119980718    .0
0306000119980719    .0
0306000119980720    .0
0306000119980721    .2
0306000119980722    .0
0306000119980723    .0
0306000119980724    .0
0306000119980725    .0
0306000119980726   4.6
0306000119980727  16.8
0306000119980728    .2
0306000119980729    .0
0306000119980730    .0
0306000119980731   5.8
0306000119980801  10.4
0306000119980802    .2
0306000119980803    .0
0306000119980804    .0
0306000119980805    .2
0306000119980806    .0
0306000119980807    .0
0306000119980808    .0
0306000119980809    .0
0306000119980810    .0
0306000119980811    .0
0306000119980812    .0
0306000119980813    .0
0306000119980814    .0
0306000119980815    .0
0306000119980816    .0
0306000119980817    .0
0306000119980818    .0
0306000119980819    .0
0306000119980820    .0
0306000119980821    .2
0306000119980822   2.8
0306000119980823    .0
0306000119980824   3.0
0306000119980825    .2
0306000119980826    .0
0306000119980827    .0
0306000119980828    .0
0306000119980829    .0
0306000119980830    .0
0306000119980831    .0
0306000119980901    .8
0306000119980902   5.8
0306000119980903    .0
0306000119980904   8.0
0306000119980905   1.0
0306000119980906    .2
0306000119980907    .4
0306000119980908    .2
0306000119980909    .0
0306000119980910  10.6
0306000119980911   8.2
0306000119980912   1.8
0306000119980913   5.0
0306000119980914    .2
0306000119980915   2.0
0306000119980916    .0
0306000119980917    .2
0306000119980918    .0
0306000119980919    .0
0306000119980920    .0
0306000119980921    .0
0306000119980922    .2
0306000119980923    .0
0306000119980924    .2
0306000119980925    .0
0306000119980926  14.0
0306000119980927   3.8
0306000119980928   4.6
0306000119980929   6.4
0306000119980930    .6
0306000119981001    .4
0306000119981002   1.0
0306000119981003   2.6
0306000119981004  10.2
0306000119981005    .0
0306000119981006   6.0
0306000119981007    .4
0306000119981008   6.2
0306000119981009    .0
0306000119981010   2.0
0306000119981011   6.8
0306000119981012    .0
0306000119981013    .6
0306000119981014    .0
0306000119981015    .0
0306000119981016    .0
0306000119981017   2.0
0306000119981018    .0
0306000119981019    .0
0306000119981020    .0
0306000119981021    .0
0306000119981022    .0
0306000119981023   3.0
0306000119981024   7.2
0306000119981025   1.4
0306000119981026   1.0
0306000119981027    .2
0306000119981028    .0
0306000119981029   4.0
0306000119981030   2.6
0306000119981031    .4
0306000119981101   2.0
0306000119981102   2.4
0306000119981103   3.6
0306000119981104   3.8
0306000119981105    .0
0306000119981106    .0
0306000119981107    .0
0306000119981108    .0
0306000119981109  12.4
0306000119981110  11.4
0306000119981111    .0
0306000119981112   2.0
0306000119981113   1.2
0306000119981114    .8
0306000119981115   1.4
0306000119981116    .2
0306000119981117    .0
0306000119981118    .0
0306000119981119    .0
0306000119981120    .0
0306000119981121    .0
0306000119981122    .0
0306000119981123    .0
0306000119981124    .0
0306000119981125   4.0
0306000119981126   1.0
0306000119981127   3.6
0306000119981128   7.4
0306000119981129   8.2
0306000119981130   2.0
0306000119981201    .0
0306000119981202    .0
0306000119981203    .0
0306000119981204    .4
0306000119981205    .6
0306000119981206   1.0
0306000119981207    .0
0306000119981208    .0
0306000119981209    .7
0306000119981210  11.2
0306000119981211    .4
0306000119981212   1.4
0306000119981213    .0
0306000119981214    .0
0306000119981215    .0
0306000119981216    .0
0306000119981217    .0
0306000119981218    .0
0306000119981219   1.8
0306000119981220   7.6
0306000119981221    .0
0306000119981222    .0
0306000119981223    .0
0306000119981224   3.0
0306000119981225    .2
0306000119981226    .0
0306000119981227    .0
0306000119981228    .0
0306000119981229    .0
0306000119981230    .0
0306000119981231    .2
