0504600119940101    .2
0504600119940102  13.0
0504600119940103    .0
0504600119940104   4.3
0504600119940105  11.6
0504600119940106  40.8
0504600119940107   6.2
0504600119940108    .0
0504600119940109    .0
0504600119940110   4.4
0504600119940111   1.6
0504600119940112    .0
0504600119940113    .0
0504600119940114    .0
0504600119940115    .2
0504600119940116    .0
0504600119940117    .0
0504600119940118    .0
0504600119940119    .0
0504600119940120    .0
0504600119940121    .0
0504600119940122    .0
0504600119940123    .0
0504600119940124    .0
0504600119940125    .0
0504600119940126    .0
0504600119940127    .0
0504600119940128    .2
0504600119940129    .0
0504600119940130    .0
0504600119940131    .0
0504600119940201    .0
0504600119940202    .0
0504600119940203   7.0
0504600119940204    .0
0504600119940205    .0
0504600119940206    .0
0504600119940207    .0
0504600119940208    .0
0504600119940209    .0
0504600119940210    .0
0504600119940211    .0
0504600119940212    .0
0504600119940213    .0
0504600119940214    .0
0504600119940215    .0
0504600119940216    .0
0504600119940217    .0
0504600119940218    .0
0504600119940219    .0
0504600119940220   2.2
0504600119940221    .0
0504600119940222    .0
0504600119940223  10.4
0504600119940224   3.0
0504600119940225    .0
0504600119940226    .0
0504600119940227  12.2
0504600119940228    .0
0504600119940301    .0
0504600119940302    .0
0504600119940303    .0
0504600119940304    .0
0504600119940305    .0
0504600119940306    .0
0504600119940307    .0
0504600119940308    .0
0504600119940309    .0
0504600119940310    .0
0504600119940311    .0
0504600119940312    .0
0504600119940313    .0
0504600119940314    .0
0504600119940315    .0
0504600119940316    .0
0504600119940317    .0
0504600119940318    .0
0504600119940319    .0
0504600119940320    .0
0504600119940321    .0
0504600119940322    .0
0504600119940323    .0
0504600119940324    .0
0504600119940325   4.4
0504600119940326    .0
0504600119940327    .0
0504600119940328    .0
0504600119940329    .0
0504600119940330    .0
0504600119940331    .0
0504600119940401   7.0
0504600119940402   2.2
0504600119940403    .0
0504600119940404   2.2
0504600119940405    .0
0504600119940406    .8
0504600119940407  12.4
0504600119940408   1.0
0504600119940409   9.4
0504600119940410    .0
0504600119940411    .0
0504600119940412    .0
0504600119940413    .0
0504600119940414   3.0
0504600119940415    .0
0504600119940416    .0
0504600119940417    .0
0504600119940418   1.2
0504600119940419   4.2
0504600119940420    .6
0504600119940421    .0
0504600119940422    .0
0504600119940423    .0
0504600119940424   7.8
0504600119940425  13.4
0504600119940426    .0
0504600119940427    .0
0504600119940428    .0
0504600119940429    .0
0504600119940430    .0
0504600119940501    .0
0504600119940502    .0
0504600119940503    .0
0504600119940504   2.2
0504600119940505    .0
0504600119940506    .0
0504600119940507    .0
0504600119940508    .0
0504600119940509    .4
0504600119940510    .0
0504600119940511   1.6
0504600119940512    .2
0504600119940513   5.4
0504600119940514    .0
0504600119940515    .0
0504600119940516    .0
0504600119940517    .4
0504600119940518  20.8
0504600119940519    .6
0504600119940520   6.2
0504600119940521  11.4
0504600119940522    .0
0504600119940523    .2
0504600119940524  14.2
0504600119940525    .0
0504600119940526    .4
0504600119940527    .0
0504600119940528    .0
0504600119940529    .0
0504600119940530    .0
0504600119940531    .0
0504600119940601    .0
0504600119940602    .0
0504600119940603    .0
0504600119940604    .0
0504600119940605    .0
0504600119940606    .0
0504600119940607    .0
0504600119940608    .0
0504600119940609    .0
0504600119940610   2.0
0504600119940611    .0
0504600119940612    .0
0504600119940613    .6
0504600119940614    .0
0504600119940615    .0
0504600119940616    .0
0504600119940617    .0
0504600119940618    .0
0504600119940619   2.4
0504600119940620    .0
0504600119940621   1.2
0504600119940622    .0
0504600119940623    .0
0504600119940624    .0
0504600119940625  18.8
0504600119940626  20.8
0504600119940627    .0
0504600119940628    .0
0504600119940629    .0
0504600119940630    .0
0504600119940701    .0
0504600119940702    .0
0504600119940703    .0
0504600119940704    .0
0504600119940705    .0
0504600119940706    .0
0504600119940707    .0
0504600119940708    .0
0504600119940709    .0
0504600119940710    .0
0504600119940711    .0
0504600119940712    .0
0504600119940713    .0
0504600119940714    .4
0504600119940715    .0
0504600119940716    .0
0504600119940717    .0
0504600119940718    .6
0504600119940719    .0
0504600119940720    .0
0504600119940721    .0
0504600119940722    .2
0504600119940723    .1
0504600119940724    .0
0504600119940725    .0
0504600119940726    .0
0504600119940727    .6
0504600119940728   1.4
0504600119940729  14.6
0504600119940730   1.8
0504600119940731   4.8
0504600119940801    .0
0504600119940802    .0
0504600119940803    .0
0504600119940804    .0
0504600119940805    .0
0504600119940806    .0
0504600119940807    .2
0504600119940808    .0
0504600119940809    .0
0504600119940810   1.6
0504600119940811    .0
0504600119940812    .0
0504600119940813   4.2
0504600119940814    .0
0504600119940815    .0
0504600119940816   2.6
0504600119940817   4.0
0504600119940818    .0
0504600119940819    .0
0504600119940820    .0
0504600119940821   7.8
0504600119940822    .0
0504600119940823  11.8
0504600119940824    .0
0504600119940825    .0
0504600119940826    .0
0504600119940827    .0
0504600119940828    .0
0504600119940829    .0
0504600119940830    .0
0504600119940831  27.2
0504600119940901  24.4
0504600119940902    .6
0504600119940903    .0
0504600119940904    .0
0504600119940905    .0
0504600119940906    .0
0504600119940907    .0
0504600119940908  28.4
0504600119940909    .4
0504600119940910    .0
0504600119940911    .0
0504600119940912  13.4
0504600119940913  25.2
0504600119940914  32.6
0504600119940915  13.8
0504600119940916  18.0
0504600119940917    .0
0504600119940918    .0
0504600119940919    .0
0504600119940920   4.0
0504600119940921   1.8
0504600119940922   1.6
0504600119940923  11.2
0504600119940924    .0
0504600119940925  11.0
0504600119940926  19.2
0504600119940927    .0
0504600119940928    .0
0504600119940929    .8
0504600119940930    .2
0504600119941001    .4
0504600119941002   2.0
0504600119941003    .4
0504600119941004    .0
0504600119941005    .0
0504600119941006    .0
0504600119941007    .0
0504600119941008    .0
0504600119941009    .0
0504600119941010   2.8
0504600119941011    .2
0504600119941012    .0
0504600119941013    .0
0504600119941014    .0
0504600119941015    .0
0504600119941016    .0
0504600119941017    .0
0504600119941018    .0
0504600119941019    .0
0504600119941020    .0
0504600119941021    .0
0504600119941022  19.0
0504600119941023  12.6
0504600119941024    .0
0504600119941025    .0
0504600119941026    .8
0504600119941027   3.8
0504600119941028  20.2
0504600119941029    .0
0504600119941030    .0
0504600119941031    .0
0504600119941101    .0
0504600119941102   5.4
0504600119941103    .4
0504600119941104   3.2
0504600119941105  38.0
0504600119941106  10.0
0504600119941107   4.2
0504600119941108    .0
0504600119941109  18.4
0504600119941110    .0
0504600119941111    .0
0504600119941112    .0
0504600119941113    .0
0504600119941114    .0
0504600119941115    .0
0504600119941116    .0
0504600119941117    .0
0504600119941118    .0
0504600119941119    .0
0504600119941120    .0
0504600119941121    .0
0504600119941122    .0
0504600119941123    .0
0504600119941124    .0
0504600119941125    .0
0504600119941126    .0
0504600119941127    .0
0504600119941128    .0
0504600119941129    .0
0504600119941130    .0
0504600119941201    .0
0504600119941202    .0
0504600119941203    .0
0504600119941204    .0
0504600119941205    .4
0504600119941206    .0
0504600119941207   1.4
0504600119941208    .0
0504600119941209  14.0
0504600119941210    .0
0504600119941211    .0
0504600119941212    .0
0504600119941213    .0
0504600119941214    .0
0504600119941215    .0
0504600119941216    .0
0504600119941217    .0
0504600119941218    .0
0504600119941219   2.6
0504600119941220    .0
0504600119941221    .0
0504600119941222    .0
0504600119941223    .0
0504600119941224    .0
0504600119941225    .0
0504600119941226    .0
0504600119941227    .0
0504600119941228    .0
0504600119941229    .0
0504600119941230  22.2
0504600119941231   1.2
0504600119950101   1.2
0504600119950102    .0
0504600119950103    .0
0504600119950104    .0
0504600119950105    .0
0504600119950106    .0
0504600119950107    .0
0504600119950108    .0
0504600119950109    .0
0504600119950110   7.6
0504600119950111   2.4
0504600119950112    .0
0504600119950113    .0
0504600119950114    .0
0504600119950115    .0
0504600119950116    .0
0504600119950117    .0
0504600119950118  18.0
0504600119950119    .0
0504600119950120   2.6
0504600119950121   4.8
0504600119950122   3.2
0504600119950123  33.0
0504600119950124   5.0
0504600119950125    .4
0504600119950126   8.8
0504600119950127    .0
0504600119950128   4.6
0504600119950129   9.0
0504600119950130    .6
0504600119950131    .0
0504600119950201    .0
0504600119950202    .0
0504600119950203    .0
0504600119950204    .0
0504600119950205    .0
0504600119950206    .0
0504600119950207    .0
0504600119950208   6.0
0504600119950209    .0
0504600119950210  15.4
0504600119950211   3.0
0504600119950212    .2
0504600119950213  32.6
0504600119950214    .0
0504600119950215   9.4
0504600119950216    .2
0504600119950217  14.2
0504600119950218    .2
0504600119950219    .0
0504600119950220    .0
0504600119950221    .0
0504600119950222  11.0
0504600119950223   6.2
0504600119950224  26.8
0504600119950225  28.0
0504600119950226   2.2
0504600119950227    .0
0504600119950228    .0
0504600119950301    .0
0504600119950302    .0
0504600119950303   5.6
0504600119950304    .0
0504600119950305  11.6
0504600119950306    .0
0504600119950307    .0
0504600119950308   3.0
0504600119950309    .0
0504600119950310    .0
0504600119950311    .0
0504600119950312    .0
0504600119950313    .0
0504600119950314    .0
0504600119950315    .0
0504600119950316    .0
0504600119950317    .0
0504600119950318    .0
0504600119950319  10.6
0504600119950320    .0
0504600119950321    .0
0504600119950322    .0
0504600119950323    .0
0504600119950324    .0
0504600119950325    .0
0504600119950326    .0
0504600119950327   9.0
0504600119950328   6.0
0504600119950329   3.8
0504600119950330    .0
0504600119950331    .0
0504600119950401    .0
0504600119950402    .0
0504600119950403    .0
0504600119950404    .0
0504600119950405    .0
0504600119950406    .0
0504600119950407    .0
0504600119950408    .0
0504600119950409    .0
0504600119950410    .2
0504600119950411    .0
0504600119950412    .0
0504600119950413    .0
0504600119950414    .0
0504600119950415    .0
0504600119950416    .0
0504600119950417    .0
0504600119950418    .0
0504600119950419   5.6
0504600119950420   8.6
0504600119950421   7.4
0504600119950422  30.8
0504600119950423    .2
0504600119950424    .0
0504600119950425    .0
0504600119950426    .0
0504600119950427   3.8
0504600119950428    .0
0504600119950429  11.6
0504600119950430    .0
0504600119950501    .0
0504600119950502    .0
0504600119950503    .0
0504600119950504    .0
0504600119950505    .0
0504600119950506    .0
0504600119950507    .0
0504600119950508    .1
0504600119950509    .0
0504600119950510    .0
0504600119950511  19.6
0504600119950512    .4
0504600119950513    .0
0504600119950514    .0
0504600119950515   3.2
0504600119950516  18.4
0504600119950517    .4
0504600119950518  35.8
0504600119950519    .0
0504600119950520    .0
0504600119950521    .0
0504600119950522    .0
0504600119950523    .0
0504600119950524    .0
0504600119950525  11.8
0504600119950526  14.4
0504600119950527    .0
0504600119950528    .0
0504600119950529   4.6
0504600119950530  11.6
0504600119950531   3.5
0504600119950601    .4
0504600119950602    .0
0504600119950603    .0
0504600119950604    .2
0504600119950605    .0
0504600119950606    .0
0504600119950607    .0
0504600119950608   4.8
0504600119950609   1.0
0504600119950610   8.4
0504600119950611    .6
0504600119950612    .0
0504600119950613    .0
0504600119950614    .0
0504600119950615    .0
0504600119950616    .0
0504600119950617    .0
0504600119950618    .0
0504600119950619    .0
0504600119950620    .0
0504600119950621    .0
0504600119950622    .0
0504600119950623    .0
0504600119950624    .0
0504600119950625    .0
0504600119950626    .0
0504600119950627    .0
0504600119950628    .0
0504600119950629   3.6
0504600119950630    .4
0504600119950701    .0
0504600119950702    .0
0504600119950703  15.6
0504600119950704   1.4
0504600119950705   4.4
0504600119950706    .2
0504600119950707    .0
0504600119950708   1.2
0504600119950709    .0
0504600119950710    .0
0504600119950711    .6
0504600119950712    .0
0504600119950713    .0
0504600119950714    .6
0504600119950715    .0
0504600119950716    .0
0504600119950717    .0
0504600119950718    .0
0504600119950719    .0
0504600119950720    .0
0504600119950721    .0
0504600119950722    .0
0504600119950723    .0
0504600119950724    .0
0504600119950725    .0
0504600119950726    .0
0504600119950727    .0
0504600119950728    .0
0504600119950729    .0
0504600119950730   4.2
0504600119950731   2.4
0504600119950801    .0
0504600119950802    .2
0504600119950803    .0
0504600119950804  28.6
0504600119950805   1.0
0504600119950806   4.8
0504600119950807  11.6
0504600119950808  14.4
0504600119950809    .0
0504600119950810    .2
0504600119950811  13.0
0504600119950812    .0
0504600119950813   9.0
0504600119950814    .0
0504600119950815    .0
0504600119950816    .0
0504600119950817  19.6
0504600119950818    .0
0504600119950819   1.2
0504600119950820   3.0
0504600119950821    .0
0504600119950822    .4
0504600119950823    .2
0504600119950824    .0
0504600119950825    .0
0504600119950826    .0
0504600119950827    .2
0504600119950828    .0
0504600119950829    .0
0504600119950830    .0
0504600119950831    .0
0504600119950901    .0
0504600119950902    .0
0504600119950903    .0
0504600119950904    .0
0504600119950905   4.2
0504600119950906    .0
0504600119950907  18.2
0504600119950908   1.2
0504600119950909    .0
0504600119950910   1.2
0504600119950911   1.8
0504600119950912  19.4
0504600119950913   3.8
0504600119950914    .0
0504600119950915    .2
0504600119950916    .0
0504600119950917    .2
0504600119950918   2.0
0504600119950919  24.2
0504600119950920   1.0
0504600119950921    .0
0504600119950922    .0
0504600119950923    .0
0504600119950924   2.2
0504600119950925    .6
0504600119950926    .0
0504600119950927    .0
0504600119950928    .2
0504600119950929    .0
0504600119950930    .0
0504600119951001    .0
0504600119951002    .0
0504600119951003   4.2
0504600119951004   5.4
0504600119951005   8.2
0504600119951006   3.4
0504600119951007    .0
0504600119951008    .0
0504600119951009    .0
0504600119951010    .0
0504600119951011    .2
0504600119951012    .2
0504600119951013    .0
0504600119951014    .0
0504600119951015    .8
0504600119951016    .0
0504600119951017    .0
0504600119951018    .0
0504600119951019    .0
0504600119951020    .0
0504600119951021    .2
0504600119951022    .0
0504600119951023    .0
0504600119951024    .0
0504600119951025    .0
0504600119951026    .0
0504600119951027    .0
0504600119951028    .2
0504600119951029   4.8
0504600119951030    .0
0504600119951031    .0
0504600119951101    .0
0504600119951102    .0
0504600119951103    .0
0504600119951104    .0
0504600119951105    .0
0504600119951106    .0
0504600119951107    .0
0504600119951108    .0
0504600119951109    .0
0504600119951110   3.4
0504600119951111    .2
0504600119951112  19.4
0504600119951113   3.8
0504600119951114    .2
0504600119951115   6.8
0504600119951116  11.8
0504600119951117   5.4
0504600119951118    .0
0504600119951119    .0
0504600119951120    .0
0504600119951121    .0
0504600119951122   2.6
0504600119951123    .0
0504600119951124    .0
0504600119951125    .0
0504600119951126    .0
0504600119951127   3.0
0504600119951128    .0
0504600119951129    .0
0504600119951130    .0
0504600119951201    .0
0504600119951202    .0
0504600119951203    .0
0504600119951204    .0
0504600119951205    .0
0504600119951206    .0
0504600119951207   5.2
0504600119951208    .0
0504600119951209    .0
0504600119951210    .0
0504600119951211    .0
0504600119951212    .0
0504600119951213    .0
0504600119951214    .0
0504600119951215    .0
0504600119951216    .0
0504600119951217    .4
0504600119951218    .0
0504600119951219    .0
0504600119951220    .0
0504600119951221    .0
0504600119951222   5.2
0504600119951223  16.6
0504600119951224  32.4
0504600119951225  13.6
0504600119951226  12.6
0504600119951227    .0
0504600119951228  16.4
0504600119951229  17.8
0504600119951230  15.8
0504600119951231   1.2
0504600119960101   2.8
0504600119960102   1.8
0504600119960103    .0
0504600119960104    .0
0504600119960105  11.2
0504600119960106   7.8
0504600119960107   3.0
0504600119960108    .0
0504600119960109    .0
0504600119960110    .8
0504600119960111  22.4
0504600119960112   1.4
0504600119960113    .0
0504600119960114    .0
0504600119960115    .0
0504600119960116    .0
0504600119960117    .0
0504600119960118    .0
0504600119960119    .0
0504600119960120    .0
0504600119960121    .0
0504600119960122    .0
0504600119960123    .0
0504600119960124    .0
0504600119960125   2.4
0504600119960126   1.0
0504600119960127    .0
0504600119960128    .0
0504600119960129    .0
0504600119960130    .0
0504600119960131    .0
0504600119960201    .0
0504600119960202    .0
0504600119960203    .8
0504600119960204    .0
0504600119960205    .0
0504600119960206   2.2
0504600119960207   4.0
0504600119960208    .0
0504600119960209    .0
0504600119960210    .0
0504600119960211    .0
0504600119960212  16.6
0504600119960213    .2
0504600119960214    .0
0504600119960215    .0
0504600119960216    .0
0504600119960217    .0
0504600119960218   7.0
0504600119960219    .1
0504600119960220   2.2
0504600119960221    .0
0504600119960222    .0
0504600119960223    .0
0504600119960224    .0
0504600119960225    .0
0504600119960226    .0
0504600119960227    .0
0504600119960228    .0
0504600119960229    .0
0504600119960301    .0
0504600119960302    .0
0504600119960303    .0
0504600119960304    .0
0504600119960305    .0
0504600119960306    .0
0504600119960307    .0
0504600119960308    .0
0504600119960309    .0
0504600119960310    .0
0504600119960311    .0
0504600119960312    .0
0504600119960313    .0
0504600119960314    .2
0504600119960315    .0
0504600119960316    .0
0504600119960317    .0
0504600119960318   2.0
0504600119960319    .0
0504600119960320    .0
0504600119960321    .0
0504600119960322    .0
0504600119960323    .0
0504600119960324    .0
0504600119960325   1.0
0504600119960326    .2
0504600119960327    .0
0504600119960328    .0
0504600119960329    .0
0504600119960330    .0
0504600119960331    .0
0504600119960401  10.2
0504600119960402    .6
0504600119960403    .0
0504600119960404    .0
0504600119960405    .0
0504600119960406    .0
0504600119960407    .0
0504600119960408    .0
0504600119960409    .0
0504600119960410    .0
0504600119960411    .0
0504600119960412    .0
0504600119960413    .0
0504600119960414    .0
0504600119960415    .0
0504600119960416    .0
0504600119960417    .2
0504600119960418    .0
0504600119960419    .0
0504600119960420    .0
0504600119960421    .2
0504600119960422   4.6
0504600119960423  10.4
0504600119960424    .0
0504600119960425    .0
0504600119960426    .0
0504600119960427    .0
0504600119960428    .0
0504600119960429  10.8
0504600119960430   3.6
0504600119960501  14.6
0504600119960502  14.2
0504600119960503   6.6
0504600119960504    .0
0504600119960505    .0
0504600119960506    .0
0504600119960507   1.4
0504600119960508  10.4
0504600119960509    .0
0504600119960510   1.8
0504600119960511   1.2
0504600119960512    .4
0504600119960513    .0
0504600119960514    .0
0504600119960515    .0
0504600119960516   1.0
0504600119960517    .0
0504600119960518    .0
0504600119960519  16.8
0504600119960520    .0
0504600119960521    .0
0504600119960522    .0
0504600119960523    .0
0504600119960524    .0
0504600119960525    .0
0504600119960526    .2
0504600119960527    .0
0504600119960528    .0
0504600119960529    .0
0504600119960530    .0
0504600119960531    .0
0504600119960601    .0
0504600119960602    .8
0504600119960603    .0
0504600119960604    .0
0504600119960605    .0
0504600119960606    .0
0504600119960607   1.6
0504600119960608   1.2
0504600119960609   1.4
0504600119960610    .4
0504600119960611   2.4
0504600119960612   1.2
0504600119960613    .0
0504600119960614  14.6
0504600119960615   2.6
0504600119960616   3.2
0504600119960617    .0
0504600119960618    .0
0504600119960619    .0
0504600119960620  22.4
0504600119960621  15.2
0504600119960622    .0
0504600119960623   8.4
0504600119960624    .0
0504600119960625    .2
0504600119960626    .0
0504600119960627    .0
0504600119960628    .0
0504600119960629    .0
0504600119960630    .0
0504600119960701    .0
0504600119960702   8.4
0504600119960703    .0
0504600119960704    .0
0504600119960705  16.6
0504600119960706    .0
0504600119960707  17.8
0504600119960708    .2
0504600119960709    .0
0504600119960710    .0
0504600119960711    .0
0504600119960712   2.4
0504600119960713    .0
0504600119960714    .0
0504600119960715    .0
0504600119960716    .0
0504600119960717    .0
0504600119960718    .0
0504600119960719    .0
0504600119960720    .0
0504600119960721    .0
0504600119960722    .0
0504600119960723   3.8
0504600119960724   2.2
0504600119960725    .0
0504600119960726   1.2
0504600119960727  11.8
0504600119960728    .8
0504600119960729   6.4
0504600119960730    .0
0504600119960731    .0
0504600119960801    .0
0504600119960802    .0
0504600119960803    .0
0504600119960804   1.2
0504600119960805  10.6
0504600119960806   2.0
0504600119960807  24.8
0504600119960808    .0
0504600119960809    .0
0504600119960810  10.6
0504600119960811   3.4
0504600119960812    .0
0504600119960813    .0
0504600119960814    .2
0504600119960815    .0
0504600119960816    .0
0504600119960817    .0
0504600119960818    .0
0504600119960819   4.4
0504600119960820    .2
0504600119960821   6.2
0504600119960822    .6
0504600119960823    .0
0504600119960824  12.0
0504600119960825    .0
0504600119960826   1.6
0504600119960827  14.6
0504600119960828    .2
0504600119960829    .0
0504600119960830    .6
0504600119960831    .0
0504600119960901    .0
0504600119960902    .0
0504600119960903   1.2
0504600119960904    .0
0504600119960905    .0
0504600119960906    .0
0504600119960907    .0
0504600119960908    .0
0504600119960909   1.0
0504600119960910    .0
0504600119960911    .0
0504600119960912    .0
0504600119960913    .0
0504600119960914    .0
0504600119960915    .0
0504600119960916    .0
0504600119960917    .0
0504600119960918   3.0
0504600119960919    .0
0504600119960920  11.2
0504600119960921   3.8
0504600119960922   6.2
0504600119960923    .0
0504600119960924    .0
0504600119960925    .0
0504600119960926    .0
0504600119960927    .0
0504600119960928    .0
0504600119960929    .0
0504600119960930    .0
0504600119961001  10.0
0504600119961002    .0
0504600119961003    .0
0504600119961004    .0
0504600119961005    .0
0504600119961006    .0
0504600119961007   1.0
0504600119961008   3.0
0504600119961009    .0
0504600119961010    .0
0504600119961011    .0
0504600119961012    .0
0504600119961013    .0
0504600119961014   2.6
0504600119961015   9.2
0504600119961016    .2
0504600119961017    .0
0504600119961018    .0
0504600119961019    .0
0504600119961020    .0
0504600119961021    .0
0504600119961022    .0
0504600119961023    .0
0504600119961024    .0
0504600119961025    .0
0504600119961026    .0
0504600119961027    .0
0504600119961028   1.0
0504600119961029   3.6
0504600119961030    .0
0504600119961031    .0
0504600119961101    .0
0504600119961102    .0
0504600119961103    .0
0504600119961104    .0
0504600119961105   7.6
0504600119961106    .0
0504600119961107    .2
0504600119961108    .0
0504600119961109    .0
0504600119961110   2.4
0504600119961111  28.2
0504600119961112  12.8
0504600119961113  33.4
0504600119961114    .0
0504600119961115   3.4
0504600119961116   1.0
0504600119961117   9.2
0504600119961118   5.0
0504600119961119  16.2
0504600119961120   3.4
0504600119961121  17.0
0504600119961122   4.8
0504600119961123    .8
0504600119961124    .0
0504600119961125  20.6
0504600119961126    .0
0504600119961127   5.8
0504600119961128    .0
0504600119961129  22.4
0504600119961130  10.0
0504600119961201    .0
0504600119961202    .0
0504600119961203    .0
0504600119961204    .0
0504600119961205    .0
0504600119961206    .0
0504600119961207    .0
0504600119961208    .0
0504600119961209    .0
0504600119961210    .0
0504600119961211    .0
0504600119961212   4.6
0504600119961213  26.4
0504600119961214    .2
0504600119961215    .0
0504600119961216    .0
0504600119961217    .0
0504600119961218   3.2
0504600119961219  28.4
0504600119961220   2.8
0504600119961221   3.2
0504600119961222   3.6
0504600119961223   4.0
0504600119961224    .0
0504600119961225    .0
0504600119961226    .0
0504600119961227   2.0
0504600119961228    .6
0504600119961229    .0
0504600119961230    .0
0504600119961231   2.8
0504600119970101    .8
0504600119970102   2.4
0504600119970103   8.4
0504600119970104    .8
0504600119970105   1.4
0504600119970106    .0
0504600119970107    .0
0504600119970108    .0
0504600119970109    .0
0504600119970110    .0
0504600119970111    .0
0504600119970112    .0
0504600119970113    .0
0504600119970114    .0
0504600119970115    .0
0504600119970116    .0
0504600119970117    .0
0504600119970118    .4
0504600119970119  23.6
0504600119970120   9.4
0504600119970121   1.4
0504600119970122   6.6
0504600119970123    .0
0504600119970124    .0
0504600119970125    .0
0504600119970126    .0
0504600119970127    .0
0504600119970128    .0
0504600119970129    .0
0504600119970130    .0
0504600119970131    .0
0504600119970201    .0
0504600119970202    .0
0504600119970203    .0
0504600119970204    .0
0504600119970205    .4
0504600119970206    .0
0504600119970207    .0
0504600119970208    .0
0504600119970209    .0
0504600119970210    .0
0504600119970211    .0
0504600119970212    .0
0504600119970213   3.2
0504600119970214  24.6
0504600119970215    .0
0504600119970216    .0
0504600119970217    .0
0504600119970218    .0
0504600119970219    .0
0504600119970220    .0
0504600119970221    .0
0504600119970222    .0
0504600119970223   1.8
0504600119970224   4.4
0504600119970225    .6
0504600119970226    .2
0504600119970227    .0
0504600119970228    .0
0504600119970301    .0
0504600119970302    .0
0504600119970303    .0
0504600119970304    .0
0504600119970305    .0
0504600119970306    .0
0504600119970307    .0
0504600119970308    .0
0504600119970309    .0
0504600119970310    .0
0504600119970311    .0
0504600119970312    .0
0504600119970313    .0
0504600119970314    .0
0504600119970315    .0
0504600119970316    .0
0504600119970317    .0
0504600119970318    .0
0504600119970319    .0
0504600119970320    .0
0504600119970321    .0
0504600119970322    .0
0504600119970323    .0
0504600119970324    .0
0504600119970325    .0
0504600119970326    .0
0504600119970327    .0
0504600119970328    .0
0504600119970329    .0
0504600119970330    .0
0504600119970331    .0
0504600119970401    .0
0504600119970402    .0
0504600119970403    .0
0504600119970404    .0
0504600119970405    .0
0504600119970406    .0
0504600119970407    .0
0504600119970408    .0
0504600119970409    .0
0504600119970410    .0
0504600119970411    .0
0504600119970412    .0
0504600119970413    .0
0504600119970414    .0
0504600119970415    .0
0504600119970416    .0
0504600119970417    .0
0504600119970418    .0
0504600119970419  11.2
0504600119970420    .0
0504600119970421    .0
0504600119970422    .0
0504600119970423    .0
0504600119970424    .0
0504600119970425   1.4
0504600119970426  15.0
0504600119970427  17.0
0504600119970428    .0
0504600119970429    .0
0504600119970430    .0
0504600119970501    .0
0504600119970502    .0
0504600119970503    .0
0504600119970504    .2
0504600119970505  11.0
0504600119970506  17.8
0504600119970507    .0
0504600119970508    .0
0504600119970509   5.2
0504600119970510    .0
0504600119970511   2.8
0504600119970512  11.0
0504600119970513   1.8
0504600119970514    .0
0504600119970515    .0
0504600119970516    .0
0504600119970517   3.4
0504600119970518    .0
0504600119970519    .0
0504600119970520   3.2
0504600119970521    .0
0504600119970522    .0
0504600119970523    .0
0504600119970524    .0
0504600119970525   5.8
0504600119970526    .0
0504600119970527    .0
0504600119970528    .0
0504600119970529    .0
0504600119970530    .0
0504600119970531    .0
0504600119970601   7.2
0504600119970602    .0
0504600119970603    .0
0504600119970604   2.0
0504600119970605    .0
0504600119970606    .0
0504600119970607    .0
0504600119970608    .0
0504600119970609    .0
0504600119970610    .0
0504600119970611    .2
0504600119970612    .0
0504600119970613   1.2
0504600119970614   1.6
0504600119970615    .0
0504600119970616  16.4
0504600119970617    .0
0504600119970618    .4
0504600119970619   4.6
0504600119970620    .0
0504600119970621  30.0
0504600119970622   9.6
0504600119970623    .0
0504600119970624    .0
0504600119970625   2.4
0504600119970626  39.6
0504600119970627   2.2
0504600119970628  10.6
0504600119970629   9.6
0504600119970630   6.8
0504600119970701    .4
0504600119970702   4.2
0504600119970703   1.4
0504600119970704  30.0
0504600119970705   5.2
0504600119970706    .0
0504600119970707    .0
0504600119970708    .0
0504600119970709    .0
0504600119970710   6.4
0504600119970711    .2
0504600119970712    .0
0504600119970713    .0
0504600119970714    .0
0504600119970715    .0
0504600119970716    .0
0504600119970717   2.2
0504600119970718    .0
0504600119970719    .0
0504600119970720    .0
0504600119970721    .0
0504600119970722    .0
0504600119970723    .2
0504600119970724    .0
0504600119970725    .0
0504600119970726    .0
0504600119970727    .0
0504600119970728   8.8
0504600119970729    .0
0504600119970730    .0
0504600119970731    .0
0504600119970801    .0
0504600119970802    .0
0504600119970803    .0
0504600119970804    .0
0504600119970805   1.6
0504600119970806   2.4
0504600119970807  10.6
0504600119970808    .0
0504600119970809    .0
0504600119970810    .0
0504600119970811    .4
0504600119970812    .0
0504600119970813    .0
0504600119970814    .0
0504600119970815    .0
0504600119970816   6.6
0504600119970817    .0
0504600119970818    .0
0504600119970819    .0
0504600119970820    .0
0504600119970821    .2
0504600119970822    .0
0504600119970823    .0
0504600119970824    .0
0504600119970825    .0
0504600119970826   2.0
0504600119970827   1.0
0504600119970828  28.0
0504600119970829    .0
0504600119970830    .0
0504600119970831    .0
0504600119970901   1.4
0504600119970902   1.8
0504600119970903    .0
0504600119970904    .0
0504600119970905    .0
0504600119970906    .0
0504600119970907    .0
0504600119970908    .0
0504600119970909    .0
0504600119970910    .0
0504600119970911    .0
0504600119970912    .0
0504600119970913    .2
0504600119970914    .0
0504600119970915    .0
0504600119970916    .0
0504600119970917    .0
0504600119970918    .0
0504600119970919    .0
0504600119970920    .0
0504600119970921    .0
0504600119970922   1.0
0504600119970923    .0
0504600119970924    .0
0504600119970925    .0
0504600119970926    .0
0504600119970927    .0
0504600119970928    .0
0504600119970929    .0
0504600119970930    .0
0504600119971001    .0
0504600119971002    .0
0504600119971003    .0
0504600119971004    .0
0504600119971005    .0
0504600119971006   2.4
0504600119971007  29.2
0504600119971008    .2
0504600119971009    .0
0504600119971010    .4
0504600119971011    .8
0504600119971012    .2
0504600119971013    .0
0504600119971014    .0
0504600119971015    .0
0504600119971016    .0
0504600119971017    .0
0504600119971018    .0
0504600119971019    .0
0504600119971020    .0
0504600119971021    .0
0504600119971022   4.0
0504600119971023  12.0
0504600119971024    .0
0504600119971025    .0
0504600119971026    .0
0504600119971027    .0
0504600119971028    .0
0504600119971029    .0
0504600119971030    .0
0504600119971031    .0
0504600119971101    .0
0504600119971102    .0
0504600119971103    .0
0504600119971104    .2
0504600119971105  14.2
0504600119971106  15.8
0504600119971107    .0
0504600119971108   7.0
0504600119971109   8.6
0504600119971110   7.8
0504600119971111   9.6
0504600119971112   3.4
0504600119971113    .0
0504600119971114    .0
0504600119971115    .0
0504600119971116    .0
0504600119971117    .0
0504600119971118    .0
0504600119971119    .0
0504600119971120   3.0
0504600119971121    .0
0504600119971122    .0
0504600119971123    .0
0504600119971124    .0
0504600119971125    .0
0504600119971126    .0
0504600119971127    .0
0504600119971128   3.0
0504600119971129    .0
0504600119971130    .0
0504600119971201    .0
0504600119971202  10.6
0504600119971203    .0
0504600119971204    .0
0504600119971205    .0
0504600119971206    .0
0504600119971207    .0
0504600119971208    .0
0504600119971209    .0
0504600119971210    .0
0504600119971211   6.4
0504600119971212    .0
0504600119971213    .0
0504600119971214    .0
0504600119971215    .0
0504600119971216   7.0
0504600119971217   5.0
0504600119971218  12.4
0504600119971219   5.4
0504600119971220   2.2
0504600119971221    .0
0504600119971222    .0
0504600119971223    .0
0504600119971224    .0
0504600119971225    .4
0504600119971226    .6
0504600119971227    .0
0504600119971228    .0
0504600119971229    .0
0504600119971230    .0
0504600119971231    .0
0504600119980101   2.4
0504600119980102  13.6
0504600119980103   9.2
0504600119980104   3.0
0504600119980105   2.4
0504600119980106    .0
0504600119980107    .0
0504600119980108    .0
0504600119980109    .0
0504600119980110    .0
0504600119980111    .0
0504600119980112    .0
0504600119980113   3.6
0504600119980114   9.2
0504600119980115    .0
0504600119980116  10.6
0504600119980117    .0
0504600119980118  21.2
0504600119980119  10.6
0504600119980120    .0
0504600119980121    .0
0504600119980122    .0
0504600119980123    .0
0504600119980124    .0
0504600119980125    .0
0504600119980126    .0
0504600119980127    .0
0504600119980128    .0
0504600119980129    .0
0504600119980130    .0
0504600119980131    .0
0504600119980201    .0
0504600119980202    .0
0504600119980203    .0
0504600119980204    .0
0504600119980205    .0
0504600119980206    .0
0504600119980207    .0
0504600119980208    .0
0504600119980209    .0
0504600119980210    .0
0504600119980211    .0
0504600119980212    .0
0504600119980213    .0
0504600119980214    .0
0504600119980215    .0
0504600119980216    .0
0504600119980217    .0
0504600119980218    .0
0504600119980219    .0
0504600119980220    .0
0504600119980221   3.8
0504600119980222   8.8
0504600119980223    .0
0504600119980224    .0
0504600119980225    .0
0504600119980226    .0
0504600119980227    .0
0504600119980228    .0
0504600119980301    .0
0504600119980302    .0
0504600119980303    .0
0504600119980304    .0
0504600119980305    .0
0504600119980306    .0
0504600119980307    .0
0504600119980308   2.4
0504600119980309    .0
0504600119980310    .0
0504600119980311    .0
0504600119980312    .0
0504600119980313    .0
0504600119980314    .0
0504600119980315    .0
0504600119980316    .0
0504600119980317    .0
0504600119980318    .0
0504600119980319    .0
0504600119980320    .0
0504600119980321    .0
0504600119980322    .0
0504600119980323    .0
0504600119980324    .0
0504600119980325    .0
0504600119980326    .0
0504600119980327    .0
0504600119980328    .0
0504600119980329    .0
0504600119980330    .0
0504600119980331    .0
0504600119980401    .0
0504600119980402    .0
0504600119980403    .0
0504600119980404   3.4
0504600119980405   2.2
0504600119980406   2.4
0504600119980407  14.8
0504600119980408    .0
0504600119980409  12.4
0504600119980410   5.8
0504600119980411    .0
0504600119980412   4.2
0504600119980413    .0
0504600119980414    .6
0504600119980415  11.0
0504600119980416   3.8
0504600119980417   3.2
0504600119980418    .0
0504600119980419    .0
0504600119980420    .0
0504600119980421    .0
0504600119980422    .0
0504600119980423    .0
0504600119980424    .0
0504600119980425    .0
0504600119980426    .0
0504600119980427  10.2
0504600119980428    .0
0504600119980429    .4
0504600119980430    .0
0504600119980501   2.6
0504600119980502    .0
0504600119980503    .0
0504600119980504    .0
0504600119980505    .0
0504600119980506    .0
0504600119980507    .0
0504600119980508    .0
0504600119980509    .0
0504600119980510    .0
0504600119980511    .0
0504600119980512    .0
0504600119980513    .0
0504600119980514    .0
0504600119980515    .0
0504600119980516    .0
0504600119980517    .0
0504600119980518    .0
0504600119980519    .0
0504600119980520    .0
0504600119980521   3.8
0504600119980522    .0
0504600119980523    .0
0504600119980524    .0
0504600119980525    .0
0504600119980526    .2
0504600119980527   3.0
0504600119980528  14.6
0504600119980529   3.4
0504600119980530    .2
0504600119980531   9.6
0504600119980601    .0
0504600119980602   1.4
0504600119980603   3.4
0504600119980604  19.2
0504600119980605    .0
0504600119980606  14.4
0504600119980607   2.4
0504600119980608    .0
0504600119980609    .0
0504600119980610  19.4
0504600119980611    .0
0504600119980612    .0
0504600119980613    .0
0504600119980614    .0
0504600119980615    .0
0504600119980616    .0
0504600119980617    .0
0504600119980618    .0
0504600119980619    .0
0504600119980620    .0
0504600119980621    .0
0504600119980622    .0
0504600119980623    .0
0504600119980624    .0
0504600119980625    .0
0504600119980626    .0
0504600119980627    .0
0504600119980628    .0
0504600119980629   3.8
0504600119980630    .0
0504600119980701    .2
0504600119980702    .6
0504600119980703   2.8
0504600119980704    .0
0504600119980705    .0
0504600119980706    .0
0504600119980707    .2
0504600119980708    .0
0504600119980709    .0
0504600119980710    .0
0504600119980711    .0
0504600119980712    .0
0504600119980713   3.8
0504600119980714    .0
0504600119980715    .0
0504600119980716    .0
0504600119980717    .0
0504600119980718    .0
0504600119980719    .0
0504600119980720    .0
0504600119980721    .0
0504600119980722    .0
0504600119980723    .0
0504600119980724    .0
0504600119980725    .0
0504600119980726  14.8
0504600119980727    .6
0504600119980728    .0
0504600119980729    .0
0504600119980730   2.2
0504600119980731   2.2
0504600119980801    .0
0504600119980802   4.8
0504600119980803   2.2
0504600119980804    .0
0504600119980805    .0
0504600119980806    .0
0504600119980807    .0
0504600119980808    .0
0504600119980809    .0
0504600119980810    .0
0504600119980811    .0
0504600119980812  13.4
0504600119980813    .0
0504600119980814    .0
0504600119980815    .0
0504600119980816   8.2
0504600119980817    .0
0504600119980818   1.0
0504600119980819    .0
0504600119980820    .0
0504600119980821    .0
0504600119980822    .0
0504600119980823    .0
0504600119980824    .0
0504600119980825    .0
0504600119980826    .0
0504600119980827    .0
0504600119980828    .0
0504600119980829    .0
0504600119980830    .0
0504600119980831    .0
0504600119980901    .0
0504600119980902   4.4
0504600119980903    .0
0504600119980904  19.2
0504600119980905    .0
0504600119980906    .0
0504600119980907   7.8
0504600119980908    .2
0504600119980909    .0
0504600119980910    .0
0504600119980911  16.4
0504600119980912    .0
0504600119980913   1.0
0504600119980914    .0
0504600119980915    .0
0504600119980916    .0
0504600119980917    .0
0504600119980918    .0
0504600119980919    .0
0504600119980920    .0
0504600119980921    .0
0504600119980922    .0
0504600119980923    .0
0504600119980924    .0
0504600119980925    .2
0504600119980926   4.4
0504600119980927   8.6
0504600119980928    .2
0504600119980929   5.6
0504600119980930  24.0
0504600119981001   4.0
0504600119981002   3.4
0504600119981003    .0
0504600119981004    .4
0504600119981005  11.4
0504600119981006   1.8
0504600119981007   5.6
0504600119981008    .6
0504600119981009    .2
0504600119981010    .0
0504600119981011    .0
0504600119981012    .0
0504600119981013    .0
0504600119981014    .0
0504600119981015    .0
0504600119981016    .0
0504600119981017   3.8
0504600119981018   2.6
0504600119981019   2.8
0504600119981020    .0
0504600119981021    .0
0504600119981022    .0
0504600119981023    .0
0504600119981024  24.4
0504600119981025  15.0
0504600119981026    .8
0504600119981027    .0
0504600119981028    .0
0504600119981029    .8
0504600119981030    .0
0504600119981031    .6
0504600119981101   4.2
0504600119981102   5.0
0504600119981103  21.0
0504600119981104   5.0
0504600119981105    .0
0504600119981106    .0
0504600119981107    .0
0504600119981108    .0
0504600119981109    .0
0504600119981110   4.0
0504600119981111    .0
0504600119981112    .0
0504600119981113   2.0
0504600119981114   2.0
0504600119981115    .0
0504600119981116    .0
0504600119981117    .0
0504600119981118    .0
0504600119981119    .0
0504600119981120    .0
0504600119981121    .0
0504600119981122    .0
0504600119981123    .0
0504600119981124    .0
0504600119981125   1.6
0504600119981126    .0
0504600119981127    .0
0504600119981128    .0
0504600119981129    .0
0504600119981130    .0
0504600119981201    .0
0504600119981202    .0
0504600119981203    .0
0504600119981204    .0
0504600119981205    .0
0504600119981206    .0
0504600119981207    .0
0504600119981208    .0
0504600119981209    .0
0504600119981210    .4
0504600119981211   1.4
0504600119981212    .0
0504600119981213    .0
0504600119981214    .0
0504600119981215    .0
0504600119981216    .0
0504600119981217    .0
0504600119981218    .0
0504600119981219    .0
0504600119981220    .4
0504600119981221    .0
0504600119981222    .0
0504600119981223    .0
0504600119981224    .0
0504600119981225    .0
0504600119981226    .0
0504600119981227    .0
0504600119981228    .0
0504600119981229    .0
0504600119981230    .0
0504600119981231    .0
