0608800119940101    .0
0608800119940102    .0
0608800119940103    .0
0608800119940104    .0
0608800119940105  26.2
0608800119940106  30.0
0608800119940107  34.6
0608800119940108   4.8
0608800119940109    .0
0608800119940110  73.4
0608800119940111    .0
0608800119940112    .0
0608800119940113    .0
0608800119940114    .0
0608800119940115    .0
0608800119940116    .0
0608800119940117   6.4
0608800119940118    .0
0608800119940119    .0
0608800119940120    .0
0608800119940121    .0
0608800119940122    .0
0608800119940123    .0
0608800119940124    .0
0608800119940125    .0
0608800119940126    .0
0608800119940127    .0
0608800119940128    .0
0608800119940129    .0
0608800119940130    .0
0608800119940131    .0
0608800119940201    .0
0608800119940202    .0
0608800119940203  29.7
0608800119940204  31.4
0608800119940205  45.8
0608800119940206    .0
0608800119940207    .0
0608800119940208    .0
0608800119940209    .0
0608800119940210    .0
0608800119940211    .0
0608800119940212    .0
0608800119940213    .0
0608800119940214  11.0
0608800119940215    .6
0608800119940216    .0
0608800119940217    .0
0608800119940218    .0
0608800119940219    .0
0608800119940220   1.4
0608800119940221    .0
0608800119940222    .0
0608800119940223   2.6
0608800119940224    .0
0608800119940225    .0
0608800119940226    .0
0608800119940227    .2
0608800119940228    .6
0608800119940301  20.2
0608800119940302    .0
0608800119940303    .0
0608800119940304    .0
0608800119940305    .0
0608800119940306    .0
0608800119940307    .0
0608800119940308    .0
0608800119940309    .0
0608800119940310    .0
0608800119940311    .0
0608800119940312    .0
0608800119940313    .0
0608800119940314    .0
0608800119940315    .0
0608800119940316    .0
0608800119940317    .0
0608800119940318    .0
0608800119940319    .0
0608800119940320    .0
0608800119940321    .0
0608800119940322    .0
0608800119940323    .0
0608800119940324    .0
0608800119940325    .0
0608800119940326    .0
0608800119940327    .0
0608800119940328    .0
0608800119940329    .0
0608800119940330    .0
0608800119940331    .0
0608800119940401    .0
0608800119940402    .0
0608800119940403    .0
0608800119940404    .0
0608800119940405    .0
0608800119940406    .0
0608800119940407   6.6
0608800119940408    .0
0608800119940409    .0
0608800119940410    .0
0608800119940411    .0
0608800119940412    .0
0608800119940413    .0
0608800119940414    .6
0608800119940415    .0
0608800119940416  19.4
0608800119940417    .6
0608800119940418    .1
0608800119940419    .0
0608800119940420    .0
0608800119940421    .0
0608800119940422    .0
0608800119940423    .0
0608800119940424  31.0
0608800119940425    .6
0608800119940426    .0
0608800119940427    .0
0608800119940428    .0
0608800119940429    .0
0608800119940430    .0
0608800119940501    .0
0608800119940502   1.6
0608800119940503    .0
0608800119940504    .0
0608800119940505    .0
0608800119940506    .0
0608800119940507    .0
0608800119940508    .0
0608800119940509   3.2
0608800119940510    .0
0608800119940511    .0
0608800119940512    .0
0608800119940513   7.4
0608800119940514    .0
0608800119940515    .0
0608800119940516   1.2
0608800119940517   6.0
0608800119940518   2.8
0608800119940519    .0
0608800119940520    .0
0608800119940521    .0
0608800119940522    .0
0608800119940523    .0
0608800119940524   2.0
0608800119940525    .0
0608800119940526    .0
0608800119940527    .0
0608800119940528    .0
0608800119940529    .0
0608800119940530    .0
0608800119940531    .0
0608800119940601    .0
0608800119940602    .0
0608800119940603    .0
0608800119940604    .0
0608800119940605    .0
0608800119940606    .0
0608800119940607    .0
0608800119940608    .0
0608800119940609   9.0
0608800119940610    .2
0608800119940611   2.4
0608800119940612   1.2
0608800119940613    .6
0608800119940614    .0
0608800119940615    .0
0608800119940616    .0
0608800119940617    .0
0608800119940618    .0
0608800119940619    .0
0608800119940620    .0
0608800119940621    .0
0608800119940622    .0
0608800119940623    .0
0608800119940624    .0
0608800119940625   1.4
0608800119940626   4.6
0608800119940627    .2
0608800119940628    .0
0608800119940629    .0
0608800119940630    .0
0608800119940701    .0
0608800119940702    .0
0608800119940703    .0
0608800119940704    .0
0608800119940705    .0
0608800119940706    .0
0608800119940707    .0
0608800119940708    .0
0608800119940709    .0
0608800119940710    .0
0608800119940711    .0
0608800119940712    .0
0608800119940713    .0
0608800119940714    .0
0608800119940715    .0
0608800119940716    .0
0608800119940717    .0
0608800119940718    .0
0608800119940719  20.0
0608800119940720    .0
0608800119940721    .0
0608800119940722    .0
0608800119940723    .0
0608800119940724    .0
0608800119940725    .0
0608800119940726    .0
0608800119940727    .4
0608800119940728    .0
0608800119940729    .0
0608800119940730    .0
0608800119940731   2.4
0608800119940801    .2
0608800119940802    .0
0608800119940803    .0
0608800119940804    .0
0608800119940805    .0
0608800119940806    .0
0608800119940807    .0
0608800119940808    .0
0608800119940809    .0
0608800119940810    .0
0608800119940811    .0
0608800119940812    .0
0608800119940813    .6
0608800119940814    .0
0608800119940815    .0
0608800119940816    .0
0608800119940817    .0
0608800119940818    .0
0608800119940819    .0
0608800119940820    .0
0608800119940821    .0
0608800119940822    .0
0608800119940823    .0
0608800119940824    .0
0608800119940825    .0
0608800119940826    .0
0608800119940827    .0
0608800119940828    .0
0608800119940829    .0
0608800119940830    .0
0608800119940831  32.2
0608800119940901  14.8
0608800119940902    .0
0608800119940903    .0
0608800119940904    .0
0608800119940905    .0
0608800119940906    .0
0608800119940907    .0
0608800119940908   6.6
0608800119940909    .0
0608800119940910    .0
0608800119940911    .0
0608800119940912    .0
0608800119940913  20.6
0608800119940914  19.0
0608800119940915    .0
0608800119940916  21.6
0608800119940917    .6
0608800119940918   1.2
0608800119940919    .0
0608800119940920    .2
0608800119940921   9.4
0608800119940922   1.6
0608800119940923   8.6
0608800119940924    .0
0608800119940925   4.8
0608800119940926  20.0
0608800119940927    .0
0608800119940928    .0
0608800119940929    .2
0608800119940930   9.8
0608800119941001    .0
0608800119941002    .0
0608800119941003    .0
0608800119941004    .0
0608800119941005    .0
0608800119941006    .0
0608800119941007    .6
0608800119941008    .0
0608800119941009    .0
0608800119941010   1.8
0608800119941011    .0
0608800119941012    .0
0608800119941013    .0
0608800119941014    .0
0608800119941015    .0
0608800119941016    .0
0608800119941017    .0
0608800119941018    .0
0608800119941019   9.6
0608800119941020  14.8
0608800119941021   8.8
0608800119941022   2.0
0608800119941023   2.0
0608800119941024    .0
0608800119941025    .0
0608800119941026    .0
0608800119941027   3.2
0608800119941028  19.6
0608800119941029    .0
0608800119941030    .0
0608800119941031    .0
0608800119941101    .0
0608800119941102  13.8
0608800119941103  12.0
0608800119941104  16.2
0608800119941105  37.2
0608800119941106    .0
0608800119941107  25.0
0608800119941108    .0
0608800119941109  37.0
0608800119941110    .0
0608800119941111    .0
0608800119941112    .0
0608800119941113    .0
0608800119941114    .0
0608800119941115    .0
0608800119941116    .0
0608800119941117    .0
0608800119941118    .0
0608800119941119    .0
0608800119941120    .0
0608800119941121    .0
0608800119941122    .0
0608800119941123    .0
0608800119941124    .0
0608800119941125    .0
0608800119941126    .0
0608800119941127    .0
0608800119941128    .0
0608800119941129    .0
0608800119941130    .0
0608800119941201    .0
0608800119941202    .0
0608800119941203    .0
0608800119941204    .0
0608800119941205    .0
0608800119941206    .0
0608800119941207   7.4
0608800119941208    .0
0608800119941209    .0
0608800119941210    .0
0608800119941211    .0
0608800119941212    .0
0608800119941213    .0
0608800119941214    .0
0608800119941215    .0
0608800119941216    .0
0608800119941217    .0
0608800119941218  13.8
0608800119941219  13.4
0608800119941220   3.8
0608800119941221    .0
0608800119941222    .0
0608800119941223    .0
0608800119941224    .0
0608800119941225    .0
0608800119941226    .0
0608800119941227    .0
0608800119941228    .0
0608800119941229    .0
0608800119941230    .0
0608800119941231    .0
0608800119950101    .6
0608800119950102    .0
0608800119950103    .0
0608800119950104    .0
0608800119950105    .0
0608800119950106    .0
0608800119950107    .0
0608800119950108    .0
0608800119950109    .0
0608800119950110    .0
0608800119950111    .0
0608800119950112    .4
0608800119950113    .0
0608800119950114    .0
0608800119950115    .0
0608800119950116    .0
0608800119950117    .0
0608800119950118  56.2
0608800119950119    .0
0608800119950120   3.2
0608800119950121    .0
0608800119950122    .0
0608800119950123    .0
0608800119950124    .0
0608800119950125    .0
0608800119950126    .0
0608800119950127    .0
0608800119950128    .0
0608800119950129    .0
0608800119950130    .0
0608800119950131    .0
0608800119950201    .0
0608800119950202    .0
0608800119950203    .0
0608800119950204    .0
0608800119950205    .0
0608800119950206    .0
0608800119950207    .0
0608800119950208    .0
0608800119950209    .0
0608800119950210   8.0
0608800119950211   5.0
0608800119950212   2.4
0608800119950213  32.8
0608800119950214    .0
0608800119950215    .0
0608800119950216    .0
0608800119950217    .0
0608800119950218    .2
0608800119950219    .0
0608800119950220    .0
0608800119950221    .0
0608800119950222   2.0
0608800119950223    .0
0608800119950224    .0
0608800119950225   2.8
0608800119950226   2.4
0608800119950227    .0
0608800119950228    .0
0608800119950301    .0
0608800119950302    .0
0608800119950303    .0
0608800119950304    .2
0608800119950305    .8
0608800119950306    .0
0608800119950307    .2
0608800119950308  17.0
0608800119950309    .0
0608800119950310    .0
0608800119950311    .0
0608800119950312    .0
0608800119950313    .0
0608800119950314    .0
0608800119950315    .0
0608800119950316    .0
0608800119950317    .0
0608800119950318    .0
0608800119950319    .0
0608800119950320    .0
0608800119950321    .0
0608800119950322    .0
0608800119950323    .0
0608800119950324    .0
0608800119950325    .0
0608800119950326    .0
0608800119950327    .0
0608800119950328    .0
0608800119950329    .0
0608800119950330    .0
0608800119950331    .0
0608800119950401    .0
0608800119950402    .0
0608800119950403    .0
0608800119950404    .0
0608800119950405    .0
0608800119950406    .0
0608800119950407    .0
0608800119950408    .0
0608800119950409    .0
0608800119950410    .0
0608800119950411    .0
0608800119950412    .0
0608800119950413   4.4
0608800119950414   4.6
0608800119950415    .0
0608800119950416    .0
0608800119950417    .0
0608800119950418    .0
0608800119950419   3.6
0608800119950420   1.6
0608800119950421   1.4
0608800119950422  32.8
0608800119950423  13.8
0608800119950424  28.6
0608800119950425    .8
0608800119950426    .0
0608800119950427   1.0
0608800119950428    .0
0608800119950429    .2
0608800119950430    .0
0608800119950501    .0
0608800119950502    .0
0608800119950503    .0
0608800119950504    .0
0608800119950505    .0
0608800119950506    .0
0608800119950507    .0
0608800119950508    .0
0608800119950509    .0
0608800119950510    .0
0608800119950511  11.6
0608800119950512   1.6
0608800119950513    .6
0608800119950514    .0
0608800119950515    .0
0608800119950516   5.0
0608800119950517    .0
0608800119950518   9.0
0608800119950519    .0
0608800119950520    .8
0608800119950521    .0
0608800119950522    .0
0608800119950523    .0
0608800119950524    .0
0608800119950525  12.0
0608800119950526   6.8
0608800119950527    .0
0608800119950528    .0
0608800119950529    .0
0608800119950530    .2
0608800119950531  10.8
0608800119950601    .0
0608800119950602    .0
0608800119950603    .0
0608800119950604    .0
0608800119950605    .0
0608800119950606    .0
0608800119950607    .0
0608800119950608    .0
0608800119950609    .0
0608800119950610    .6
0608800119950611    .0
0608800119950612   4.6
0608800119950613    .0
0608800119950614    .0
0608800119950615    .0
0608800119950616    .0
0608800119950617    .0
0608800119950618    .0
0608800119950619    .0
0608800119950620    .0
0608800119950621    .0
0608800119950622    .0
0608800119950623  14.4
0608800119950624    .0
0608800119950625    .0
0608800119950626    .0
0608800119950627    .0
0608800119950628    .0
0608800119950629    .0
0608800119950630    .0
0608800119950701    .0
0608800119950702    .0
0608800119950703    .0
0608800119950704    .0
0608800119950705    .4
0608800119950706    .0
0608800119950707    .0
0608800119950708    .0
0608800119950709    .0
0608800119950710    .0
0608800119950711    .0
0608800119950712    .0
0608800119950713    .0
0608800119950714    .0
0608800119950715    .0
0608800119950716    .0
0608800119950717    .0
0608800119950718    .0
0608800119950719    .0
0608800119950720    .0
0608800119950721    .0
0608800119950722    .0
0608800119950723    .0
0608800119950724    .0
0608800119950725    .0
0608800119950726    .0
0608800119950727    .0
0608800119950728    .0
0608800119950729   1.2
0608800119950730   1.2
0608800119950731    .6
0608800119950801    .6
0608800119950802    .0
0608800119950803    .0
0608800119950804    .0
0608800119950805   2.0
0608800119950806    .0
0608800119950807    .0
0608800119950808    .0
0608800119950809    .0
0608800119950810    .0
0608800119950811   7.8
0608800119950812    .2
0608800119950813    .8
0608800119950814   3.6
0608800119950815    .0
0608800119950816    .0
0608800119950817  11.0
0608800119950818    .0
0608800119950819    .2
0608800119950820    .0
0608800119950821    .0
0608800119950822    .0
0608800119950823   1.0
0608800119950824    .0
0608800119950825    .0
0608800119950826    .0
0608800119950827    .0
0608800119950828    .0
0608800119950829    .0
0608800119950830    .0
0608800119950831  10.0
0608800119950901    .0
0608800119950902    .0
0608800119950903    .0
0608800119950904    .0
0608800119950905    .0
0608800119950906    .4
0608800119950907  54.2
0608800119950908    .0
0608800119950909    .0
0608800119950910    .0
0608800119950911    .0
0608800119950912  14.6
0608800119950913    .4
0608800119950914    .0
0608800119950915    .0
0608800119950916    .0
0608800119950917    .0
0608800119950918   3.4
0608800119950919  14.2
0608800119950920    .4
0608800119950921    .0
0608800119950922    .0
0608800119950923    .0
0608800119950924    .4
0608800119950925    .0
0608800119950926    .0
0608800119950927    .0
0608800119950928    .0
0608800119950929    .0
0608800119950930    .0
0608800119951001    .0
0608800119951002    .0
0608800119951003   3.6
0608800119951004   3.6
0608800119951005  41.2
0608800119951006    .0
0608800119951007    .0
0608800119951008    .0
0608800119951009    .0
0608800119951010    .0
0608800119951011    .0
0608800119951012    .0
0608800119951013    .0
0608800119951014    .0
0608800119951015    .0
0608800119951016    .0
0608800119951017    .0
0608800119951018    .0
0608800119951019    .0
0608800119951020    .0
0608800119951021    .0
0608800119951022    .0
0608800119951023    .0
0608800119951024    .0
0608800119951025    .0
0608800119951026    .0
0608800119951027    .0
0608800119951028    .0
0608800119951029   7.2
0608800119951030    .0
0608800119951031    .0
0608800119951101    .0
0608800119951102    .0
0608800119951103    .0
0608800119951104    .0
0608800119951105    .0
0608800119951106    .0
0608800119951107    .0
0608800119951108    .0
0608800119951109    .0
0608800119951110    .4
0608800119951111    .0
0608800119951112  16.8
0608800119951113  19.0
0608800119951114    .0
0608800119951115  35.0
0608800119951116  15.6
0608800119951117    .0
0608800119951118    .0
0608800119951119    .0
0608800119951120    .0
0608800119951121    .0
0608800119951122   8.2
0608800119951123    .0
0608800119951124    .0
0608800119951125   1.0
0608800119951126  12.4
0608800119951127  18.2
0608800119951128    .0
0608800119951129    .0
0608800119951130    .0
0608800119951201    .0
0608800119951202    .0
0608800119951203    .0
0608800119951204    .0
0608800119951205    .0
0608800119951206    .2
0608800119951207   6.4
0608800119951208    .0
0608800119951209    .0
0608800119951210    .0
0608800119951211    .0
0608800119951212    .4
0608800119951213    .0
0608800119951214  19.6
0608800119951215   5.4
0608800119951216   6.2
0608800119951217   6.4
0608800119951218    .0
0608800119951219    .0
0608800119951220    .0
0608800119951221    .0
0608800119951222   7.6
0608800119951223    .0
0608800119951224    .0
0608800119951225    .0
0608800119951226   4.6
0608800119951227    .0
0608800119951228   4.2
0608800119951229   5.2
0608800119951230  33.4
0608800119951231   2.0
0608800119960101    .8
0608800119960102    .0
0608800119960103    .0
0608800119960104    .0
0608800119960105  33.8
0608800119960106   9.8
0608800119960107   4.4
0608800119960108    .0
0608800119960109   2.2
0608800119960110  22.0
0608800119960111  28.4
0608800119960112  23.6
0608800119960113    .0
0608800119960114    .0
0608800119960115    .0
0608800119960116    .0
0608800119960117    .0
0608800119960118    .0
0608800119960119    .0
0608800119960120   2.8
0608800119960121   1.6
0608800119960122    .6
0608800119960123  36.0
0608800119960124  22.8
0608800119960125  21.4
0608800119960126    .0
0608800119960127    .0
0608800119960128  13.4
0608800119960129    .2
0608800119960130    .0
0608800119960131    .0
0608800119960201  22.0
0608800119960202  14.8
0608800119960203    .0
0608800119960204    .0
0608800119960205   7.0
0608800119960206    .0
0608800119960207   5.0
0608800119960208    .0
0608800119960209    .0
0608800119960210    .0
0608800119960211   1.0
0608800119960212   3.0
0608800119960213    .0
0608800119960214    .0
0608800119960215    .0
0608800119960216    .0
0608800119960217    .0
0608800119960218    .0
0608800119960219    .0
0608800119960220   5.8
0608800119960221    .0
0608800119960222    .0
0608800119960223    .0
0608800119960224    .0
0608800119960225    .0
0608800119960226   1.0
0608800119960227    .0
0608800119960228    .0
0608800119960229    .0
0608800119960301    .0
0608800119960302    .0
0608800119960303   5.2
0608800119960304    .0
0608800119960305    .0
0608800119960306   1.8
0608800119960307   5.2
0608800119960308    .0
0608800119960309    .0
0608800119960310    .0
0608800119960311    .0
0608800119960312    .0
0608800119960313   1.2
0608800119960314  10.8
0608800119960315   1.2
0608800119960316    .0
0608800119960317    .0
0608800119960318    .0
0608800119960319    .2
0608800119960320    .0
0608800119960321    .0
0608800119960322    .0
0608800119960323    .0
0608800119960324    .0
0608800119960325    .0
0608800119960326    .0
0608800119960327    .8
0608800119960328    .8
0608800119960329    .0
0608800119960330    .0
0608800119960331    .0
0608800119960401  17.8
0608800119960402   6.2
0608800119960403    .6
0608800119960404    .0
0608800119960405    .0
0608800119960406    .0
0608800119960407    .0
0608800119960408    .0
0608800119960409    .0
0608800119960410    .0
0608800119960411    .0
0608800119960412    .0
0608800119960413    .0
0608800119960414   4.0
0608800119960415    .0
0608800119960416    .0
0608800119960417    .0
0608800119960418    .0
0608800119960419    .0
0608800119960420    .0
0608800119960421    .0
0608800119960422   4.6
0608800119960423   6.6
0608800119960424    .0
0608800119960425    .4
0608800119960426   3.6
0608800119960427   7.4
0608800119960428    .6
0608800119960429    .0
0608800119960430    .0
0608800119960501    .2
0608800119960502   1.2
0608800119960503    .0
0608800119960504    .0
0608800119960505    .0
0608800119960506    .0
0608800119960507    .0
0608800119960508   2.8
0608800119960509   2.0
0608800119960510    .0
0608800119960511    .0
0608800119960512   3.0
0608800119960513    .0
0608800119960514    .0
0608800119960515    .0
0608800119960516    .0
0608800119960517    .0
0608800119960518    .0
0608800119960519   9.6
0608800119960520    .0
0608800119960521    .0
0608800119960522    .0
0608800119960523    .0
0608800119960524    .0
0608800119960525    .0
0608800119960526    .0
0608800119960527    .0
0608800119960528    .0
0608800119960529    .0
0608800119960530    .0
0608800119960531    .0
0608800119960601    .0
0608800119960602    .2
0608800119960603   8.4
0608800119960604    .0
0608800119960605    .0
0608800119960606    .0
0608800119960607    .0
0608800119960608    .0
0608800119960609    .0
0608800119960610    .0
0608800119960611    .0
0608800119960612    .0
0608800119960613    .0
0608800119960614    .0
0608800119960615    .0
0608800119960616    .4
0608800119960617    .0
0608800119960618    .0
0608800119960619    .0
0608800119960620    .8
0608800119960621   1.4
0608800119960622    .0
0608800119960623    .0
0608800119960624   1.4
0608800119960625    .0
0608800119960626    .0
0608800119960627    .0
0608800119960628    .0
0608800119960629    .0
0608800119960630    .0
0608800119960701    .0
0608800119960702    .4
0608800119960703    .0
0608800119960704    .0
0608800119960705    .0
0608800119960706    .0
0608800119960707  22.6
0608800119960708    .0
0608800119960709    .0
0608800119960710    .0
0608800119960711    .0
0608800119960712    .0
0608800119960713    .0
0608800119960714    .0
0608800119960715    .0
0608800119960716    .0
0608800119960717    .0
0608800119960718    .0
0608800119960719    .0
0608800119960720    .0
0608800119960721    .0
0608800119960722    .2
0608800119960723    .0
0608800119960724    .0
0608800119960725    .0
0608800119960726    .2
0608800119960727   3.8
0608800119960728    .2
0608800119960729    .0
0608800119960730    .0
0608800119960731    .0
0608800119960801    .0
0608800119960802    .0
0608800119960803    .0
0608800119960804    .0
0608800119960805    .0
0608800119960806    .0
0608800119960807    .0
0608800119960808    .8
0608800119960809    .0
0608800119960810   3.0
0608800119960811    .8
0608800119960812    .0
0608800119960813    .0
0608800119960814    .0
0608800119960815    .0
0608800119960816    .0
0608800119960817    .0
0608800119960818    .0
0608800119960819    .2
0608800119960820    .0
0608800119960821   6.8
0608800119960822    .4
0608800119960823    .0
0608800119960824    .4
0608800119960825    .0
0608800119960826   1.2
0608800119960827   1.4
0608800119960828    .0
0608800119960829    .0
0608800119960830    .0
0608800119960831    .0
0608800119960901    .0
0608800119960902   3.0
0608800119960903  41.2
0608800119960904    .0
0608800119960905    .0
0608800119960906    .0
0608800119960907    .2
0608800119960908    .4
0608800119960909    .0
0608800119960910    .2
0608800119960911    .0
0608800119960912    .0
0608800119960913    .0
0608800119960914    .0
0608800119960915    .0
0608800119960916    .0
0608800119960917    .2
0608800119960918    .0
0608800119960919  15.6
0608800119960920  27.0
0608800119960921   2.6
0608800119960922  89.8
0608800119960923    .0
0608800119960924    .0
0608800119960925    .2
0608800119960926    .0
0608800119960927    .0
0608800119960928    .0
0608800119960929    .2
0608800119960930    .0
0608800119961001  17.0
0608800119961002    .0
0608800119961003    .0
0608800119961004    .0
0608800119961005    .0
0608800119961006    .8
0608800119961007  43.8
0608800119961008  17.0
0608800119961009    .0
0608800119961010  18.8
0608800119961011    .0
0608800119961012    .0
0608800119961013    .4
0608800119961014    .4
0608800119961015  18.0
0608800119961016   8.8
0608800119961017    .0
0608800119961018    .0
0608800119961019    .0
0608800119961020    .0
0608800119961021    .0
0608800119961022    .0
0608800119961023    .0
0608800119961024    .0
0608800119961025    .0
0608800119961026    .0
0608800119961027    .0
0608800119961028    .0
0608800119961029    .0
0608800119961030    .0
0608800119961031    .0
0608800119961101    .0
0608800119961102    .0
0608800119961103    .0
0608800119961104    .0
0608800119961105   6.6
0608800119961106    .0
0608800119961107    .0
0608800119961108    .2
0608800119961109    .0
0608800119961110  17.2
0608800119961111  19.8
0608800119961112   2.2
0608800119961113   2.8
0608800119961114    .0
0608800119961115  11.0
0608800119961116  11.6
0608800119961117  49.6
0608800119961118   2.8
0608800119961119   6.2
0608800119961120    .0
0608800119961121   4.2
0608800119961122   1.4
0608800119961123   1.2
0608800119961124    .0
0608800119961125   5.6
0608800119961126    .0
0608800119961127    .8
0608800119961128   1.8
0608800119961129    .0
0608800119961130    .0
0608800119961201    .0
0608800119961202    .0
0608800119961203    .0
0608800119961204    .0
0608800119961205    .0
0608800119961206   3.4
0608800119961207    .0
0608800119961208    .4
0608800119961209   9.2
0608800119961210   7.2
0608800119961211    .0
0608800119961212   8.2
0608800119961213  30.0
0608800119961214    .0
0608800119961215    .0
0608800119961216    .0
0608800119961217    .0
0608800119961218    .2
0608800119961219  35.2
0608800119961220    .2
0608800119961221    .0
0608800119961222  13.6
0608800119961223   7.0
0608800119961224  41.6
0608800119961225    .0
0608800119961226    .0
0608800119961227    .0
0608800119961228    .2
0608800119961229    .0
0608800119961230   2.6
0608800119961231  26.8
0608800119970101   2.0
0608800119970102  25.0
0608800119970103  23.4
0608800119970104  17.0
0608800119970105    .2
0608800119970106   2.0
0608800119970107    .0
0608800119970108  32.4
0608800119970109   1.0
0608800119970110    .6
0608800119970111    .0
0608800119970112    .0
0608800119970113    .0
0608800119970114    .0
0608800119970115    .0
0608800119970116    .0
0608800119970117    .0
0608800119970118  20.4
0608800119970119  37.0
0608800119970120   3.8
0608800119970121    .0
0608800119970122    .0
0608800119970123    .0
0608800119970124    .0
0608800119970125    .0
0608800119970126    .0
0608800119970127    .0
0608800119970128    .0
0608800119970129    .0
0608800119970130    .0
0608800119970131    .0
0608800119970201    .0
0608800119970202    .0
0608800119970203    .0
0608800119970204    .0
0608800119970205    .0
0608800119970206    .0
0608800119970207    .0
0608800119970208    .0
0608800119970209    .0
0608800119970210    .0
0608800119970211    .0
0608800119970212    .0
0608800119970213    .0
0608800119970214    .0
0608800119970215    .0
0608800119970216    .0
0608800119970217    .0
0608800119970218    .0
0608800119970219    .0
0608800119970220    .0
0608800119970221    .0
0608800119970222    .0
0608800119970223   2.4
0608800119970224    .0
0608800119970225    .0
0608800119970226    .0
0608800119970227    .0
0608800119970228    .0
0608800119970301    .0
0608800119970302    .0
0608800119970303    .0
0608800119970304    .0
0608800119970305    .0
0608800119970306    .0
0608800119970307    .0
0608800119970308    .0
0608800119970309    .0
0608800119970310    .0
0608800119970311    .0
0608800119970312    .0
0608800119970313    .0
0608800119970314    .0
0608800119970315    .0
0608800119970316    .0
0608800119970317    .0
0608800119970318    .0
0608800119970319    .0
0608800119970320    .0
0608800119970321    .0
0608800119970322    .0
0608800119970323    .0
0608800119970324    .0
0608800119970325   3.4
0608800119970326    .0
0608800119970327    .0
0608800119970328    .0
0608800119970329    .0
0608800119970330    .0
0608800119970331    .0
0608800119970401    .0
0608800119970402    .0
0608800119970403    .0
0608800119970404    .2
0608800119970405    .0
0608800119970406    .0
0608800119970407    .0
0608800119970408    .0
0608800119970409    .0
0608800119970410    .0
0608800119970411    .0
0608800119970412    .0
0608800119970413    .0
0608800119970414    .0
0608800119970415    .0
0608800119970416    .0
0608800119970417    .0
0608800119970418    .0
0608800119970419  10.8
0608800119970420   1.4
0608800119970421    .0
0608800119970422    .0
0608800119970423    .0
0608800119970424    .0
0608800119970425    .0
0608800119970426   4.6
0608800119970427    .4
0608800119970428    .0
0608800119970429    .0
0608800119970430    .0
0608800119970501    .0
0608800119970502    .0
0608800119970503    .0
0608800119970504    .4
0608800119970505   2.4
0608800119970506    .6
0608800119970507    .0
0608800119970508    .0
0608800119970509    .0
0608800119970510    .0
0608800119970511   4.8
0608800119970512   3.6
0608800119970513    .0
0608800119970514    .0
0608800119970515    .0
0608800119970516    .0
0608800119970517    .0
0608800119970518    .0
0608800119970519    .0
0608800119970520    .2
0608800119970521    .0
0608800119970522    .0
0608800119970523    .0
0608800119970524    .0
0608800119970525    .0
0608800119970526    .0
0608800119970527    .0
0608800119970528    .0
0608800119970529    .0
0608800119970530    .0
0608800119970531    .4
0608800119970601  22.8
0608800119970602    .0
0608800119970603    .0
0608800119970604   3.0
0608800119970605  24.0
0608800119970606    .0
0608800119970607    .0
0608800119970608    .0
0608800119970609    .0
0608800119970610    .0
0608800119970611    .0
0608800119970612    .0
0608800119970613    .0
0608800119970614    .0
0608800119970615    .0
0608800119970616   3.2
0608800119970617    .0
0608800119970618   1.8
0608800119970619  13.4
0608800119970620    .0
0608800119970621    .0
0608800119970622    .0
0608800119970623    .0
0608800119970624    .0
0608800119970625    .0
0608800119970626  16.8
0608800119970627   4.6
0608800119970628   8.8
0608800119970629  14.2
0608800119970630    .0
0608800119970701    .0
0608800119970702   4.0
0608800119970703    .2
0608800119970704    .0
0608800119970705    .0
0608800119970706    .0
0608800119970707    .0
0608800119970708    .0
0608800119970709    .0
0608800119970710    .0
0608800119970711    .0
0608800119970712    .0
0608800119970713    .0
0608800119970714    .0
0608800119970715    .0
0608800119970716    .0
0608800119970717    .0
0608800119970718    .0
0608800119970719    .0
0608800119970720    .0
0608800119970721    .0
0608800119970722    .0
0608800119970723    .0
0608800119970724    .0
0608800119970725    .0
0608800119970726    .0
0608800119970727    .0
0608800119970728    .0
0608800119970729    .0
0608800119970730    .0
0608800119970731    .0
0608800119970801    .0
0608800119970802    .0
0608800119970803    .0
0608800119970804    .0
0608800119970805    .0
0608800119970806    .0
0608800119970807    .0
0608800119970808    .0
0608800119970809    .0
0608800119970810    .0
0608800119970811  24.6
0608800119970812    .0
0608800119970813    .0
0608800119970814    .0
0608800119970815    .0
0608800119970816   1.0
0608800119970817   3.8
0608800119970818    .0
0608800119970819    .0
0608800119970820    .0
0608800119970821   1.4
0608800119970822    .0
0608800119970823    .0
0608800119970824    .0
0608800119970825    .0
0608800119970826   1.2
0608800119970827   5.4
0608800119970828    .6
0608800119970829    .0
0608800119970830    .0
0608800119970831    .0
0608800119970901    .4
0608800119970902   2.0
0608800119970903    .0
0608800119970904    .0
0608800119970905    .0
0608800119970906    .0
0608800119970907    .0
0608800119970908    .0
0608800119970909    .0
0608800119970910    .0
0608800119970911    .0
0608800119970912    .0
0608800119970913    .2
0608800119970914    .0
0608800119970915    .0
0608800119970916    .0
0608800119970917    .0
0608800119970918    .0
0608800119970919    .0
0608800119970920    .0
0608800119970921    .0
0608800119970922    .2
0608800119970923    .0
0608800119970924    .0
0608800119970925    .0
0608800119970926    .0
0608800119970927    .0
0608800119970928    .0
0608800119970929    .0
0608800119970930    .0
0608800119971001    .0
0608800119971002    .0
0608800119971003    .0
0608800119971004    .0
0608800119971005    .0
0608800119971006    .4
0608800119971007    .2
0608800119971008    .0
0608800119971009    .0
0608800119971010    .0
0608800119971011    .0
0608800119971012    .0
0608800119971013    .0
0608800119971014    .0
0608800119971015    .0
0608800119971016    .0
0608800119971017    .0
0608800119971018    .0
0608800119971019    .0
0608800119971020  19.0
0608800119971021    .0
0608800119971022   1.2
0608800119971023   2.0
0608800119971024    .2
0608800119971025    .0
0608800119971026    .0
0608800119971027    .4
0608800119971028    .0
0608800119971029    .0
0608800119971030    .0
0608800119971031    .0
0608800119971101    .0
0608800119971102    .0
0608800119971103    .0
0608800119971104    .2
0608800119971105  53.4
0608800119971106  40.4
0608800119971107    .0
0608800119971108  19.0
0608800119971109  28.8
0608800119971110    .0
0608800119971111  49.0
0608800119971112   3.2
0608800119971113    .0
0608800119971114    .0
0608800119971115    .0
0608800119971116    .0
0608800119971117    .0
0608800119971118    .2
0608800119971119    .0
0608800119971120    .0
0608800119971121    .0
0608800119971122    .0
0608800119971123    .0
0608800119971124    .2
0608800119971125    .0
0608800119971126   1.6
0608800119971127   1.0
0608800119971128   5.6
0608800119971129    .0
0608800119971130    .0
0608800119971201    .0
0608800119971202    .0
0608800119971203    .0
0608800119971204   1.0
0608800119971205    .0
0608800119971206    .0
0608800119971207    .0
0608800119971208    .0
0608800119971209    .0
0608800119971210    .0
0608800119971211    .0
0608800119971212    .0
0608800119971213    .0
0608800119971214    .0
0608800119971215    .0
0608800119971216   1.8
0608800119971217   7.0
0608800119971218  39.4
0608800119971219  89.0
0608800119971220    .0
0608800119971221    .0
0608800119971222    .0
0608800119971223    .0
0608800119971224    .0
0608800119971225    .0
0608800119971226    .0
0608800119971227    .0
0608800119971228    .0
0608800119971229    .0
0608800119971230    .0
0608800119971231    .6
0608800119980101    .0
0608800119980102   2.8
0608800119980103    .0
0608800119980104    .0
0608800119980105    .0
0608800119980106    .0
0608800119980107    .0
0608800119980108    .0
0608800119980109    .0
0608800119980110    .0
0608800119980111    .0
0608800119980112    .0
0608800119980113   8.2
0608800119980114  10.2
0608800119980115    .0
0608800119980116   2.2
0608800119980117    .0
0608800119980118   2.0
0608800119980119    .0
0608800119980120    .0
0608800119980121    .0
0608800119980122    .0
0608800119980123    .0
0608800119980124    .6
0608800119980125    .8
0608800119980126    .0
0608800119980127    .0
0608800119980128    .0
0608800119980129    .0
0608800119980130    .0
0608800119980131    .0
0608800119980201    .0
0608800119980202    .0
0608800119980203    .0
0608800119980204    .0
0608800119980205    .0
0608800119980206    .0
0608800119980207    .0
0608800119980208    .0
0608800119980209    .0
0608800119980210    .0
0608800119980211    .0
0608800119980212    .0
0608800119980213    .2
0608800119980214    .0
0608800119980215    .0
0608800119980216    .0
0608800119980217    .0
0608800119980218    .0
0608800119980219    .0
0608800119980220    .0
0608800119980221    .0
0608800119980222  11.0
0608800119980223   4.4
0608800119980224    .0
0608800119980225    .0
0608800119980226    .0
0608800119980227    .0
0608800119980228    .0
0608800119980301    .0
0608800119980302    .0
0608800119980303    .0
0608800119980304    .0
0608800119980305    .0
0608800119980306    .0
0608800119980307    .0
0608800119980308    .0
0608800119980309   2.8
0608800119980310    .0
0608800119980311    .4
0608800119980312    .0
0608800119980313    .0
0608800119980314    .0
0608800119980315    .0
0608800119980316    .0
0608800119980317    .0
0608800119980318    .0
0608800119980319    .0
0608800119980320    .0
0608800119980321    .0
0608800119980322    .0
0608800119980323   1.6
0608800119980324    .0
0608800119980325    .0
0608800119980326    .0
0608800119980327    .0
0608800119980328    .0
0608800119980329    .0
0608800119980330    .0
0608800119980331    .0
0608800119980401    .0
0608800119980402    .0
0608800119980403    .0
0608800119980404    .0
0608800119980405   6.8
0608800119980406    .8
0608800119980407  19.0
0608800119980408    .0
0608800119980409   2.6
0608800119980410  20.6
0608800119980411   8.6
0608800119980412    .0
0608800119980413    .0
0608800119980414   9.0
0608800119980415  17.8
0608800119980416   5.6
0608800119980417    .0
0608800119980418    .0
0608800119980419    .0
0608800119980420    .0
0608800119980421    .0
0608800119980422    .0
0608800119980423    .0
0608800119980424    .0
0608800119980425    .0
0608800119980426    .0
0608800119980427    .0
0608800119980428    .8
0608800119980429  45.4
0608800119980430  14.2
0608800119980501    .0
0608800119980502    .0
0608800119980503    .0
0608800119980504    .0
0608800119980505    .0
0608800119980506    .0
0608800119980507    .0
0608800119980508    .0
0608800119980509    .0
0608800119980510    .0
0608800119980511    .0
0608800119980512    .0
0608800119980513    .0
0608800119980514   2.6
0608800119980515    .0
0608800119980516   2.4
0608800119980517  10.0
0608800119980518    .0
0608800119980519    .0
0608800119980520    .0
0608800119980521    .0
0608800119980522    .0
0608800119980523    .0
0608800119980524    .2
0608800119980525    .0
0608800119980526    .0
0608800119980527   1.2
0608800119980528  34.6
0608800119980529    .0
0608800119980530    .0
0608800119980531  13.2
0608800119980601    .2
0608800119980602    .2
0608800119980603    .0
0608800119980604    .0
0608800119980605    .0
0608800119980606    .0
0608800119980607    .2
0608800119980608    .0
0608800119980609    .0
0608800119980610   4.8
0608800119980611    .0
0608800119980612    .0
0608800119980613    .0
0608800119980614    .0
0608800119980615    .0
0608800119980616    .0
0608800119980617    .0
0608800119980618    .0
0608800119980619    .0
0608800119980620    .0
0608800119980621    .0
0608800119980622    .0
0608800119980623    .0
0608800119980624    .0
0608800119980625    .0
0608800119980626    .0
0608800119980627    .0
0608800119980628    .0
0608800119980629    .0
0608800119980630    .0
0608800119980701    .0
0608800119980702    .0
0608800119980703    .0
0608800119980704    .0
0608800119980705    .0
0608800119980706    .0
0608800119980707    .0
0608800119980708    .0
0608800119980709    .0
0608800119980710    .0
0608800119980711    .0
0608800119980712    .0
0608800119980713    .0
0608800119980714    .0
0608800119980715    .0
0608800119980716    .0
0608800119980717    .0
0608800119980718    .0
0608800119980719    .0
0608800119980720    .0
0608800119980721    .0
0608800119980722    .0
0608800119980723    .0
0608800119980724    .0
0608800119980725    .0
0608800119980726    .0
0608800119980727    .0
0608800119980728    .0
0608800119980729    .0
0608800119980730    .0
0608800119980731    .0
0608800119980801    .0
0608800119980802  15.4
0608800119980803  27.2
0608800119980804    .0
0608800119980805    .0
0608800119980806    .0
0608800119980807    .0
0608800119980808    .0
0608800119980809    .0
0608800119980810    .0
0608800119980811    .0
0608800119980812    .0
0608800119980813    .0
0608800119980814    .0
0608800119980815    .0
0608800119980816    .2
0608800119980817    .0
0608800119980818    .0
0608800119980819    .0
0608800119980820    .0
0608800119980821    .0
0608800119980822    .0
0608800119980823    .0
0608800119980824    .0
0608800119980825    .0
0608800119980826    .0
0608800119980827    .0
0608800119980828    .0
0608800119980829    .0
0608800119980830    .0
0608800119980831    .0
0608800119980901    .0
0608800119980902    .0
0608800119980903    .0
0608800119980904  33.2
0608800119980905    .0
0608800119980906    .0
0608800119980907  40.6
0608800119980908    .2
0608800119980909    .0
0608800119980910    .0
0608800119980911   6.2
0608800119980912    .0
0608800119980913    .0
0608800119980914    .2
0608800119980915    .0
0608800119980916    .0
0608800119980917    .0
0608800119980918    .0
0608800119980919    .0
0608800119980920    .0
0608800119980921    .0
0608800119980922    .0
0608800119980923    .0
0608800119980924    .0
0608800119980925    .0
0608800119980926   8.2
0608800119980927   4.6
0608800119980928    .0
0608800119980929   4.4
0608800119980930 116.6
0608800119981001    .0
0608800119981002    .0
0608800119981003    .0
0608800119981004   7.0
0608800119981005  14.8
0608800119981006   8.2
0608800119981007  25.4
0608800119981008  90.2
0608800119981009   5.6
0608800119981010    .0
0608800119981011    .0
0608800119981012    .0
0608800119981013    .0
0608800119981014    .2
0608800119981015    .0
0608800119981016    .0
0608800119981017    .0
0608800119981018   4.4
0608800119981019   2.6
0608800119981020    .0
0608800119981021    .0
0608800119981022    .0
0608800119981023    .0
0608800119981024    .0
0608800119981025    .0
0608800119981026    .0
0608800119981027    .0
0608800119981028    .0
0608800119981029    .0
0608800119981030    .0
0608800119981031    .0
0608800119981101    .0
0608800119981102    .2
0608800119981103  17.6
0608800119981104   2.6
0608800119981105    .0
0608800119981106    .0
0608800119981107    .0
0608800119981108    .0
0608800119981109    .0
0608800119981110    .0
0608800119981111    .0
0608800119981112    .0
0608800119981113    .4
0608800119981114    .0
0608800119981115    .0
0608800119981116    .0
0608800119981117    .0
0608800119981118    .0
0608800119981119    .0
0608800119981120   1.0
0608800119981121    .0
0608800119981122    .0
0608800119981123    .0
0608800119981124    .2
0608800119981125   3.6
0608800119981126    .0
0608800119981127    .0
0608800119981128    .0
0608800119981129    .0
0608800119981130    .0
0608800119981201    .0
0608800119981202    .0
0608800119981203    .0
0608800119981204    .0
0608800119981205    .0
0608800119981206    .0
0608800119981207    .0
0608800119981208    .0
0608800119981209    .0
0608800119981210    .4
0608800119981211   1.8
0608800119981212    .0
0608800119981213    .0
0608800119981214    .0
0608800119981215    .0
0608800119981216    .0
0608800119981217    .0
0608800119981218    .0
0608800119981219    .0
0608800119981220  18.0
0608800119981221    .0
0608800119981222    .0
0608800119981223    .0
0608800119981224   3.4
0608800119981225    .0
0608800119981226    .0
0608800119981227    .0
0608800119981228   1.2
0608800119981229    .0
0608800119981230    .0
0608800119981231  24.6
