1106900119940101   6.8
1106900119940102   4.6
1106900119940103    .0
1106900119940104    .0
1106900119940105    .0
1106900119940106   5.0
1106900119940107   8.2
1106900119940108    .0
1106900119940109    .0
1106900119940110   7.2
1106900119940111   1.6
1106900119940112    .2
1106900119940113    .0
1106900119940114    .0
1106900119940115   4.0
1106900119940116   8.0
1106900119940117    .6
1106900119940118    .0
1106900119940119    .0
1106900119940120    .0
1106900119940121    .0
1106900119940122    .0
1106900119940123    .0
1106900119940124    .6
1106900119940125   1.2
1106900119940126    .4
1106900119940127   3.6
1106900119940128    .2
1106900119940129    .0
1106900119940130    .0
1106900119940131    .0
1106900119940201    .0
1106900119940202    .0
1106900119940203   7.0
1106900119940204  10.0
1106900119940205   1.2
1106900119940206    .0
1106900119940207   3.2
1106900119940208    .6
1106900119940209   3.6
1106900119940210   6.4
1106900119940211  13.6
1106900119940212   4.0
1106900119940213    .0
1106900119940214    .2
1106900119940215    .0
1106900119940216    .0
1106900119940217    .0
1106900119940218  10.0
1106900119940219   2.2
1106900119940220  13.6
1106900119940221    .4
1106900119940222    .0
1106900119940223    .8
1106900119940224   1.0
1106900119940225    .0
1106900119940226    .0
1106900119940227    .4
1106900119940228    .0
1106900119940301   1.2
1106900119940302   1.2
1106900119940303   2.4
1106900119940304    .0
1106900119940305    .0
1106900119940306    .0
1106900119940307    .0
1106900119940308    .0
1106900119940309    .0
1106900119940310    .0
1106900119940311    .2
1106900119940312    .8
1106900119940313    .2
1106900119940314    .0
1106900119940315    .0
1106900119940316    .0
1106900119940317    .0
1106900119940318    .0
1106900119940319    .0
1106900119940320    .0
1106900119940321   2.6
1106900119940322    .0
1106900119940323    .0
1106900119940324    .0
1106900119940325   2.4
1106900119940326   1.2
1106900119940327    .0
1106900119940328    .0
1106900119940329    .0
1106900119940330    .0
1106900119940331    .2
1106900119940401  10.6
1106900119940402  13.4
1106900119940403   2.8
1106900119940404  13.0
1106900119940405   7.0
1106900119940406  18.4
1106900119940407   3.0
1106900119940408   1.4
1106900119940409  19.8
1106900119940410  11.0
1106900119940411   7.4
1106900119940412   4.6
1106900119940413    .4
1106900119940414    .8
1106900119940415    .0
1106900119940416   3.2
1106900119940417    .6
1106900119940418    .2
1106900119940419    .0
1106900119940420   3.0
1106900119940421    .0
1106900119940422    .0
1106900119940423    .0
1106900119940424  25.8
1106900119940425   5.8
1106900119940426    .0
1106900119940427    .0
1106900119940428    .0
1106900119940429    .0
1106900119940430    .0
1106900119940501    .0
1106900119940502    .0
1106900119940503    .8
1106900119940504    .0
1106900119940505    .0
1106900119940506    .0
1106900119940507   5.2
1106900119940508   4.8
1106900119940509    .0
1106900119940510    .0
1106900119940511  14.8
1106900119940512    .0
1106900119940513  18.0
1106900119940514    .0
1106900119940515    .0
1106900119940516    .0
1106900119940517    .2
1106900119940518    .4
1106900119940519    .0
1106900119940520    .0
1106900119940521    .2
1106900119940522   4.2
1106900119940523    .0
1106900119940524   5.8
1106900119940525    .0
1106900119940526    .0
1106900119940527    .0
1106900119940528    .0
1106900119940529    .0
1106900119940530    .0
1106900119940531    .0
1106900119940601    .0
1106900119940602    .0
1106900119940603    .0
1106900119940604    .0
1106900119940605    .0
1106900119940606    .0
1106900119940607    .0
1106900119940608  20.0
1106900119940609    .0
1106900119940610    .0
1106900119940611    .0
1106900119940612    .0
1106900119940613    .0
1106900119940614    .0
1106900119940615    .0
1106900119940616    .0
1106900119940617    .0
1106900119940618    .0
1106900119940619    .0
1106900119940620    .0
1106900119940621    .0
1106900119940622    .0
1106900119940623    .0
1106900119940624    .0
1106900119940625  26.0
1106900119940626  24.4
1106900119940627    .0
1106900119940628    .0
1106900119940629    .0
1106900119940630    .0
1106900119940701    .0
1106900119940702    .0
1106900119940703    .0
1106900119940704    .0
1106900119940705    .0
1106900119940706    .0
1106900119940707    .0
1106900119940708    .0
1106900119940709    .0
1106900119940710    .0
1106900119940711    .0
1106900119940712    .0
1106900119940713    .0
1106900119940714    .0
1106900119940715    .0
1106900119940716    .0
1106900119940717    .0
1106900119940718    .0
1106900119940719    .0
1106900119940720    .0
1106900119940721    .0
1106900119940722    .0
1106900119940723    .0
1106900119940724    .0
1106900119940725    .0
1106900119940726    .0
1106900119940727    .0
1106900119940728    .0
1106900119940729   1.0
1106900119940730    .8
1106900119940731   2.0
1106900119940801    .0
1106900119940802    .0
1106900119940803    .0
1106900119940804    .0
1106900119940805    .0
1106900119940806    .0
1106900119940807    .0
1106900119940808    .0
1106900119940809    .0
1106900119940810   4.4
1106900119940811    .0
1106900119940812    .0
1106900119940813    .0
1106900119940814    .0
1106900119940815    .0
1106900119940816    .0
1106900119940817    .0
1106900119940818    .0
1106900119940819    .0
1106900119940820    .0
1106900119940821   1.0
1106900119940822    .0
1106900119940823    .0
1106900119940824    .0
1106900119940825   6.2
1106900119940826    .0
1106900119940827    .0
1106900119940828    .0
1106900119940829    .0
1106900119940830   4.8
1106900119940831    .6
1106900119940901   1.0
1106900119940902    .6
1106900119940903    .0
1106900119940904    .0
1106900119940905    .0
1106900119940906    .0
1106900119940907   5.6
1106900119940908   1.6
1106900119940909    .0
1106900119940910    .0
1106900119940911    .0
1106900119940912   9.4
1106900119940913   6.2
1106900119940914   1.0
1106900119940915    .2
1106900119940916   1.4
1106900119940917   1.0
1106900119940918    .0
1106900119940919   1.6
1106900119940920  12.2
1106900119940921  15.6
1106900119940922   2.4
1106900119940923   1.8
1106900119940924    .0
1106900119940925    .0
1106900119940926    .0
1106900119940927    .0
1106900119940928    .0
1106900119940929  24.6
1106900119940930  34.4
1106900119941001   1.2
1106900119941002    .0
1106900119941003   1.0
1106900119941004    .0
1106900119941005    .0
1106900119941006    .0
1106900119941007    .0
1106900119941008    .0
1106900119941009   4.2
1106900119941010  11.6
1106900119941011   3.2
1106900119941012    .2
1106900119941013    .0
1106900119941014    .0
1106900119941015    .2
1106900119941016    .0
1106900119941017    .0
1106900119941018    .8
1106900119941019   1.8
1106900119941020    .0
1106900119941021    .0
1106900119941022   3.8
1106900119941023    .4
1106900119941024    .0
1106900119941025    .0
1106900119941026   2.6
1106900119941027   1.0
1106900119941028    .0
1106900119941029    .0
1106900119941030    .0
1106900119941031    .0
1106900119941101    .0
1106900119941102    .0
1106900119941103    .0
1106900119941104   2.2
1106900119941105    .0
1106900119941106    .0
1106900119941107    .0
1106900119941108    .0
1106900119941109    .8
1106900119941110   3.8
1106900119941111   2.2
1106900119941112   1.4
1106900119941113    .8
1106900119941114    .0
1106900119941115    .0
1106900119941116    .0
1106900119941117   1.2
1106900119941118    .2
1106900119941119    .0
1106900119941120    .0
1106900119941121    .0
1106900119941122    .0
1106900119941123    .0
1106900119941124    .0
1106900119941125    .0
1106900119941126    .0
1106900119941127    .0
1106900119941128    .0
1106900119941129    .0
1106900119941130    .0
1106900119941201    .0
1106900119941202    .0
1106900119941203    .0
1106900119941204    .0
1106900119941205    .0
1106900119941206    .0
1106900119941207    .6
1106900119941208    .0
1106900119941209   3.8
1106900119941210    .2
1106900119941211    .0
1106900119941212    .0
1106900119941213    .0
1106900119941214    .0
1106900119941215    .0
1106900119941216    .0
1106900119941217    .0
1106900119941218   2.8
1106900119941219    .0
1106900119941220   2.4
1106900119941221   1.6
1106900119941222    .0
1106900119941223    .0
1106900119941224    .0
1106900119941225    .0
1106900119941226    .0
1106900119941227    .0
1106900119941228    .0
1106900119941229    .0
1106900119941230   3.4
1106900119941231   8.0
1106900119950101    .4
1106900119950102   1.0
1106900119950103    .0
1106900119950104    .0
1106900119950105   8.4
1106900119950106   2.0
1106900119950107    .2
1106900119950108   2.0
1106900119950109    .0
1106900119950110   5.0
1106900119950111  16.8
1106900119950112    .0
1106900119950113    .0
1106900119950114    .0
1106900119950115    .0
1106900119950116    .0
1106900119950117    .0
1106900119950118   6.0
1106900119950119    .0
1106900119950120    .0
1106900119950121    .0
1106900119950122    .0
1106900119950123   2.8
1106900119950124   1.8
1106900119950125    .0
1106900119950126   2.2
1106900119950127    .0
1106900119950128   3.6
1106900119950129   5.6
1106900119950130   2.2
1106900119950131    .0
1106900119950201    .0
1106900119950202    .4
1106900119950203    .0
1106900119950204    .0
1106900119950205    .0
1106900119950206    .0
1106900119950207    .0
1106900119950208   1.0
1106900119950209   4.8
1106900119950210    .8
1106900119950211    .0
1106900119950212    .2
1106900119950213   2.0
1106900119950214    .6
1106900119950215   4.6
1106900119950216    .0
1106900119950217    .8
1106900119950218    .0
1106900119950219    .0
1106900119950220    .0
1106900119950221   5.6
1106900119950222    .2
1106900119950223   5.2
1106900119950224  12.2
1106900119950225  15.2
1106900119950226    .8
1106900119950227    .0
1106900119950228    .0
1106900119950301    .4
1106900119950302    .6
1106900119950303  17.0
1106900119950304   4.8
1106900119950305  20.6
1106900119950306   5.2
1106900119950307    .0
1106900119950308   1.2
1106900119950309    .0
1106900119950310    .0
1106900119950311    .0
1106900119950312    .0
1106900119950313    .0
1106900119950314    .0
1106900119950315   3.6
1106900119950316    .0
1106900119950317    .0
1106900119950318    .0
1106900119950319    .2
1106900119950320    .0
1106900119950321    .0
1106900119950322    .0
1106900119950323    .0
1106900119950324    .0
1106900119950325    .0
1106900119950326    .0
1106900119950327   5.8
1106900119950328    .0
1106900119950329   4.0
1106900119950330    .0
1106900119950331    .0
1106900119950401    .0
1106900119950402    .0
1106900119950403    .0
1106900119950404    .0
1106900119950405    .0
1106900119950406    .0
1106900119950407    .0
1106900119950408    .0
1106900119950409    .0
1106900119950410    .0
1106900119950411    .0
1106900119950412    .0
1106900119950413    .0
1106900119950414    .0
1106900119950415   7.0
1106900119950416   3.0
1106900119950417    .2
1106900119950418    .0
1106900119950419   1.4
1106900119950420    .0
1106900119950421    .0
1106900119950422    .2
1106900119950423   2.0
1106900119950424  22.2
1106900119950425   5.8
1106900119950426    .0
1106900119950427    .0
1106900119950428    .4
1106900119950429   1.4
1106900119950430    .0
1106900119950501    .0
1106900119950502    .0
1106900119950503    .0
1106900119950504    .0
1106900119950505    .0
1106900119950506    .0
1106900119950507    .0
1106900119950508    .0
1106900119950509    .0
1106900119950510    .0
1106900119950511  29.8
1106900119950512  17.6
1106900119950513   2.6
1106900119950514    .0
1106900119950515    .4
1106900119950516   8.8
1106900119950517    .0
1106900119950518    .6
1106900119950519    .0
1106900119950520    .0
1106900119950521    .0
1106900119950522    .0
1106900119950523    .0
1106900119950524    .0
1106900119950525  11.0
1106900119950526    .0
1106900119950527    .0
1106900119950528    .0
1106900119950529   1.8
1106900119950530   6.4
1106900119950531   1.8
1106900119950601    .0
1106900119950602    .0
1106900119950603    .0
1106900119950604    .0
1106900119950605    .0
1106900119950606    .0
1106900119950607    .0
1106900119950608    .0
1106900119950609   5.8
1106900119950610   4.4
1106900119950611   8.0
1106900119950612    .6
1106900119950613    .0
1106900119950614    .0
1106900119950615    .0
1106900119950616    .0
1106900119950617    .0
1106900119950618    .0
1106900119950619    .0
1106900119950620    .0
1106900119950621   1.4
1106900119950622   9.0
1106900119950623    .0
1106900119950624    .0
1106900119950625    .0
1106900119950626    .0
1106900119950627    .2
1106900119950628   1.8
1106900119950629   1.2
1106900119950630    .0
1106900119950701    .0
1106900119950702  10.2
1106900119950703    .4
1106900119950704   7.0
1106900119950705    .0
1106900119950706    .0
1106900119950707    .0
1106900119950708    .0
1106900119950709    .0
1106900119950710    .0
1106900119950711    .0
1106900119950712    .0
1106900119950713    .8
1106900119950714    .0
1106900119950715    .0
1106900119950716    .0
1106900119950717    .0
1106900119950718    .0
1106900119950719    .0
1106900119950720    .2
1106900119950721    .0
1106900119950722    .0
1106900119950723    .0
1106900119950724    .0
1106900119950725    .0
1106900119950726    .2
1106900119950727    .0
1106900119950728    .0
1106900119950729    .0
1106900119950730    .0
1106900119950731    .2
1106900119950801    .0
1106900119950802    .0
1106900119950803    .0
1106900119950804   1.8
1106900119950805    .0
1106900119950806   1.2
1106900119950807    .2
1106900119950808    .0
1106900119950809    .2
1106900119950810   2.8
1106900119950811    .0
1106900119950812    .0
1106900119950813    .0
1106900119950814    .0
1106900119950815    .0
1106900119950816    .0
1106900119950817    .0
1106900119950818   1.6
1106900119950819    .0
1106900119950820    .4
1106900119950821    .2
1106900119950822    .0
1106900119950823  47.2
1106900119950824    .0
1106900119950825    .2
1106900119950826    .4
1106900119950827    .2
1106900119950828    .0
1106900119950829    .0
1106900119950830    .0
1106900119950831    .0
1106900119950901    .0
1106900119950902    .0
1106900119950903    .0
1106900119950904    .0
1106900119950905    .0
1106900119950906    .0
1106900119950907    .6
1106900119950908    .0
1106900119950909    .0
1106900119950910    .2
1106900119950911   2.8
1106900119950912   4.8
1106900119950913   3.2
1106900119950914    .4
1106900119950915    .0
1106900119950916    .0
1106900119950917    .2
1106900119950918  28.8
1106900119950919  15.8
1106900119950920  13.6
1106900119950921   6.4
1106900119950922    .0
1106900119950923    .0
1106900119950924   2.4
1106900119950925   1.4
1106900119950926    .0
1106900119950927    .4
1106900119950928   1.6
1106900119950929    .0
1106900119950930   2.0
1106900119951001   1.0
1106900119951002   1.4
1106900119951003   2.6
1106900119951004    .6
1106900119951005    .8
1106900119951006    .0
1106900119951007    .0
1106900119951008    .2
1106900119951009    .0
1106900119951010    .0
1106900119951011    .2
1106900119951012    .0
1106900119951013   3.6
1106900119951014  19.2
1106900119951015    .0
1106900119951016    .0
1106900119951017    .0
1106900119951018   1.0
1106900119951019    .0
1106900119951020    .0
1106900119951021    .0
1106900119951022    .0
1106900119951023    .0
1106900119951024    .0
1106900119951025    .0
1106900119951026    .0
1106900119951027    .0
1106900119951028    .0
1106900119951029    .0
1106900119951030    .0
1106900119951031    .0
1106900119951101    .0
1106900119951102    .0
1106900119951103    .0
1106900119951104    .0
1106900119951105    .0
1106900119951106    .0
1106900119951107    .0
1106900119951108    .0
1106900119951109    .0
1106900119951110    .0
1106900119951111    .0
1106900119951112   2.4
1106900119951113    .0
1106900119951114    .0
1106900119951115    .0
1106900119951116    .0
1106900119951117   3.2
1106900119951118    .0
1106900119951119    .0
1106900119951120    .0
1106900119951121  12.8
1106900119951122   9.2
1106900119951123    .0
1106900119951124    .0
1106900119951125    .2
1106900119951126   1.0
1106900119951127    .0
1106900119951128    .0
1106900119951129    .0
1106900119951130    .2
1106900119951201    .0
1106900119951202  15.0
1106900119951203   3.0
1106900119951204  10.0
1106900119951205    .0
1106900119951206    .0
1106900119951207    .8
1106900119951208  10.2
1106900119951209   4.2
1106900119951210    .0
1106900119951211    .0
1106900119951212    .0
1106900119951213    .0
1106900119951214    .0
1106900119951215   5.4
1106900119951216   6.0
1106900119951217    .0
1106900119951218    .0
1106900119951219    .0
1106900119951220    .0
1106900119951221    .0
1106900119951222    .0
1106900119951223    .8
1106900119951224   6.8
1106900119951225   1.0
1106900119951226   3.6
1106900119951227    .8
1106900119951228    .0
1106900119951229   1.2
1106900119951230   4.0
1106900119951231    .8
1106900119960101   4.0
1106900119960102   2.6
1106900119960103    .0
1106900119960104    .0
1106900119960105   6.0
1106900119960106   1.4
1106900119960107   2.2
1106900119960108    .0
1106900119960109  35.8
1106900119960110   7.2
1106900119960111   1.4
1106900119960112  11.0
1106900119960113    .6
1106900119960114    .0
1106900119960115    .0
1106900119960116    .0
1106900119960117    .0
1106900119960118    .0
1106900119960119    .0
1106900119960120    .0
1106900119960121    .0
1106900119960122    .0
1106900119960123    .0
1106900119960124  12.2
1106900119960125   2.4
1106900119960126    .0
1106900119960127    .0
1106900119960128   2.2
1106900119960129  17.2
1106900119960130    .2
1106900119960131    .0
1106900119960201  17.0
1106900119960202   5.2
1106900119960203    .2
1106900119960204    .4
1106900119960205   8.0
1106900119960206  11.6
1106900119960207  14.4
1106900119960208   1.0
1106900119960209    .4
1106900119960210    .8
1106900119960211   2.6
1106900119960212   1.6
1106900119960213   3.4
1106900119960214    .0
1106900119960215    .0
1106900119960216    .0
1106900119960217    .0
1106900119960218  10.8
1106900119960219    .4
1106900119960220    .2
1106900119960221  12.0
1106900119960222   4.6
1106900119960223   4.6
1106900119960224    .0
1106900119960225    .0
1106900119960226  12.8
1106900119960227    .0
1106900119960228    .0
1106900119960229    .0
1106900119960301    .0
1106900119960302    .0
1106900119960303    .0
1106900119960304    .0
1106900119960305    .0
1106900119960306    .0
1106900119960307    .0
1106900119960308    .0
1106900119960309   2.2
1106900119960310    .0
1106900119960311    .0
1106900119960312    .0
1106900119960313    .0
1106900119960314  13.6
1106900119960315  21.4
1106900119960316   5.6
1106900119960317    .0
1106900119960318    .0
1106900119960319    .0
1106900119960320    .0
1106900119960321    .0
1106900119960322    .0
1106900119960323    .2
1106900119960324    .0
1106900119960325    .0
1106900119960326   8.6
1106900119960327   9.4
1106900119960328    .0
1106900119960329    .0
1106900119960330    .0
1106900119960331    .0
1106900119960401  19.0
1106900119960402    .0
1106900119960403    .0
1106900119960404    .0
1106900119960405    .0
1106900119960406    .0
1106900119960407    .0
1106900119960408    .0
1106900119960409    .0
1106900119960410    .0
1106900119960411    .0
1106900119960412    .0
1106900119960413    .6
1106900119960414   3.4
1106900119960415    .0
1106900119960416  11.6
1106900119960417   4.4
1106900119960418    .0
1106900119960419    .0
1106900119960420    .0
1106900119960421    .0
1106900119960422   3.6
1106900119960423    .0
1106900119960424    .0
1106900119960425    .0
1106900119960426   6.6
1106900119960427    .2
1106900119960428   5.2
1106900119960429  12.8
1106900119960430    .0
1106900119960501   2.8
1106900119960502   5.2
1106900119960503    .4
1106900119960504    .0
1106900119960505    .0
1106900119960506    .2
1106900119960507  18.6
1106900119960508  20.2
1106900119960509    .8
1106900119960510    .6
1106900119960511   9.4
1106900119960512    .0
1106900119960513    .0
1106900119960514    .0
1106900119960515    .0
1106900119960516   4.0
1106900119960517    .2
1106900119960518   3.4
1106900119960519   5.2
1106900119960520   2.2
1106900119960521    .0
1106900119960522    .0
1106900119960523    .0
1106900119960524   1.4
1106900119960525    .0
1106900119960526    .0
1106900119960527    .0
1106900119960528    .0
1106900119960529    .0
1106900119960530    .0
1106900119960531    .0
1106900119960601  20.8
1106900119960602   3.0
1106900119960603    .0
1106900119960604    .0
1106900119960605    .0
1106900119960606    .0
1106900119960607    .0
1106900119960608    .0
1106900119960609    .0
1106900119960610    .0
1106900119960611    .0
1106900119960612    .0
1106900119960613    .0
1106900119960614    .0
1106900119960615    .0
1106900119960616    .0
1106900119960617    .0
1106900119960618    .0
1106900119960619    .0
1106900119960620    .2
1106900119960621  11.0
1106900119960622   4.8
1106900119960623    .0
1106900119960624    .2
1106900119960625    .0
1106900119960626    .2
1106900119960627    .0
1106900119960628    .0
1106900119960629    .0
1106900119960630    .0
1106900119960701   1.8
1106900119960702   1.4
1106900119960703    .0
1106900119960704   3.2
1106900119960705    .2
1106900119960706    .0
1106900119960707  13.6
1106900119960708    .2
1106900119960709    .0
1106900119960710    .0
1106900119960711    .0
1106900119960712    .0
1106900119960713    .0
1106900119960714    .0
1106900119960715    .0
1106900119960716    .0
1106900119960717    .0
1106900119960718    .0
1106900119960719    .0
1106900119960720    .0
1106900119960721    .0
1106900119960722    .0
1106900119960723    .0
1106900119960724    .0
1106900119960725    .0
1106900119960726    .2
1106900119960727  67.2
1106900119960728    .0
1106900119960729   1.6
1106900119960730    .0
1106900119960731    .0
1106900119960801    .0
1106900119960802    .0
1106900119960803    .0
1106900119960804    .8
1106900119960805    .0
1106900119960806   1.2
1106900119960807  12.4
1106900119960808    .2
1106900119960809    .0
1106900119960810  17.0
1106900119960811   2.4
1106900119960812    .0
1106900119960813    .0
1106900119960814    .0
1106900119960815    .0
1106900119960816    .0
1106900119960817    .0
1106900119960818    .0
1106900119960819    .0
1106900119960820  43.0
1106900119960821   3.8
1106900119960822    .0
1106900119960823   3.4
1106900119960824    .0
1106900119960825    .0
1106900119960826   2.4
1106900119960827   2.2
1106900119960828    .0
1106900119960829    .0
1106900119960830    .0
1106900119960831    .0
1106900119960901    .0
1106900119960902    .0
1106900119960903    .0
1106900119960904    .0
1106900119960905    .0
1106900119960906    .0
1106900119960907    .0
1106900119960908    .0
1106900119960909    .0
1106900119960910    .0
1106900119960911    .0
1106900119960912    .0
1106900119960913    .0
1106900119960914    .0
1106900119960915    .0
1106900119960916    .0
1106900119960917  51.6
1106900119960918  14.6
1106900119960919   6.4
1106900119960920    .6
1106900119960921   6.0
1106900119960922    .6
1106900119960923    .6
1106900119960924   3.8
1106900119960925   4.6
1106900119960926    .2
1106900119960927   2.6
1106900119960928    .2
1106900119960929    .2
1106900119960930    .8
1106900119961001   4.2
1106900119961002   1.6
1106900119961003    .0
1106900119961004    .2
1106900119961005   2.8
1106900119961006    .0
1106900119961007    .0
1106900119961008    .0
1106900119961009    .0
1106900119961010    .0
1106900119961011    .2
1106900119961012    .0
1106900119961013   1.8
1106900119961014  45.6
1106900119961015   2.4
1106900119961016    .6
1106900119961017    .4
1106900119961018    .0
1106900119961019    .0
1106900119961020    .0
1106900119961021    .0
1106900119961022    .2
1106900119961023    .2
1106900119961024    .0
1106900119961025    .2
1106900119961026    .0
1106900119961027    .0
1106900119961028    .6
1106900119961029   5.2
1106900119961030    .2
1106900119961031    .2
1106900119961101    .0
1106900119961102    .2
1106900119961103    .2
1106900119961104   1.6
1106900119961105    .2
1106900119961106    .0
1106900119961107   1.0
1106900119961108    .2
1106900119961109    .0
1106900119961110    .0
1106900119961111    .0
1106900119961112  10.2
1106900119961113    .2
1106900119961114    .0
1106900119961115    .0
1106900119961116  12.4
1106900119961117  30.8
1106900119961118   2.2
1106900119961119   8.6
1106900119961120  12.0
1106900119961121    .6
1106900119961122   7.0
1106900119961123   2.0
1106900119961124    .0
1106900119961125  37.0
1106900119961126   5.6
1106900119961127   9.6
1106900119961128    .0
1106900119961129   6.8
1106900119961130  48.2
1106900119961201   5.4
1106900119961202    .2
1106900119961203    .0
1106900119961204    .0
1106900119961205  20.0
1106900119961206  19.0
1106900119961207  33.6
1106900119961208  37.2
1106900119961209  21.6
1106900119961210    .2
1106900119961211    .0
1106900119961212    .6
1106900119961213    .4
1106900119961214  11.6
1106900119961215    .0
1106900119961216    .0
1106900119961217    .0
1106900119961218    .0
1106900119961219   9.6
1106900119961220    .2
1106900119961221    .0
1106900119961222    .4
1106900119961223    .2
1106900119961224   9.0
1106900119961225   3.6
1106900119961226    .0
1106900119961227    .0
1106900119961228    .0
1106900119961229    .0
1106900119961230    .0
1106900119961231    .6
1106900119970101   2.6
1106900119970102   4.2
1106900119970103  19.6
1106900119970104  10.8
1106900119970105   4.2
1106900119970106   1.0
1106900119970107    .0
1106900119970108   2.0
1106900119970109   2.2
1106900119970110    .0
1106900119970111    .0
1106900119970112    .0
1106900119970113    .0
1106900119970114    .0
1106900119970115    .0
1106900119970116    .0
1106900119970117  10.8
1106900119970118    .0
1106900119970119    .4
1106900119970120   3.6
1106900119970121   2.2
1106900119970122    .0
1106900119970123   2.8
1106900119970124  12.4
1106900119970125    .2
1106900119970126    .2
1106900119970127    .0
1106900119970128    .0
1106900119970129    .0
1106900119970130    .0
1106900119970131    .0
1106900119970201    .0
1106900119970202   4.2
1106900119970203   3.4
1106900119970204    .0
1106900119970205    .0
1106900119970206    .0
1106900119970207    .0
1106900119970208    .0
1106900119970209    .0
1106900119970210    .0
1106900119970211   1.2
1106900119970212    .0
1106900119970213    .0
1106900119970214  11.0
1106900119970215   7.6
1106900119970216    .0
1106900119970217    .0
1106900119970218    .0
1106900119970219    .0
1106900119970220    .0
1106900119970221    .0
1106900119970222    .0
1106900119970223    .4
1106900119970224    .0
1106900119970225    .0
1106900119970226    .2
1106900119970227    .0
1106900119970228    .0
1106900119970301    .0
1106900119970302    .0
1106900119970303    .0
1106900119970304    .2
1106900119970305    .0
1106900119970306    .0
1106900119970307    .0
1106900119970308    .0
1106900119970309    .0
1106900119970310    .0
1106900119970311    .0
1106900119970312    .0
1106900119970313    .0
1106900119970314   1.2
1106900119970315    .0
1106900119970316    .0
1106900119970317    .0
1106900119970318    .0
1106900119970319    .2
1106900119970320    .0
1106900119970321    .0
1106900119970322    .0
1106900119970323    .0
1106900119970324  11.6
1106900119970325    .4
1106900119970326    .0
1106900119970327    .0
1106900119970328    .0
1106900119970329    .0
1106900119970330    .0
1106900119970331    .0
1106900119970401    .0
1106900119970402    .0
1106900119970403    .0
1106900119970404    .0
1106900119970405    .0
1106900119970406    .0
1106900119970407    .0
1106900119970408    .0
1106900119970409    .0
1106900119970410    .0
1106900119970411    .0
1106900119970412    .0
1106900119970413    .0
1106900119970414    .0
1106900119970415    .0
1106900119970416    .0
1106900119970417    .0
1106900119970418    .4
1106900119970419   3.6
1106900119970420    .0
1106900119970421    .0
1106900119970422    .0
1106900119970423    .0
1106900119970424    .0
1106900119970425    .6
1106900119970426   7.2
1106900119970427   4.8
1106900119970428   6.2
1106900119970429    .0
1106900119970430    .0
1106900119970501    .0
1106900119970502    .0
1106900119970503    .0
1106900119970504   6.4
1106900119970505   9.6
1106900119970506   3.6
1106900119970507  15.2
1106900119970508    .6
1106900119970509    .0
1106900119970510    .0
1106900119970511   2.0
1106900119970512  12.2
1106900119970513    .6
1106900119970514    .0
1106900119970515   1.4
1106900119970516    .0
1106900119970517  17.8
1106900119970518    .0
1106900119970519   3.6
1106900119970520    .0
1106900119970521    .4
1106900119970522    .0
1106900119970523    .0
1106900119970524    .0
1106900119970525    .0
1106900119970526    .0
1106900119970527    .0
1106900119970528    .0
1106900119970529    .0
1106900119970530    .0
1106900119970531    .2
1106900119970601   9.8
1106900119970602    .2
1106900119970603    .2
1106900119970604  14.8
1106900119970605  14.8
1106900119970606    .0
1106900119970607    .0
1106900119970608    .2
1106900119970609    .0
1106900119970610    .0
1106900119970611    .0
1106900119970612    .0
1106900119970613    .0
1106900119970614    .4
1106900119970615    .0
1106900119970616    .0
1106900119970617    .0
1106900119970618    .0
1106900119970619    .0
1106900119970620    .0
1106900119970621   3.2
1106900119970622    .0
1106900119970623    .0
1106900119970624    .0
1106900119970625    .0
1106900119970626   7.8
1106900119970627    .0
1106900119970628   8.0
1106900119970629   3.2
1106900119970630    .4
1106900119970701    .2
1106900119970702   1.6
1106900119970703    .4
1106900119970704   4.8
1106900119970705    .6
1106900119970706    .0
1106900119970707    .0
1106900119970708    .0
1106900119970709   2.6
1106900119970710  11.2
1106900119970711   1.2
1106900119970712    .0
1106900119970713    .0
1106900119970714    .0
1106900119970715    .0
1106900119970716    .0
1106900119970717   2.2
1106900119970718    .4
1106900119970719    .0
1106900119970720    .0
1106900119970721    .0
1106900119970722    .0
1106900119970723   1.0
1106900119970724    .0
1106900119970725    .0
1106900119970726    .0
1106900119970727    .0
1106900119970728    .0
1106900119970729    .0
1106900119970730    .0
1106900119970731    .0
1106900119970801    .0
1106900119970802    .0
1106900119970803    .0
1106900119970804    .8
1106900119970805  31.8
1106900119970806    .2
1106900119970807    .0
1106900119970808    .0
1106900119970809    .0
1106900119970810  31.0
1106900119970811  21.0
1106900119970812    .2
1106900119970813    .0
1106900119970814    .0
1106900119970815    .0
1106900119970816    .2
1106900119970817    .0
1106900119970818    .2
1106900119970819    .0
1106900119970820    .0
1106900119970821    .0
1106900119970822    .0
1106900119970823    .0
1106900119970824    .0
1106900119970825   8.6
1106900119970826    .0
1106900119970827  15.8
1106900119970828   1.0
1106900119970829    .0
1106900119970830    .0
1106900119970831    .0
1106900119970901   8.0
1106900119970902    .0
1106900119970903    .0
1106900119970904    .0
1106900119970905    .2
1106900119970906    .0
1106900119970907    .0
1106900119970908    .0
1106900119970909    .0
1106900119970910    .0
1106900119970911    .0
1106900119970912    .0
1106900119970913    .0
1106900119970914    .0
1106900119970915    .0
1106900119970916    .0
1106900119970917    .2
1106900119970918    .0
1106900119970919    .0
1106900119970920    .0
1106900119970921    .2
1106900119970922    .0
1106900119970923    .2
1106900119970924    .0
1106900119970925    .0
1106900119970926    .0
1106900119970927    .2
1106900119970928    .0
1106900119970929    .0
1106900119970930    .0
1106900119971001    .0
1106900119971002    .0
1106900119971003    .0
1106900119971004    .0
1106900119971005    .2
1106900119971006    .4
1106900119971007    .0
1106900119971008    .0
1106900119971009    .0
1106900119971010  20.4
1106900119971011   8.0
1106900119971012   1.6
1106900119971013   2.0
1106900119971014    .0
1106900119971015    .6
1106900119971016    .0
1106900119971017    .0
1106900119971018    .0
1106900119971019    .0
1106900119971020    .0
1106900119971021    .2
1106900119971022    .0
1106900119971023    .8
1106900119971024    .0
1106900119971025    .0
1106900119971026    .2
1106900119971027    .0
1106900119971028   9.0
1106900119971029    .0
1106900119971030    .0
1106900119971031    .0
1106900119971101    .2
1106900119971102    .0
1106900119971103    .8
1106900119971104    .6
1106900119971105    .0
1106900119971106   8.0
1106900119971107    .4
1106900119971108    .6
1106900119971109    .2
1106900119971110    .2
1106900119971111   2.2
1106900119971112   3.2
1106900119971113    .0
1106900119971114    .0
1106900119971115    .2
1106900119971116    .0
1106900119971117    .0
1106900119971118   6.4
1106900119971119    .8
1106900119971120   1.6
1106900119971121    .4
1106900119971122    .0
1106900119971123    .2
1106900119971124    .0
1106900119971125    .6
1106900119971126  28.0
1106900119971127    .6
1106900119971128   1.8
1106900119971129   5.4
1106900119971130   2.0
1106900119971201   1.6
1106900119971202   4.0
1106900119971203    .4
1106900119971204    .0
1106900119971205    .0
1106900119971206    .0
1106900119971207    .0
1106900119971208    .6
1106900119971209   2.2
1106900119971210   5.2
1106900119971211   4.4
1106900119971212   1.2
1106900119971213    .0
1106900119971214    .0
1106900119971215    .0
1106900119971216   6.8
1106900119971217    .0
1106900119971218   5.4
1106900119971219    .4
1106900119971220   3.8
1106900119971221    .0
1106900119971222   7.2
1106900119971223    .6
1106900119971224    .0
1106900119971225    .0
1106900119971226   4.0
1106900119971227    .6
1106900119971228    .6
1106900119971229    .0
1106900119971230    .0
1106900119971231   1.2
1106900119980101    .0
1106900119980102   4.2
1106900119980103   3.6
1106900119980104    .6
1106900119980105    .0
1106900119980106    .0
1106900119980107    .0
1106900119980108    .0
1106900119980109    .0
1106900119980110    .0
1106900119980111    .0
1106900119980112    .0
1106900119980113   5.0
1106900119980114   1.0
1106900119980115    .0
1106900119980116   9.0
1106900119980117    .0
1106900119980118   6.4
1106900119980119   7.4
1106900119980120    .0
1106900119980121    .0
1106900119980122    .0
1106900119980123    .0
1106900119980124    .0
1106900119980125    .0
1106900119980126    .0
1106900119980127    .0
1106900119980128    .0
1106900119980129    .0
1106900119980130    .0
1106900119980131    .6
1106900119980201    .0
1106900119980202   3.0
1106900119980203  18.4
1106900119980204    .2
1106900119980205    .0
1106900119980206    .0
1106900119980207    .0
1106900119980208    .0
1106900119980209    .0
1106900119980210    .0
1106900119980211    .0
1106900119980212    .0
1106900119980213    .0
1106900119980214    .0
1106900119980215    .0
1106900119980216    .0
1106900119980217    .0
1106900119980218    .0
1106900119980219    .0
1106900119980220    .0
1106900119980221   5.4
1106900119980222   5.0
1106900119980223   4.6
1106900119980224    .0
1106900119980225    .0
1106900119980226    .0
1106900119980227    .0
1106900119980228    .0
1106900119980301    .0
1106900119980302    .0
1106900119980303    .0
1106900119980304    .0
1106900119980305    .0
1106900119980306    .0
1106900119980307    .0
1106900119980308   6.4
1106900119980309   1.2
1106900119980310   7.4
1106900119980311  19.0
1106900119980312    .2
1106900119980313    .0
1106900119980314    .0
1106900119980315    .0
1106900119980316    .0
1106900119980317    .0
1106900119980318    .0
1106900119980319    .0
1106900119980320    .0
1106900119980321    .0
1106900119980322    .0
1106900119980323    .0
1106900119980324    .0
1106900119980325    .0
1106900119980326    .0
1106900119980327    .0
1106900119980328    .0
1106900119980329    .0
1106900119980330   1.0
1106900119980331   4.6
1106900119980401    .4
1106900119980402    .0
1106900119980403    .2
1106900119980404    .0
1106900119980405   2.6
1106900119980406    .0
1106900119980407    .6
1106900119980408   1.2
1106900119980409   3.8
1106900119980410   4.4
1106900119980411   5.4
1106900119980412   2.0
1106900119980413   7.0
1106900119980414    .0
1106900119980415  11.2
1106900119980416   3.4
1106900119980417   1.0
1106900119980418   1.6
1106900119980419    .0
1106900119980420    .0
1106900119980421    .0
1106900119980422    .0
1106900119980423    .0
1106900119980424    .0
1106900119980425    .0
1106900119980426  26.0
1106900119980427   2.0
1106900119980428    .0
1106900119980429  14.8
1106900119980430   1.6
1106900119980501    .0
1106900119980502   1.8
1106900119980503   3.0
1106900119980504    .0
1106900119980505    .0
1106900119980506    .0
1106900119980507    .0
1106900119980508    .0
1106900119980509    .0
1106900119980510    .0
1106900119980511    .0
1106900119980512    .0
1106900119980513    .0
1106900119980514    .0
1106900119980515   1.2
1106900119980516    .0
1106900119980517    .0
1106900119980518    .0
1106900119980519    .0
1106900119980520    .0
1106900119980521    .0
1106900119980522    .0
1106900119980523    .0
1106900119980524    .0
1106900119980525    .0
1106900119980526    .0
1106900119980527   2.0
1106900119980528   4.2
1106900119980529    .0
1106900119980530   8.8
1106900119980531    .0
1106900119980601    .0
1106900119980602    .2
1106900119980603    .2
1106900119980604    .0
1106900119980605    .0
1106900119980606  17.8
1106900119980607    .2
1106900119980608    .0
1106900119980609    .0
1106900119980610    .0
1106900119980611   9.4
1106900119980612    .0
1106900119980613    .2
1106900119980614    .0
1106900119980615    .0
1106900119980616    .0
1106900119980617    .0
1106900119980618    .0
1106900119980619    .0
1106900119980620    .0
1106900119980621    .0
1106900119980622    .0
1106900119980623    .0
1106900119980624    .0
1106900119980625    .0
1106900119980626    .0
1106900119980627    .0
1106900119980628    .0
1106900119980629   3.0
1106900119980630    .0
1106900119980701  20.4
1106900119980702   3.2
1106900119980703    .0
1106900119980704    .0
1106900119980705    .0
1106900119980706    .0
1106900119980707   7.8
1106900119980708    .0
1106900119980709    .0
1106900119980710    .0
1106900119980711    .0
1106900119980712    .0
1106900119980713   3.6
1106900119980714    .0
1106900119980715    .0
1106900119980716    .0
1106900119980717    .0
1106900119980718    .0
1106900119980719    .0
1106900119980720    .0
1106900119980721    .0
1106900119980722    .0
1106900119980723    .0
1106900119980724    .0
1106900119980725    .0
1106900119980726    .2
1106900119980727    .0
1106900119980728    .0
1106900119980729    .0
1106900119980730    .0
1106900119980731   1.6
1106900119980801  19.0
1106900119980802   2.2
1106900119980803   4.6
1106900119980804    .2
1106900119980805    .0
1106900119980806    .0
1106900119980807    .0
1106900119980808    .0
1106900119980809    .0
1106900119980810    .0
1106900119980811    .0
1106900119980812    .0
1106900119980813    .4
1106900119980814    .0
1106900119980815    .0
1106900119980816    .0
1106900119980817    .0
1106900119980818   2.0
1106900119980819    .0
1106900119980820    .0
1106900119980821    .0
1106900119980822    .0
1106900119980823    .0
1106900119980824    .0
1106900119980825    .2
1106900119980826    .0
1106900119980827    .0
1106900119980828    .0
1106900119980829    .0
1106900119980830    .0
1106900119980831    .2
1106900119980901    .4
1106900119980902   9.2
1106900119980903    .0
1106900119980904  12.0
1106900119980905    .2
1106900119980906    .0
1106900119980907    .8
1106900119980908    .2
1106900119980909    .0
1106900119980910   3.0
1106900119980911   3.0
1106900119980912   2.0
1106900119980913   6.6
1106900119980914    .8
1106900119980915    .0
1106900119980916   3.0
1106900119980917    .0
1106900119980918    .0
1106900119980919    .2
1106900119980920    .0
1106900119980921    .0
1106900119980922    .0
1106900119980923   1.2
1106900119980924    .0
1106900119980925  12.2
1106900119980926    .2
1106900119980927    .2
1106900119980928    .0
1106900119980929   3.0
1106900119980930   1.4
1106900119981001   2.0
1106900119981002   3.4
1106900119981003    .2
1106900119981004    .8
1106900119981005   6.6
1106900119981006   8.6
1106900119981007    .0
1106900119981008  12.2
1106900119981009    .2
1106900119981010    .4
1106900119981011   5.2
1106900119981012   1.0
1106900119981013    .0
1106900119981014    .0
1106900119981015    .0
1106900119981016    .0
1106900119981017  11.6
1106900119981018   5.2
1106900119981019    .0
1106900119981020    .0
1106900119981021    .0
1106900119981022    .0
1106900119981023    .0
1106900119981024    .0
1106900119981025   1.4
1106900119981026   5.8
1106900119981027    .2
1106900119981028    .2
1106900119981029    .2
1106900119981030    .2
1106900119981031    .0
1106900119981101   1.0
1106900119981102   1.4
1106900119981103   4.2
1106900119981104   2.6
1106900119981105    .2
1106900119981106    .2
1106900119981107    .0
1106900119981108    .2
1106900119981109    .2
1106900119981110   4.6
1106900119981111   3.8
1106900119981112  19.6
1106900119981113   5.2
1106900119981114    .6
1106900119981115    .6
1106900119981116    .0
1106900119981117    .0
1106900119981118    .2
1106900119981119    .0
1106900119981120    .0
1106900119981121    .0
1106900119981122    .0
1106900119981123    .0
1106900119981124    .0
1106900119981125   7.2
1106900119981126   1.0
1106900119981127  20.6
1106900119981128   6.0
1106900119981129   1.4
1106900119981130   7.8
1106900119981201    .0
1106900119981202   2.4
1106900119981203   5.0
1106900119981204    .0
1106900119981205    .2
1106900119981206    .0
1106900119981207    .0
1106900119981208    .0
1106900119981209  12.0
1106900119981210   3.2
1106900119981211   1.2
1106900119981212    .4
1106900119981213    .2
1106900119981214    .2
1106900119981215    .0
1106900119981216    .2
1106900119981217    .2
1106900119981218   2.4
1106900119981219    .4
1106900119981220  20.4
1106900119981221    .0
1106900119981222    .0
1106900119981223    .0
1106900119981224    .2
1106900119981225    .0
1106900119981226    .2
1106900119981227    .0
1106900119981228    .0
1106900119981229    .0
1106900119981230    .4
1106900119981231    .0
