1214500119940101   3.6
1214500119940102  16.4
1214500119940103   5.8
1214500119940104   2.4
1214500119940105    .0
1214500119940106   6.2
1214500119940107   1.2
1214500119940108    .0
1214500119940109    .0
1214500119940110  13.2
1214500119940111    .2
1214500119940112    .0
1214500119940113    .0
1214500119940114    .4
1214500119940115   3.6
1214500119940116   1.2
1214500119940117    .0
1214500119940118    .0
1214500119940119    .0
1214500119940120    .0
1214500119940121    .0
1214500119940122    .0
1214500119940123    .0
1214500119940124   2.0
1214500119940125   2.4
1214500119940126    .2
1214500119940127   1.4
1214500119940128    .8
1214500119940129    .0
1214500119940130    .0
1214500119940131    .0
1214500119940201    .0
1214500119940202    .0
1214500119940203  10.4
1214500119940204  17.6
1214500119940205   2.0
1214500119940206    .0
1214500119940207    .0
1214500119940208    .0
1214500119940209   1.2
1214500119940210    .4
1214500119940211   7.4
1214500119940212   1.4
1214500119940213    .0
1214500119940214    .2
1214500119940215   1.8
1214500119940216    .0
1214500119940217    .0
1214500119940218   2.4
1214500119940219   1.2
1214500119940220   9.6
1214500119940221    .2
1214500119940222    .0
1214500119940223   4.2
1214500119940224   3.2
1214500119940225    .0
1214500119940226    .0
1214500119940227    .0
1214500119940228    .2
1214500119940301    .0
1214500119940302    .0
1214500119940303   1.8
1214500119940304    .0
1214500119940305    .0
1214500119940306   1.0
1214500119940307    .0
1214500119940308    .0
1214500119940309    .0
1214500119940310    .0
1214500119940311    .0
1214500119940312    .0
1214500119940313   2.2
1214500119940314    .0
1214500119940315    .0
1214500119940316    .0
1214500119940317    .0
1214500119940318    .0
1214500119940319    .0
1214500119940320    .0
1214500119940321   4.0
1214500119940322    .0
1214500119940323    .0
1214500119940324    .0
1214500119940325    .0
1214500119940326    .0
1214500119940327    .0
1214500119940328    .0
1214500119940329    .0
1214500119940330    .0
1214500119940331    .0
1214500119940401   7.4
1214500119940402   6.8
1214500119940403   1.0
1214500119940404   6.2
1214500119940405   6.0
1214500119940406   8.6
1214500119940407  13.6
1214500119940408   2.6
1214500119940409   7.8
1214500119940410   2.0
1214500119940411    .0
1214500119940412    .1
1214500119940413    .0
1214500119940414    .0
1214500119940415    .0
1214500119940416    .2
1214500119940417   1.0
1214500119940418    .0
1214500119940419    .0
1214500119940420   1.4
1214500119940421    .2
1214500119940422    .0
1214500119940423    .0
1214500119940424  12.0
1214500119940425    .0
1214500119940426    .0
1214500119940427    .0
1214500119940428    .0
1214500119940429    .0
1214500119940430    .0
1214500119940501    .0
1214500119940502    .0
1214500119940503    .0
1214500119940504    .4
1214500119940505    .0
1214500119940506    .0
1214500119940507   6.4
1214500119940508   8.0
1214500119940509    .0
1214500119940510    .0
1214500119940511  13.4
1214500119940512    .0
1214500119940513  12.4
1214500119940514    .4
1214500119940515    .0
1214500119940516    .0
1214500119940517   3.6
1214500119940518    .2
1214500119940519    .6
1214500119940520    .0
1214500119940521   8.4
1214500119940522   9.6
1214500119940523    .2
1214500119940524   5.8
1214500119940525    .0
1214500119940526    .0
1214500119940527    .0
1214500119940528    .0
1214500119940529    .0
1214500119940530    .0
1214500119940531    .0
1214500119940601    .0
1214500119940602   1.2
1214500119940603    .0
1214500119940604    .6
1214500119940605    .0
1214500119940606    .0
1214500119940607    .0
1214500119940608   6.0
1214500119940609    .0
1214500119940610    .0
1214500119940611    .0
1214500119940612    .0
1214500119940613    .0
1214500119940614    .0
1214500119940615    .0
1214500119940616    .0
1214500119940617    .0
1214500119940618    .2
1214500119940619   1.2
1214500119940620    .0
1214500119940621    .0
1214500119940622    .0
1214500119940623    .0
1214500119940624    .0
1214500119940625  10.4
1214500119940626  14.0
1214500119940627   7.2
1214500119940628    .0
1214500119940629    .0
1214500119940630    .0
1214500119940701    .4
1214500119940702    .0
1214500119940703    .0
1214500119940704    .0
1214500119940705    .0
1214500119940706    .0
1214500119940707    .0
1214500119940708    .0
1214500119940709    .0
1214500119940710    .0
1214500119940711    .0
1214500119940712    .0
1214500119940713    .0
1214500119940714    .0
1214500119940715    .0
1214500119940716    .0
1214500119940717    .0
1214500119940718    .0
1214500119940719    .0
1214500119940720    .0
1214500119940721    .0
1214500119940722    .0
1214500119940723   9.4
1214500119940724    .0
1214500119940725    .0
1214500119940726    .0
1214500119940727    .0
1214500119940728    .4
1214500119940729  16.8
1214500119940730    .0
1214500119940731   3.6
1214500119940801    .0
1214500119940802    .0
1214500119940803    .0
1214500119940804    .0
1214500119940805    .0
1214500119940806    .0
1214500119940807    .0
1214500119940808    .0
1214500119940809    .0
1214500119940810    .0
1214500119940811    .0
1214500119940812   4.6
1214500119940813    .0
1214500119940814    .0
1214500119940815    .0
1214500119940816    .4
1214500119940817   1.4
1214500119940818    .0
1214500119940819    .0
1214500119940820    .0
1214500119940821    .4
1214500119940822    .0
1214500119940823    .8
1214500119940824    .0
1214500119940825   7.0
1214500119940826    .2
1214500119940827    .0
1214500119940828    .0
1214500119940829    .0
1214500119940830   8.8
1214500119940831   2.0
1214500119940901    .8
1214500119940902    .0
1214500119940903    .0
1214500119940904    .0
1214500119940905    .0
1214500119940906    .0
1214500119940907  28.8
1214500119940908   8.2
1214500119940909    .0
1214500119940910    .0
1214500119940911    .0
1214500119940912  18.8
1214500119940913    .6
1214500119940914   7.0
1214500119940915   9.0
1214500119940916   8.0
1214500119940917    .0
1214500119940918    .0
1214500119940919   3.4
1214500119940920   7.0
1214500119940921   9.2
1214500119940922  65.6
1214500119940923  33.4
1214500119940924    .0
1214500119940925    .0
1214500119940926    .0
1214500119940927    .0
1214500119940928    .0
1214500119940929   5.4
1214500119940930  36.4
1214500119941001   2.4
1214500119941002  12.4
1214500119941003   6.6
1214500119941004    .0
1214500119941005    .0
1214500119941006    .0
1214500119941007    .0
1214500119941008    .0
1214500119941009    .8
1214500119941010    .4
1214500119941011    .0
1214500119941012    .0
1214500119941013    .0
1214500119941014    .0
1214500119941015    .0
1214500119941016    .0
1214500119941017    .0
1214500119941018    .6
1214500119941019  43.2
1214500119941020  17.8
1214500119941021    .0
1214500119941022   4.2
1214500119941023   3.0
1214500119941024    .2
1214500119941025   2.4
1214500119941026   1.6
1214500119941027  12.0
1214500119941028   2.4
1214500119941029    .0
1214500119941030    .0
1214500119941031    .0
1214500119941101    .0
1214500119941102    .1
1214500119941103   1.4
1214500119941104  70.8
1214500119941105    .4
1214500119941106    .0
1214500119941107   3.8
1214500119941108    .0
1214500119941109    .8
1214500119941110   3.4
1214500119941111   1.0
1214500119941112   1.2
1214500119941113    .0
1214500119941114    .0
1214500119941115    .4
1214500119941116   2.0
1214500119941117   3.4
1214500119941118   1.4
1214500119941119    .0
1214500119941120    .0
1214500119941121    .0
1214500119941122    .0
1214500119941123    .0
1214500119941124    .0
1214500119941125    .0
1214500119941126    .0
1214500119941127    .0
1214500119941128    .0
1214500119941129    .0
1214500119941130    .0
1214500119941201    .0
1214500119941202   2.0
1214500119941203    .0
1214500119941204    .0
1214500119941205    .2
1214500119941206    .0
1214500119941207    .2
1214500119941208    .0
1214500119941209   5.2
1214500119941210    .6
1214500119941211    .0
1214500119941212    .0
1214500119941213    .0
1214500119941214    .0
1214500119941215    .0
1214500119941216    .0
1214500119941217    .0
1214500119941218    .0
1214500119941219    .0
1214500119941220    .0
1214500119941221    .0
1214500119941222    .0
1214500119941223    .0
1214500119941224    .0
1214500119941225    .0
1214500119941226    .0
1214500119941227    .0
1214500119941228    .0
1214500119941229    .0
1214500119941230   4.0
1214500119941231   2.2
1214500119950101    .2
1214500119950102    .0
1214500119950103    .0
1214500119950104    .0
1214500119950105   5.0
1214500119950106   2.2
1214500119950107    .0
1214500119950108    .2
1214500119950109    .4
1214500119950110   1.8
1214500119950111   3.2
1214500119950112    .1
1214500119950113    .0
1214500119950114    .0
1214500119950115    .0
1214500119950116    .0
1214500119950117    .0
1214500119950118   5.2
1214500119950119    .0
1214500119950120   2.0
1214500119950121    .0
1214500119950122    .0
1214500119950123    .6
1214500119950124   2.6
1214500119950125    .0
1214500119950126   2.8
1214500119950127    .0
1214500119950128   7.2
1214500119950129   3.2
1214500119950130   2.0
1214500119950131    .0
1214500119950201    .0
1214500119950202    .2
1214500119950203    .0
1214500119950204    .0
1214500119950205    .0
1214500119950206    .0
1214500119950207    .0
1214500119950208   6.2
1214500119950209   1.8
1214500119950210   2.8
1214500119950211    .4
1214500119950212    .0
1214500119950213  11.2
1214500119950214   1.6
1214500119950215   1.4
1214500119950216    .0
1214500119950217   2.4
1214500119950218    .4
1214500119950219    .0
1214500119950220    .0
1214500119950221   4.0
1214500119950222    .0
1214500119950223   6.9
1214500119950224  19.0
1214500119950225  12.4
1214500119950226   1.4
1214500119950227    .0
1214500119950228    .0
1214500119950301    .0
1214500119950302   1.0
1214500119950303   4.0
1214500119950304    .2
1214500119950305   9.6
1214500119950306    .5
1214500119950307    .0
1214500119950308   1.2
1214500119950309    .0
1214500119950310    .0
1214500119950311    .0
1214500119950312    .0
1214500119950313    .0
1214500119950314    .0
1214500119950315   2.2
1214500119950316    .4
1214500119950317   1.0
1214500119950318    .8
1214500119950319    .6
1214500119950320    .0
1214500119950321    .0
1214500119950322    .0
1214500119950323    .0
1214500119950324    .0
1214500119950325    .0
1214500119950326    .0
1214500119950327   4.4
1214500119950328   3.2
1214500119950329   1.4
1214500119950330    .0
1214500119950331    .0
1214500119950401    .0
1214500119950402    .0
1214500119950403    .0
1214500119950404    .0
1214500119950405    .2
1214500119950406    .0
1214500119950407    .0
1214500119950408    .0
1214500119950409    .0
1214500119950410    .0
1214500119950411    .0
1214500119950412    .0
1214500119950413    .0
1214500119950414    .0
1214500119950415    .0
1214500119950416    .1
1214500119950417    .0
1214500119950418    .0
1214500119950419   2.0
1214500119950420    .0
1214500119950421   5.4
1214500119950422    .0
1214500119950423   1.8
1214500119950424  10.0
1214500119950425   5.4
1214500119950426    .4
1214500119950427    .0
1214500119950428    .0
1214500119950429   7.4
1214500119950430    .0
1214500119950501    .0
1214500119950502    .0
1214500119950503    .0
1214500119950504    .0
1214500119950505    .0
1214500119950506    .2
1214500119950507    .4
1214500119950508    .0
1214500119950509    .0
1214500119950510    .0
1214500119950511  19.2
1214500119950512   3.8
1214500119950513    .8
1214500119950514    .0
1214500119950515   2.0
1214500119950516   8.8
1214500119950517   2.8
1214500119950518   4.4
1214500119950519    .0
1214500119950520    .0
1214500119950521    .0
1214500119950522    .0
1214500119950523    .0
1214500119950524    .0
1214500119950525   6.8
1214500119950526   2.4
1214500119950527    .0
1214500119950528    .0
1214500119950529    .0
1214500119950530    .0
1214500119950531    .0
1214500119950601    .0
1214500119950602    .0
1214500119950603    .0
1214500119950604    .0
1214500119950605    .0
1214500119950606    .0
1214500119950607    .0
1214500119950608    .0
1214500119950609   3.8
1214500119950610   8.6
1214500119950611   2.2
1214500119950612    .4
1214500119950613    .0
1214500119950614    .0
1214500119950615    .0
1214500119950616    .0
1214500119950617    .0
1214500119950618    .0
1214500119950619    .0
1214500119950620    .0
1214500119950621    .0
1214500119950622    .0
1214500119950623    .0
1214500119950624    .0
1214500119950625    .0
1214500119950626    .4
1214500119950627    .3
1214500119950628   3.2
1214500119950629    .0
1214500119950630    .0
1214500119950701    .0
1214500119950702  17.0
1214500119950703    .8
1214500119950704  22.6
1214500119950705    .0
1214500119950706    .0
1214500119950707    .0
1214500119950708    .0
1214500119950709    .0
1214500119950710    .0
1214500119950711    .0
1214500119950712    .0
1214500119950713   3.0
1214500119950714    .0
1214500119950715    .0
1214500119950716    .0
1214500119950717    .0
1214500119950718    .0
1214500119950719    .0
1214500119950720    .0
1214500119950721    .0
1214500119950722    .0
1214500119950723    .0
1214500119950724    .0
1214500119950725    .0
1214500119950726    .0
1214500119950727    .0
1214500119950728    .0
1214500119950729    .0
1214500119950730    .0
1214500119950731    .0
1214500119950801    .0
1214500119950802    .0
1214500119950803    .2
1214500119950804   7.8
1214500119950805  40.2
1214500119950806   2.8
1214500119950807    .4
1214500119950808    .4
1214500119950809    .0
1214500119950810   6.5
1214500119950811    .0
1214500119950812    .0
1214500119950813    .0
1214500119950814    .0
1214500119950815    .0
1214500119950816    .0
1214500119950817    .0
1214500119950818    .0
1214500119950819    .0
1214500119950820    .0
1214500119950821    .0
1214500119950822  10.8
1214500119950823    .8
1214500119950824   1.0
1214500119950825    .0
1214500119950826    .0
1214500119950827    .0
1214500119950828    .0
1214500119950829    .0
1214500119950830    .0
1214500119950831    .0
1214500119950901    .0
1214500119950902    .0
1214500119950903    .0
1214500119950904    .0
1214500119950905    .0
1214500119950906    .0
1214500119950907   3.4
1214500119950908   5.4
1214500119950909    .0
1214500119950910  19.2
1214500119950911   1.8
1214500119950912   9.4
1214500119950913   2.0
1214500119950914   1.4
1214500119950915    .8
1214500119950916    .0
1214500119950917  49.4
1214500119950918  31.6
1214500119950919   8.6
1214500119950920   1.2
1214500119950921    .0
1214500119950922    .0
1214500119950923    .0
1214500119950924   2.0
1214500119950925    .6
1214500119950926    .0
1214500119950927    .2
1214500119950928    .0
1214500119950929    .0
1214500119950930    .0
1214500119951001    .0
1214500119951002   3.0
1214500119951003    .0
1214500119951004   1.4
1214500119951005   2.4
1214500119951006    .2
1214500119951007    .0
1214500119951008    .0
1214500119951009    .0
1214500119951010    .0
1214500119951011    .0
1214500119951012    .0
1214500119951013   3.4
1214500119951014   5.4
1214500119951015    .0
1214500119951016    .0
1214500119951017    .0
1214500119951018    .4
1214500119951019    .0
1214500119951020    .0
1214500119951021    .0
1214500119951022    .0
1214500119951023    .0
1214500119951024    .0
1214500119951025    .0
1214500119951026    .0
1214500119951027    .2
1214500119951028    .8
1214500119951029   2.8
1214500119951030    .2
1214500119951031    .0
1214500119951101    .0
1214500119951102    .0
1214500119951103    .0
1214500119951104    .0
1214500119951105    .0
1214500119951106    .0
1214500119951107    .0
1214500119951108    .0
1214500119951109    .0
1214500119951110    .4
1214500119951111    .0
1214500119951112  20.8
1214500119951113    .0
1214500119951114    .0
1214500119951115    .2
1214500119951116    .8
1214500119951117   2.0
1214500119951118    .0
1214500119951119    .0
1214500119951120    .0
1214500119951121    .6
1214500119951122   8.8
1214500119951123    .0
1214500119951124    .2
1214500119951125   7.6
1214500119951126  27.0
1214500119951127    .0
1214500119951128    .0
1214500119951129    .0
1214500119951130    .0
1214500119951201    .0
1214500119951202   5.8
1214500119951203    .0
1214500119951204    .0
1214500119951205    .0
1214500119951206    .0
1214500119951207    .8
1214500119951208  23.8
1214500119951209    .0
1214500119951210    .0
1214500119951211    .0
1214500119951212    .0
1214500119951213    .0
1214500119951214    .0
1214500119951215   1.2
1214500119951216  28.8
1214500119951217  16.4
1214500119951218    .0
1214500119951219    .0
1214500119951220    .0
1214500119951221    .0
1214500119951222   1.0
1214500119951223   1.6
1214500119951224  13.6
1214500119951225   2.4
1214500119951226   9.4
1214500119951227    .2
1214500119951228  15.6
1214500119951229   1.0
1214500119951230   7.4
1214500119951231   4.2
1214500119960101  11.2
1214500119960102   4.8
1214500119960103    .0
1214500119960104    .0
1214500119960105   3.0
1214500119960106   5.6
1214500119960107    .0
1214500119960108    .0
1214500119960109   3.2
1214500119960110  10.8
1214500119960111   1.8
1214500119960112  13.4
1214500119960113   2.2
1214500119960114    .4
1214500119960115    .4
1214500119960116    .0
1214500119960117    .0
1214500119960118    .0
1214500119960119    .0
1214500119960120   1.0
1214500119960121   7.0
1214500119960122  28.2
1214500119960123  10.4
1214500119960124  18.6
1214500119960125   8.0
1214500119960126    .0
1214500119960127    .0
1214500119960128  44.4
1214500119960129    .0
1214500119960130    .0
1214500119960131    .0
1214500119960201    .8
1214500119960202   7.8
1214500119960203    .4
1214500119960204    .0
1214500119960205   1.4
1214500119960206   7.8
1214500119960207   9.6
1214500119960208    .0
1214500119960209    .0
1214500119960210   6.6
1214500119960211   3.0
1214500119960212   8.4
1214500119960213    .4
1214500119960214    .0
1214500119960215    .0
1214500119960216    .0
1214500119960217    .0
1214500119960218   5.2
1214500119960219   2.8
1214500119960220    .0
1214500119960221    .0
1214500119960222    .0
1214500119960223    .0
1214500119960224    .0
1214500119960225   6.0
1214500119960226  28.0
1214500119960227   5.4
1214500119960228    .0
1214500119960229    .0
1214500119960301    .0
1214500119960302    .0
1214500119960303    .0
1214500119960304    .0
1214500119960305    .0
1214500119960306    .0
1214500119960307   2.0
1214500119960308    .4
1214500119960309    .0
1214500119960310    .0
1214500119960311    .0
1214500119960312    .0
1214500119960313    .6
1214500119960314   3.2
1214500119960315  20.4
1214500119960316    .4
1214500119960317    .0
1214500119960318    .0
1214500119960319    .0
1214500119960320    .8
1214500119960321    .0
1214500119960322    .0
1214500119960323    .0
1214500119960324    .0
1214500119960325    .0
1214500119960326   1.0
1214500119960327    .6
1214500119960328    .0
1214500119960329    .0
1214500119960330    .0
1214500119960331    .0
1214500119960401   6.8
1214500119960402    .2
1214500119960403    .0
1214500119960404    .0
1214500119960405    .0
1214500119960406    .0
1214500119960407    .0
1214500119960408    .0
1214500119960409    .0
1214500119960410    .8
1214500119960411    .0
1214500119960412    .0
1214500119960413    .0
1214500119960414    .0
1214500119960415    .0
1214500119960416   9.8
1214500119960417   2.0
1214500119960418    .0
1214500119960419    .0
1214500119960420    .0
1214500119960421    .0
1214500119960422   6.4
1214500119960423   5.0
1214500119960424    .0
1214500119960425    .0
1214500119960426   1.0
1214500119960427   2.0
1214500119960428   4.2
1214500119960429   4.4
1214500119960430   2.2
1214500119960501   1.2
1214500119960502   8.6
1214500119960503   3.2
1214500119960504    .0
1214500119960505    .0
1214500119960506    .0
1214500119960507   8.4
1214500119960508    .6
1214500119960509   2.8
1214500119960510    .2
1214500119960511   4.4
1214500119960512    .0
1214500119960513    .0
1214500119960514    .0
1214500119960515    .0
1214500119960516   2.8
1214500119960517    .0
1214500119960518  19.2
1214500119960519    .0
1214500119960520    .0
1214500119960521    .2
1214500119960522    .0
1214500119960523    .0
1214500119960524   6.0
1214500119960525    .4
1214500119960526    .0
1214500119960527    .0
1214500119960528    .0
1214500119960529    .0
1214500119960530    .0
1214500119960531    .0
1214500119960601   7.4
1214500119960602  10.0
1214500119960603    .0
1214500119960604    .0
1214500119960605    .0
1214500119960606    .0
1214500119960607    .0
1214500119960608    .0
1214500119960609    .2
1214500119960610    .0
1214500119960611    .0
1214500119960612    .0
1214500119960613    .0
1214500119960614    .0
1214500119960615    .4
1214500119960616    .0
1214500119960617    .0
1214500119960618    .0
1214500119960619    .0
1214500119960620   8.2
1214500119960621   9.6
1214500119960622    .0
1214500119960623    .0
1214500119960624    .0
1214500119960625    .0
1214500119960626    .0
1214500119960627    .0
1214500119960628    .0
1214500119960629    .0
1214500119960630    .0
1214500119960701    .2
1214500119960702   4.2
1214500119960703    .0
1214500119960704   2.4
1214500119960705  15.2
1214500119960706    .0
1214500119960707  11.8
1214500119960708   1.2
1214500119960709    .0
1214500119960710    .0
1214500119960711    .0
1214500119960712    .0
1214500119960713    .2
1214500119960714    .0
1214500119960715    .0
1214500119960716    .0
1214500119960717    .0
1214500119960718    .0
1214500119960719    .0
1214500119960720    .0
1214500119960721    .0
1214500119960722    .0
1214500119960723    .0
1214500119960724    .0
1214500119960725    .2
1214500119960726    .0
1214500119960727  14.0
1214500119960728    .0
1214500119960729    .0
1214500119960730    .0
1214500119960731    .0
1214500119960801    .0
1214500119960802   4.4
1214500119960803    .0
1214500119960804   2.8
1214500119960805    .0
1214500119960806  18.2
1214500119960807  20.6
1214500119960808   8.4
1214500119960809    .0
1214500119960810   4.2
1214500119960811   3.4
1214500119960812    .0
1214500119960813    .0
1214500119960814    .0
1214500119960815    .0
1214500119960816    .0
1214500119960817    .0
1214500119960818    .0
1214500119960819    .0
1214500119960820  23.6
1214500119960821  17.0
1214500119960822    .0
1214500119960823    .2
1214500119960824    .0
1214500119960825   1.2
1214500119960826   2.0
1214500119960827   8.8
1214500119960828    .0
1214500119960829    .0
1214500119960830    .0
1214500119960831    .0
1214500119960901    .0
1214500119960902    .0
1214500119960903   9.8
1214500119960904    .0
1214500119960905    .0
1214500119960906    .0
1214500119960907    .0
1214500119960908    .0
1214500119960909    .0
1214500119960910    .0
1214500119960911    .0
1214500119960912    .0
1214500119960913    .0
1214500119960914    .0
1214500119960915    .0
1214500119960916    .0
1214500119960917  31.0
1214500119960918  14.4
1214500119960919  12.2
1214500119960920   1.6
1214500119960921   8.8
1214500119960922   2.8
1214500119960923    .0
1214500119960924   3.2
1214500119960925   6.8
1214500119960926    .0
1214500119960927   1.0
1214500119960928    .0
1214500119960929    .0
1214500119960930    .0
1214500119961001  15.2
1214500119961002   5.0
1214500119961003    .0
1214500119961004    .0
1214500119961005    .0
1214500119961006    .0
1214500119961007    .0
1214500119961008    .0
1214500119961009    .0
1214500119961010    .0
1214500119961011    .0
1214500119961012    .0
1214500119961013  16.4
1214500119961014  48.2
1214500119961015  12.4
1214500119961016    .6
1214500119961017   1.0
1214500119961018    .2
1214500119961019    .0
1214500119961020    .0
1214500119961021    .0
1214500119961022    .0
1214500119961023    .0
1214500119961024    .0
1214500119961025    .0
1214500119961026    .0
1214500119961027    .0
1214500119961028    .6
1214500119961029    .2
1214500119961030    .0
1214500119961031    .0
1214500119961101    .0
1214500119961102    .0
1214500119961103    .0
1214500119961104   5.6
1214500119961105    .4
1214500119961106    .0
1214500119961107    .4
1214500119961108    .0
1214500119961109    .0
1214500119961110    .0
1214500119961111    .0
1214500119961112  22.6
1214500119961113    .0
1214500119961114    .0
1214500119961115    .8
1214500119961116   6.0
1214500119961117   4.0
1214500119961118    .2
1214500119961119  27.6
1214500119961120   7.0
1214500119961121  17.6
1214500119961122   2.2
1214500119961123    .4
1214500119961124   2.0
1214500119961125  15.0
1214500119961126    .2
1214500119961127  16.4
1214500119961128    .2
1214500119961129   4.4
1214500119961130  11.0
1214500119961201   1.0
1214500119961202    .0
1214500119961203    .0
1214500119961204   7.6
1214500119961205   9.4
1214500119961206  49.6
1214500119961207    .2
1214500119961208   2.2
1214500119961209   2.6
1214500119961210    .2
1214500119961211    .0
1214500119961212   2.8
1214500119961213    .4
1214500119961214   4.4
1214500119961215    .0
1214500119961216    .0
1214500119961217    .0
1214500119961218   1.6
1214500119961219  14.6
1214500119961220    .0
1214500119961221    .0
1214500119961222   1.8
1214500119961223    .0
1214500119961224    .0
1214500119961225    .0
1214500119961226    .0
1214500119961227    .0
1214500119961228    .0
1214500119961229    .0
1214500119961230    .0
1214500119961231    .2
1214500119970101   2.0
1214500119970102  10.6
1214500119970103  13.4
1214500119970104   2.0
1214500119970105    .0
1214500119970106    .0
1214500119970107    .0
1214500119970108   9.4
1214500119970109    .0
1214500119970110    .0
1214500119970111    .0
1214500119970112    .0
1214500119970113    .0
1214500119970114    .0
1214500119970115    .0
1214500119970116    .0
1214500119970117  34.4
1214500119970118    .8
1214500119970119   6.4
1214500119970120   1.8
1214500119970121    .2
1214500119970122    .2
1214500119970123    .0
1214500119970124   1.2
1214500119970125    .0
1214500119970126    .0
1214500119970127    .0
1214500119970128    .0
1214500119970129    .0
1214500119970130    .0
1214500119970131    .0
1214500119970201    .0
1214500119970202    .8
1214500119970203   2.6
1214500119970204    .0
1214500119970205    .6
1214500119970206    .0
1214500119970207    .0
1214500119970208    .0
1214500119970209    .0
1214500119970210    .0
1214500119970211    .8
1214500119970212    .4
1214500119970213   3.2
1214500119970214   9.2
1214500119970215   1.0
1214500119970216    .0
1214500119970217    .2
1214500119970218    .2
1214500119970219    .2
1214500119970220    .2
1214500119970221    .0
1214500119970222    .0
1214500119970223    .0
1214500119970224    .2
1214500119970225    .0
1214500119970226   1.2
1214500119970227    .0
1214500119970228    .0
1214500119970301    .0
1214500119970302    .0
1214500119970303    .0
1214500119970304    .0
1214500119970305    .0
1214500119970306   1.4
1214500119970307    .0
1214500119970308    .0
1214500119970309    .0
1214500119970310    .0
1214500119970311    .0
1214500119970312    .0
1214500119970313    .0
1214500119970314    .0
1214500119970315    .0
1214500119970316    .0
1214500119970317    .0
1214500119970318    .0
1214500119970319    .2
1214500119970320    .0
1214500119970321    .0
1214500119970322    .0
1214500119970323    .0
1214500119970324    .0
1214500119970325    .0
1214500119970326    .0
1214500119970327    .0
1214500119970328    .0
1214500119970329    .0
1214500119970330    .0
1214500119970331    .0
1214500119970401    .0
1214500119970402    .0
1214500119970403    .0
1214500119970404    .0
1214500119970405    .0
1214500119970406    .0
1214500119970407    .0
1214500119970408    .0
1214500119970409    .0
1214500119970410    .0
1214500119970411    .0
1214500119970412    .0
1214500119970413    .0
1214500119970414    .0
1214500119970415    .0
1214500119970416    .0
1214500119970417    .0
1214500119970418    .0
1214500119970419   6.2
1214500119970420    .0
1214500119970421    .0
1214500119970422    .0
1214500119970423    .0
1214500119970424    .0
1214500119970425    .0
1214500119970426   6.2
1214500119970427   1.0
1214500119970428   3.8
1214500119970429    .0
1214500119970430    .0
1214500119970501    .0
1214500119970502    .0
1214500119970503    .0
1214500119970504  12.2
1214500119970505  14.4
1214500119970506   4.6
1214500119970507   3.2
1214500119970508   3.0
1214500119970509   2.8
1214500119970510    .0
1214500119970511  17.4
1214500119970512   1.0
1214500119970513    .4
1214500119970514    .0
1214500119970515    .0
1214500119970516    .0
1214500119970517  10.0
1214500119970518    .0
1214500119970519   4.6
1214500119970520   1.8
1214500119970521    .0
1214500119970522    .0
1214500119970523    .0
1214500119970524    .0
1214500119970525    .0
1214500119970526    .0
1214500119970527    .0
1214500119970528    .0
1214500119970529    .0
1214500119970530    .0
1214500119970531   1.0
1214500119970601   7.6
1214500119970602    .2
1214500119970603   2.8
1214500119970604   1.2
1214500119970605   7.2
1214500119970606    .0
1214500119970607    .4
1214500119970608    .0
1214500119970609    .0
1214500119970610    .0
1214500119970611    .0
1214500119970612    .0
1214500119970613  13.6
1214500119970614   3.6
1214500119970615   1.6
1214500119970616  37.8
1214500119970617    .0
1214500119970618    .0
1214500119970619    .0
1214500119970620    .0
1214500119970621   2.2
1214500119970622    .6
1214500119970623    .4
1214500119970624    .0
1214500119970625   1.2
1214500119970626   1.4
1214500119970627    .0
1214500119970628  19.8
1214500119970629   1.6
1214500119970630   3.6
1214500119970701    .6
1214500119970702   2.0
1214500119970703    .0
1214500119970704   1.0
1214500119970705    .4
1214500119970706    .0
1214500119970707    .0
1214500119970708    .0
1214500119970709    .0
1214500119970710   8.2
1214500119970711    .0
1214500119970712    .0
1214500119970713   5.0
1214500119970714    .0
1214500119970715    .0
1214500119970716    .0
1214500119970717   9.2
1214500119970718    .0
1214500119970719    .0
1214500119970720    .0
1214500119970721    .0
1214500119970722    .0
1214500119970723    .6
1214500119970724    .2
1214500119970725    .4
1214500119970726    .2
1214500119970727    .0
1214500119970728    .0
1214500119970729    .0
1214500119970730    .0
1214500119970731    .0
1214500119970801    .0
1214500119970802    .0
1214500119970803    .0
1214500119970804    .0
1214500119970805  13.0
1214500119970806   2.4
1214500119970807    .0
1214500119970808    .0
1214500119970809    .0
1214500119970810   8.6
1214500119970811   9.8
1214500119970812    .0
1214500119970813    .0
1214500119970814    .0
1214500119970815    .0
1214500119970816    .2
1214500119970817    .0
1214500119970818    .0
1214500119970819    .0
1214500119970820    .0
1214500119970821  12.2
1214500119970822    .0
1214500119970823   2.4
1214500119970824    .0
1214500119970825  17.4
1214500119970826    .8
1214500119970827  17.2
1214500119970828   3.2
1214500119970829    .2
1214500119970830    .0
1214500119970831    .0
1214500119970901  19.4
1214500119970902    .0
1214500119970903    .0
1214500119970904    .0
1214500119970905    .0
1214500119970906    .2
1214500119970907    .0
1214500119970908    .0
1214500119970909    .0
1214500119970910    .0
1214500119970911    .0
1214500119970912   4.6
1214500119970913    .4
1214500119970914    .0
1214500119970915    .0
1214500119970916    .2
1214500119970917    .0
1214500119970918    .0
1214500119970919    .0
1214500119970920    .8
1214500119970921    .8
1214500119970922   4.4
1214500119970923   5.2
1214500119970924    .0
1214500119970925    .0
1214500119970926    .0
1214500119970927    .0
1214500119970928    .0
1214500119970929    .0
1214500119970930    .0
1214500119971001    .0
1214500119971002    .0
1214500119971003    .0
1214500119971004    .0
1214500119971005    .0
1214500119971006  29.6
1214500119971007    .0
1214500119971008    .0
1214500119971009    .0
1214500119971010   4.2
1214500119971011   3.2
1214500119971012   2.4
1214500119971013    .2
1214500119971014    .0
1214500119971015   3.0
1214500119971016    .6
1214500119971017    .0
1214500119971018    .0
1214500119971019    .0
1214500119971020    .2
1214500119971021    .0
1214500119971022   1.0
1214500119971023    .4
1214500119971024    .0
1214500119971025    .0
1214500119971026    .0
1214500119971027    .0
1214500119971028  21.2
1214500119971029    .0
1214500119971030    .0
1214500119971031    .0
1214500119971101    .0
1214500119971102    .0
1214500119971103   2.2
1214500119971104  32.6
1214500119971105    .4
1214500119971106   9.6
1214500119971107   2.6
1214500119971108   3.8
1214500119971109   1.0
1214500119971110   5.0
1214500119971111   1.4
1214500119971112   1.8
1214500119971113    .2
1214500119971114    .0
1214500119971115    .0
1214500119971116    .0
1214500119971117    .0
1214500119971118   3.4
1214500119971119   1.6
1214500119971120   1.6
1214500119971121    .0
1214500119971122    .0
1214500119971123    .0
1214500119971124   8.8
1214500119971125    .0
1214500119971126    .8
1214500119971127   1.2
1214500119971128   3.6
1214500119971129    .0
1214500119971130   2.6
1214500119971201   4.4
1214500119971202   4.4
1214500119971203    .0
1214500119971204    .0
1214500119971205    .0
1214500119971206    .0
1214500119971207    .0
1214500119971208    .6
1214500119971209    .0
1214500119971210   1.4
1214500119971211   1.0
1214500119971212    .0
1214500119971213    .0
1214500119971214    .0
1214500119971215   1.2
1214500119971216   4.0
1214500119971217   2.8
1214500119971218  11.8
1214500119971219    .2
1214500119971220   2.4
1214500119971221    .6
1214500119971222   2.0
1214500119971223    .0
1214500119971224    .0
1214500119971225    .8
1214500119971226   4.2
1214500119971227   2.0
1214500119971228    .0
1214500119971229    .0
1214500119971230    .0
1214500119971231  16.4
1214500119980101    .4
1214500119980102  10.6
1214500119980103   1.4
1214500119980104    .4
1214500119980105    .8
1214500119980106    .0
1214500119980107    .0
1214500119980108    .0
1214500119980109    .0
1214500119980110    .0
1214500119980111    .0
1214500119980112    .0
1214500119980113  10.4
1214500119980114    .8
1214500119980115    .2
1214500119980116  13.8
1214500119980117    .0
1214500119980118  20.0
1214500119980119  10.0
1214500119980120    .0
1214500119980121    .0
1214500119980122    .0
1214500119980123    .0
1214500119980124    .0
1214500119980125    .0
1214500119980126    .0
1214500119980127    .0
1214500119980128    .0
1214500119980129    .0
1214500119980130    .0
1214500119980131    .4
1214500119980201    .0
1214500119980202   5.0
1214500119980203   1.8
1214500119980204    .0
1214500119980205    .0
1214500119980206    .0
1214500119980207    .0
1214500119980208    .0
1214500119980209    .0
1214500119980210    .0
1214500119980211    .0
1214500119980212    .0
1214500119980213    .0
1214500119980214    .0
1214500119980215    .0
1214500119980216    .0
1214500119980217    .0
1214500119980218    .0
1214500119980219    .0
1214500119980220    .0
1214500119980221   8.2
1214500119980222   2.0
1214500119980223    .0
1214500119980224    .0
1214500119980225    .0
1214500119980226    .0
1214500119980227    .0
1214500119980228    .2
1214500119980301    .0
1214500119980302    .0
1214500119980303    .0
1214500119980304   1.6
1214500119980305    .0
1214500119980306    .0
1214500119980307    .2
1214500119980308  21.2
1214500119980309    .0
1214500119980310   2.6
1214500119980311   3.0
1214500119980312    .0
1214500119980313    .0
1214500119980314    .0
1214500119980315    .0
1214500119980316    .0
1214500119980317    .0
1214500119980318    .0
1214500119980319    .0
1214500119980320    .0
1214500119980321    .0
1214500119980322    .0
1214500119980323    .0
1214500119980324    .0
1214500119980325    .0
1214500119980326    .0
1214500119980327    .0
1214500119980328    .0
1214500119980329    .0
1214500119980330    .0
1214500119980331  13.6
1214500119980401   5.0
1214500119980402   1.4
1214500119980403    .0
1214500119980404    .0
1214500119980405   1.0
1214500119980406    .0
1214500119980407   2.6
1214500119980408   2.8
1214500119980409   6.0
1214500119980410   2.2
1214500119980411   4.2
1214500119980412   3.6
1214500119980413   3.2
1214500119980414   1.4
1214500119980415  12.8
1214500119980416  13.6
1214500119980417   2.6
1214500119980418    .0
1214500119980419    .0
1214500119980420    .8
1214500119980421    .0
1214500119980422    .0
1214500119980423    .2
1214500119980424    .0
1214500119980425    .0
1214500119980426  39.4
1214500119980427   1.6
1214500119980428    .0
1214500119980429  11.8
1214500119980430   1.2
1214500119980501    .4
1214500119980502    .6
1214500119980503    .0
1214500119980504    .0
1214500119980505    .0
1214500119980506    .0
1214500119980507    .0
1214500119980508    .0
1214500119980509    .0
1214500119980510    .0
1214500119980511    .0
1214500119980512    .0
1214500119980513    .6
1214500119980514    .0
1214500119980515  74.8
1214500119980516    .0
1214500119980517    .0
1214500119980518    .0
1214500119980519    .0
1214500119980520    .8
1214500119980521    .0
1214500119980522    .0
1214500119980523    .0
1214500119980524    .0
1214500119980525    .0
1214500119980526    .0
1214500119980527   5.4
1214500119980528   4.0
1214500119980529    .0
1214500119980530  12.8
1214500119980531    .2
1214500119980601    .0
1214500119980602    .6
1214500119980603  11.4
1214500119980604    .0
1214500119980605    .0
1214500119980606  18.2
1214500119980607    .0
1214500119980608    .0
1214500119980609    .0
1214500119980610   4.8
1214500119980611   7.4
1214500119980612    .0
1214500119980613   1.4
1214500119980614    .4
1214500119980615   1.8
1214500119980616    .0
1214500119980617    .0
1214500119980618    .0
1214500119980619    .0
1214500119980620    .0
1214500119980621    .0
1214500119980622    .0
1214500119980623    .0
1214500119980624    .0
1214500119980625    .0
1214500119980626    .0
1214500119980627    .0
1214500119980628   1.6
1214500119980629  12.4
1214500119980630    .0
1214500119980701   6.2
1214500119980702  15.4
1214500119980703    .4
1214500119980704    .0
1214500119980705    .0
1214500119980706   2.0
1214500119980707    .6
1214500119980708   1.2
1214500119980709    .0
1214500119980710    .0
1214500119980711    .0
1214500119980712    .0
1214500119980713    .0
1214500119980714    .0
1214500119980715    .0
1214500119980716    .0
1214500119980717    .0
1214500119980718    .0
1214500119980719    .0
1214500119980720    .0
1214500119980721    .0
1214500119980722    .0
1214500119980723    .0
1214500119980724    .0
1214500119980725    .0
1214500119980726  12.0
1214500119980727    .4
1214500119980728    .0
1214500119980729    .0
1214500119980730   2.8
1214500119980731   8.6
1214500119980801   4.2
1214500119980802   1.2
1214500119980803    .0
1214500119980804    .0
1214500119980805    .0
1214500119980806    .0
1214500119980807    .0
1214500119980808    .0
1214500119980809    .0
1214500119980810    .0
1214500119980811    .2
1214500119980812   2.6
1214500119980813   1.6
1214500119980814    .0
1214500119980815    .0
1214500119980816    .0
1214500119980817    .2
1214500119980818   1.0
1214500119980819    .0
1214500119980820    .0
1214500119980821    .4
1214500119980822    .0
1214500119980823    .0
1214500119980824    .0
1214500119980825    .0
1214500119980826    .0
1214500119980827    .0
1214500119980828    .0
1214500119980829    .0
1214500119980830    .0
1214500119980831    .0
1214500119980901    .0
1214500119980902   7.8
1214500119980903    .0
1214500119980904   5.0
1214500119980905   2.6
1214500119980906    .0
1214500119980907   2.2
1214500119980908    .6
1214500119980909    .0
1214500119980910   8.4
1214500119980911   2.8
1214500119980912  11.2
1214500119980913    .4
1214500119980914    .0
1214500119980915    .6
1214500119980916    .0
1214500119980917    .0
1214500119980918    .0
1214500119980919    .0
1214500119980920    .0
1214500119980921    .0
1214500119980922    .0
1214500119980923   2.8
1214500119980924    .0
1214500119980925   6.0
1214500119980926  26.8
1214500119980927   2.2
1214500119980928    .0
1214500119980929  15.2
1214500119980930   5.4
1214500119981001   9.0
1214500119981002  10.0
1214500119981003    .0
1214500119981004    .2
1214500119981005   5.8
1214500119981006    .4
1214500119981007    .0
1214500119981008    .0
1214500119981009    .2
1214500119981010    .2
1214500119981011   1.2
1214500119981012    .0
1214500119981013    .0
1214500119981014    .0
1214500119981015    .0
1214500119981016    .0
1214500119981017  14.0
1214500119981018    .0
1214500119981019    .0
1214500119981020    .0
1214500119981021    .0
1214500119981022    .0
1214500119981023    .0
1214500119981024   2.2
1214500119981025   2.0
1214500119981026   3.2
1214500119981027    .0
1214500119981028    .0
1214500119981029    .2
1214500119981030    .0
1214500119981031    .2
1214500119981101   5.4
1214500119981102   5.8
1214500119981103   5.6
1214500119981104    .0
1214500119981105    .0
1214500119981106    .0
1214500119981107    .0
1214500119981108    .2
1214500119981109    .0
1214500119981110   5.0
1214500119981111    .0
1214500119981112   1.4
1214500119981113   9.8
1214500119981114   2.0
1214500119981115    .0
1214500119981116    .0
1214500119981117    .0
1214500119981118    .0
1214500119981119    .0
1214500119981120    .0
1214500119981121    .0
1214500119981122    .0
1214500119981123    .0
1214500119981124    .0
1214500119981125   1.2
1214500119981126    .0
1214500119981127    .4
1214500119981128   2.2
1214500119981129    .0
1214500119981130    .0
1214500119981201    .0
1214500119981202    .0
1214500119981203    .0
1214500119981204    .0
1214500119981205    .0
1214500119981206    .2
1214500119981207    .0
1214500119981208    .0
1214500119981209    .6
1214500119981210   3.0
1214500119981211    .0
1214500119981212    .6
1214500119981213    .0
1214500119981214    .0
1214500119981215    .0
1214500119981216    .0
1214500119981217    .0
1214500119981218    .0
1214500119981219    .0
1214500119981220  15.4
1214500119981221    .0
1214500119981222    .0
1214500119981223    .8
1214500119981224    .2
1214500119981225    .0
1214500119981226    .0
1214500119981227    .0
1214500119981228    .6
1214500119981229    .0
1214500119981230  12.6
1214500119981231  35.0
