1305400119940101    .0
1305400119940102    .0
1305400119940103    .0
1305400119940104    .0
1305400119940105   2.8
1305400119940106  50.6
1305400119940107   8.0
1305400119940108    .0
1305400119940109    .0
1305400119940110  27.0
1305400119940111    .0
1305400119940112    .0
1305400119940113    .0
1305400119940114    .0
1305400119940115    .2
1305400119940116    .4
1305400119940117    .0
1305400119940118    .0
1305400119940119    .0
1305400119940120    .0
1305400119940121    .0
1305400119940122    .0
1305400119940123    .0
1305400119940124    .0
1305400119940125    .0
1305400119940126    .0
1305400119940127    .0
1305400119940128    .0
1305400119940129    .0
1305400119940130    .0
1305400119940131    .0
1305400119940201    .0
1305400119940202    .0
1305400119940203  16.6
1305400119940204  60.6
1305400119940205  10.8
1305400119940206    .0
1305400119940207    .0
1305400119940208    .0
1305400119940209    .0
1305400119940210    .0
1305400119940211    .0
1305400119940212    .0
1305400119940213   7.4
1305400119940214    .2
1305400119940215    .0
1305400119940216    .0
1305400119940217    .0
1305400119940218    .0
1305400119940219    .0
1305400119940220   1.0
1305400119940221    .0
1305400119940222    .0
1305400119940223   5.2
1305400119940224    .0
1305400119940225    .0
1305400119940226    .0
1305400119940227    .0
1305400119940228    .0
1305400119940301    .6
1305400119940302    .0
1305400119940303    .0
1305400119940304    .0
1305400119940305    .0
1305400119940306    .0
1305400119940307    .0
1305400119940308    .0
1305400119940309    .0
1305400119940310    .0
1305400119940311    .0
1305400119940312    .0
1305400119940313    .0
1305400119940314    .0
1305400119940315    .0
1305400119940316    .0
1305400119940317    .0
1305400119940318    .0
1305400119940319    .0
1305400119940320    .0
1305400119940321    .4
1305400119940322    .0
1305400119940323    .0
1305400119940324    .0
1305400119940325    .0
1305400119940326   1.2
1305400119940327    .0
1305400119940328    .0
1305400119940329    .0
1305400119940330    .0
1305400119940331    .0
1305400119940401    .4
1305400119940402    .4
1305400119940403    .0
1305400119940404   3.6
1305400119940405    .0
1305400119940406    .6
1305400119940407   2.8
1305400119940408    .0
1305400119940409   3.2
1305400119940410    .2
1305400119940411    .0
1305400119940412    .0
1305400119940413    .0
1305400119940414    .0
1305400119940415    .6
1305400119940416   4.4
1305400119940417    .2
1305400119940418    .0
1305400119940419    .0
1305400119940420   1.0
1305400119940421   5.0
1305400119940422    .0
1305400119940423    .0
1305400119940424  17.0
1305400119940425   3.8
1305400119940426    .0
1305400119940427    .0
1305400119940428    .0
1305400119940429    .0
1305400119940430    .0
1305400119940501    .0
1305400119940502    .0
1305400119940503    .0
1305400119940504    .0
1305400119940505    .0
1305400119940506    .0
1305400119940507    .0
1305400119940508    .6
1305400119940509    .0
1305400119940510    .0
1305400119940511    .2
1305400119940512    .0
1305400119940513   4.0
1305400119940514    .4
1305400119940515    .0
1305400119940516    .0
1305400119940517  11.8
1305400119940518   3.0
1305400119940519    .0
1305400119940520    .0
1305400119940521    .0
1305400119940522    .0
1305400119940523    .0
1305400119940524   4.0
1305400119940525    .0
1305400119940526    .0
1305400119940527    .0
1305400119940528    .0
1305400119940529    .0
1305400119940530    .0
1305400119940531    .0
1305400119940601    .0
1305400119940602    .0
1305400119940603    .0
1305400119940604    .0
1305400119940605    .0
1305400119940606    .0
1305400119940607    .0
1305400119940608    .0
1305400119940609    .0
1305400119940610    .0
1305400119940611    .0
1305400119940612    .0
1305400119940613    .0
1305400119940614    .0
1305400119940615    .0
1305400119940616    .0
1305400119940617    .0
1305400119940618    .0
1305400119940619    .0
1305400119940620    .0
1305400119940621    .0
1305400119940622    .0
1305400119940623    .0
1305400119940624    .0
1305400119940625  12.4
1305400119940626    .0
1305400119940627    .0
1305400119940628    .0
1305400119940629    .0
1305400119940630    .0
1305400119940701    .0
1305400119940702    .0
1305400119940703    .0
1305400119940704    .0
1305400119940705    .0
1305400119940706    .0
1305400119940707    .0
1305400119940708    .0
1305400119940709    .0
1305400119940710    .0
1305400119940711    .0
1305400119940712    .0
1305400119940713    .0
1305400119940714    .0
1305400119940715    .0
1305400119940716    .0
1305400119940717    .0
1305400119940718    .0
1305400119940719    .0
1305400119940720    .0
1305400119940721    .0
1305400119940722    .0
1305400119940723    .0
1305400119940724    .0
1305400119940725    .0
1305400119940726    .0
1305400119940727    .0
1305400119940728    .0
1305400119940729    .0
1305400119940730    .0
1305400119940731    .0
1305400119940801    .0
1305400119940802    .0
1305400119940803    .0
1305400119940804    .0
1305400119940805    .0
1305400119940806    .0
1305400119940807    .0
1305400119940808    .0
1305400119940809    .0
1305400119940810    .0
1305400119940811    .0
1305400119940812    .0
1305400119940813   2.2
1305400119940814    .0
1305400119940815    .0
1305400119940816    .0
1305400119940817    .0
1305400119940818    .0
1305400119940819    .0
1305400119940820    .0
1305400119940821   1.2
1305400119940822    .0
1305400119940823    .0
1305400119940824    .0
1305400119940825    .0
1305400119940826    .0
1305400119940827    .0
1305400119940828    .0
1305400119940829    .0
1305400119940830    .0
1305400119940831  22.6
1305400119940901    .2
1305400119940902    .0
1305400119940903    .0
1305400119940904    .0
1305400119940905    .0
1305400119940906    .0
1305400119940907    .0
1305400119940908   6.4
1305400119940909    .0
1305400119940910    .0
1305400119940911    .0
1305400119940912  25.4
1305400119940913  50.2
1305400119940914   1.6
1305400119940915    .0
1305400119940916    .0
1305400119940917    .0
1305400119940918    .0
1305400119940919    .0
1305400119940920   2.8
1305400119940921  13.4
1305400119940922   4.6
1305400119940923  27.2
1305400119940924    .0
1305400119940925   1.4
1305400119940926  14.2
1305400119940927    .0
1305400119940928    .0
1305400119940929  19.8
1305400119940930  14.2
1305400119941001    .0
1305400119941002    .0
1305400119941003    .0
1305400119941004    .0
1305400119941005    .0
1305400119941006    .0
1305400119941007    .0
1305400119941008    .0
1305400119941009    .0
1305400119941010   1.4
1305400119941011    .0
1305400119941012    .0
1305400119941013    .0
1305400119941014    .0
1305400119941015    .0
1305400119941016    .0
1305400119941017    .0
1305400119941018    .0
1305400119941019  25.4
1305400119941020  80.0
1305400119941021  16.4
1305400119941022   4.8
1305400119941023    .6
1305400119941024    .0
1305400119941025    .0
1305400119941026    .0
1305400119941027   1.8
1305400119941028   9.0
1305400119941029    .0
1305400119941030    .0
1305400119941031    .0
1305400119941101    .0
1305400119941102   5.0
1305400119941103    .6
1305400119941104  24.6
1305400119941105  19.6
1305400119941106    .0
1305400119941107   7.4
1305400119941108    .0
1305400119941109   2.0
1305400119941110    .2
1305400119941111    .2
1305400119941112    .0
1305400119941113    .0
1305400119941114    .0
1305400119941115    .0
1305400119941116    .0
1305400119941117    .0
1305400119941118    .0
1305400119941119    .0
1305400119941120    .0
1305400119941121    .0
1305400119941122    .0
1305400119941123    .0
1305400119941124    .0
1305400119941125    .0
1305400119941126    .0
1305400119941127    .0
1305400119941128    .0
1305400119941129    .0
1305400119941130    .0
1305400119941201    .0
1305400119941202    .0
1305400119941203    .0
1305400119941204    .0
1305400119941205    .2
1305400119941206    .0
1305400119941207   6.2
1305400119941208    .0
1305400119941209   1.4
1305400119941210    .0
1305400119941211    .0
1305400119941212    .0
1305400119941213    .0
1305400119941214    .0
1305400119941215    .4
1305400119941216    .0
1305400119941217    .0
1305400119941218    .2
1305400119941219    .6
1305400119941220    .0
1305400119941221    .0
1305400119941222    .0
1305400119941223    .0
1305400119941224    .0
1305400119941225    .0
1305400119941226    .0
1305400119941227    .0
1305400119941228    .0
1305400119941229    .0
1305400119941230    .0
1305400119941231   1.4
1305400119950101    .0
1305400119950102    .0
1305400119950103    .0
1305400119950104    .0
1305400119950105    .0
1305400119950106   3.0
1305400119950107    .0
1305400119950108    .0
1305400119950109    .0
1305400119950110    .0
1305400119950111    .0
1305400119950112    .0
1305400119950113    .0
1305400119950114    .0
1305400119950115    .0
1305400119950116    .0
1305400119950117   1.4
1305400119950118  29.6
1305400119950119    .0
1305400119950120    .0
1305400119950121    .0
1305400119950122    .0
1305400119950123    .0
1305400119950124    .0
1305400119950125    .0
1305400119950126    .6
1305400119950127    .0
1305400119950128    .0
1305400119950129   2.2
1305400119950130    .0
1305400119950131    .0
1305400119950201    .0
1305400119950202   5.4
1305400119950203    .0
1305400119950204    .0
1305400119950205    .0
1305400119950206    .0
1305400119950207    .0
1305400119950208    .0
1305400119950209    .0
1305400119950210  11.2
1305400119950211    .0
1305400119950212    .2
1305400119950213  11.2
1305400119950214    .0
1305400119950215    .6
1305400119950216    .0
1305400119950217    .0
1305400119950218    .0
1305400119950219    .0
1305400119950220    .0
1305400119950221    .0
1305400119950222   4.6
1305400119950223   3.4
1305400119950224   1.8
1305400119950225   6.6
1305400119950226   2.8
1305400119950227    .0
1305400119950228    .0
1305400119950301    .0
1305400119950302    .0
1305400119950303    .2
1305400119950304    .0
1305400119950305   4.2
1305400119950306    .0
1305400119950307    .0
1305400119950308    .0
1305400119950309    .0
1305400119950310    .0
1305400119950311    .0
1305400119950312    .0
1305400119950313   2.6
1305400119950314    .0
1305400119950315    .6
1305400119950316    .0
1305400119950317    .0
1305400119950318    .0
1305400119950319    .0
1305400119950320    .0
1305400119950321    .0
1305400119950322    .0
1305400119950323    .0
1305400119950324    .0
1305400119950325    .0
1305400119950326    .0
1305400119950327   2.6
1305400119950328    .2
1305400119950329    .0
1305400119950330    .0
1305400119950331    .0
1305400119950401    .0
1305400119950402    .0
1305400119950403    .0
1305400119950404    .0
1305400119950405    .0
1305400119950406    .0
1305400119950407    .0
1305400119950408    .0
1305400119950409    .0
1305400119950410    .0
1305400119950411    .0
1305400119950412    .0
1305400119950413   2.6
1305400119950414    .0
1305400119950415    .0
1305400119950416    .0
1305400119950417    .0
1305400119950418    .0
1305400119950419   4.6
1305400119950420    .0
1305400119950421  41.2
1305400119950422   7.8
1305400119950423  25.8
1305400119950424  22.4
1305400119950425   1.0
1305400119950426    .0
1305400119950427    .0
1305400119950428    .0
1305400119950429    .4
1305400119950430    .0
1305400119950501    .0
1305400119950502    .0
1305400119950503    .0
1305400119950504    .0
1305400119950505    .0
1305400119950506    .0
1305400119950507    .0
1305400119950508    .0
1305400119950509    .0
1305400119950510    .0
1305400119950511  10.8
1305400119950512  36.4
1305400119950513    .0
1305400119950514    .0
1305400119950515    .4
1305400119950516   3.8
1305400119950517    .0
1305400119950518   1.4
1305400119950519    .0
1305400119950520    .0
1305400119950521    .0
1305400119950522    .0
1305400119950523    .0
1305400119950524    .0
1305400119950525   1.6
1305400119950526  17.2
1305400119950527    .0
1305400119950528    .0
1305400119950529    .8
1305400119950530   4.6
1305400119950531   2.0
1305400119950601    .2
1305400119950602    .0
1305400119950603    .0
1305400119950604    .0
1305400119950605    .0
1305400119950606    .0
1305400119950607    .0
1305400119950608    .0
1305400119950609    .0
1305400119950610    .0
1305400119950611    .0
1305400119950612    .0
1305400119950613    .0
1305400119950614    .0
1305400119950615    .0
1305400119950616    .0
1305400119950617    .0
1305400119950618    .0
1305400119950619    .0
1305400119950620    .0
1305400119950621    .0
1305400119950622    .0
1305400119950623    .0
1305400119950624    .0
1305400119950625    .0
1305400119950626    .0
1305400119950627    .0
1305400119950628    .0
1305400119950629    .0
1305400119950630    .0
1305400119950701    .0
1305400119950702    .0
1305400119950703    .0
1305400119950704    .0
1305400119950705   1.8
1305400119950706    .0
1305400119950707    .0
1305400119950708    .0
1305400119950709    .0
1305400119950710    .0
1305400119950711    .2
1305400119950712    .0
1305400119950713    .0
1305400119950714    .0
1305400119950715    .0
1305400119950716    .0
1305400119950717    .0
1305400119950718    .0
1305400119950719    .0
1305400119950720    .0
1305400119950721    .0
1305400119950722    .0
1305400119950723    .0
1305400119950724    .0
1305400119950725    .0
1305400119950726    .0
1305400119950727    .0
1305400119950728    .0
1305400119950729    .0
1305400119950730    .0
1305400119950731    .0
1305400119950801    .0
1305400119950802    .0
1305400119950803    .0
1305400119950804    .0
1305400119950805    .0
1305400119950806   3.8
1305400119950807    .0
1305400119950808    .0
1305400119950809    .0
1305400119950810    .0
1305400119950811   8.0
1305400119950812    .0
1305400119950813    .0
1305400119950814    .0
1305400119950815    .0
1305400119950816    .0
1305400119950817   4.6
1305400119950818    .0
1305400119950819    .0
1305400119950820    .0
1305400119950821   1.4
1305400119950822   6.0
1305400119950823  17.0
1305400119950824    .0
1305400119950825    .0
1305400119950826    .0
1305400119950827    .0
1305400119950828    .0
1305400119950829    .0
1305400119950830    .0
1305400119950831    .0
1305400119950901    .0
1305400119950902    .0
1305400119950903    .0
1305400119950904    .0
1305400119950905    .0
1305400119950906    .0
1305400119950907    .0
1305400119950908    .0
1305400119950909    .0
1305400119950910    .6
1305400119950911   6.8
1305400119950912  39.8
1305400119950913    .0
1305400119950914    .0
1305400119950915    .0
1305400119950916    .0
1305400119950917    .0
1305400119950918  20.4
1305400119950919    .2
1305400119950920    .0
1305400119950921    .0
1305400119950922    .0
1305400119950923    .8
1305400119950924   1.8
1305400119950925    .4
1305400119950926    .0
1305400119950927    .0
1305400119950928    .0
1305400119950929    .0
1305400119950930    .0
1305400119951001    .0
1305400119951002    .0
1305400119951003   1.0
1305400119951004    .0
1305400119951005  43.2
1305400119951006   2.6
1305400119951007    .0
1305400119951008    .0
1305400119951009    .0
1305400119951010    .0
1305400119951011    .0
1305400119951012    .0
1305400119951013    .0
1305400119951014   9.8
1305400119951015   6.2
1305400119951016    .0
1305400119951017    .0
1305400119951018    .0
1305400119951019    .0
1305400119951020    .0
1305400119951021    .0
1305400119951022    .0
1305400119951023    .0
1305400119951024    .0
1305400119951025    .0
1305400119951026    .0
1305400119951027    .0
1305400119951028    .0
1305400119951029  10.4
1305400119951030    .0
1305400119951031    .0
1305400119951101    .0
1305400119951102    .0
1305400119951103    .0
1305400119951104    .0
1305400119951105    .0
1305400119951106    .0
1305400119951107    .0
1305400119951108    .0
1305400119951109    .0
1305400119951110    .0
1305400119951111    .0
1305400119951112  12.6
1305400119951113    .4
1305400119951114    .0
1305400119951115    .0
1305400119951116    .2
1305400119951117    .0
1305400119951118    .0
1305400119951119    .0
1305400119951120    .0
1305400119951121   2.6
1305400119951122   8.8
1305400119951123    .0
1305400119951124    .0
1305400119951125    .0
1305400119951126  18.2
1305400119951127    .0
1305400119951128    .0
1305400119951129    .0
1305400119951130    .0
1305400119951201    .0
1305400119951202   1.2
1305400119951203    .0
1305400119951204   3.0
1305400119951205   3.6
1305400119951206  12.4
1305400119951207  40.8
1305400119951208    .2
1305400119951209    .0
1305400119951210    .0
1305400119951211    .0
1305400119951212    .0
1305400119951213    .0
1305400119951214    .0
1305400119951215   4.2
1305400119951216   7.2
1305400119951217    .4
1305400119951218    .0
1305400119951219    .0
1305400119951220    .0
1305400119951221    .0
1305400119951222    .2
1305400119951223    .0
1305400119951224    .6
1305400119951225    .6
1305400119951226   5.6
1305400119951227    .0
1305400119951228   8.4
1305400119951229   1.0
1305400119951230  16.4
1305400119951231   1.4
1305400119960101   2.0
1305400119960102    .2
1305400119960103    .0
1305400119960104    .0
1305400119960105   9.0
1305400119960106   4.6
1305400119960107    .0
1305400119960108    .0
1305400119960109    .4
1305400119960110   2.8
1305400119960111    .4
1305400119960112  19.2
1305400119960113    .0
1305400119960114    .2
1305400119960115    .0
1305400119960116    .0
1305400119960117    .0
1305400119960118    .0
1305400119960119    .0
1305400119960120   2.6
1305400119960121   1.2
1305400119960122    .2
1305400119960123  28.6
1305400119960124  11.0
1305400119960125  35.8
1305400119960126    .0
1305400119960127    .6
1305400119960128   9.6
1305400119960129    .0
1305400119960130    .0
1305400119960131   7.0
1305400119960201   1.6
1305400119960202   2.0
1305400119960203    .0
1305400119960204    .0
1305400119960205    .0
1305400119960206   6.0
1305400119960207   1.4
1305400119960208    .0
1305400119960209    .0
1305400119960210    .0
1305400119960211    .0
1305400119960212    .0
1305400119960213    .0
1305400119960214    .0
1305400119960215    .0
1305400119960216    .0
1305400119960217    .0
1305400119960218   2.0
1305400119960219    .0
1305400119960220    .0
1305400119960221    .0
1305400119960222    .0
1305400119960223    .0
1305400119960224    .0
1305400119960225    .8
1305400119960226   2.2
1305400119960227    .0
1305400119960228    .0
1305400119960229    .0
1305400119960301    .0
1305400119960302    .0
1305400119960303    .0
1305400119960304    .0
1305400119960305    .0
1305400119960306    .0
1305400119960307    .0
1305400119960308    .0
1305400119960309    .0
1305400119960310    .0
1305400119960311    .0
1305400119960312    .0
1305400119960313   1.2
1305400119960314  23.2
1305400119960315  12.6
1305400119960316    .4
1305400119960317    .6
1305400119960318    .2
1305400119960319    .0
1305400119960320    .0
1305400119960321    .0
1305400119960322    .0
1305400119960323    .0
1305400119960324    .0
1305400119960325    .0
1305400119960326    .8
1305400119960327    .0
1305400119960328    .0
1305400119960329    .0
1305400119960330    .0
1305400119960331    .2
1305400119960401    .0
1305400119960402    .0
1305400119960403    .0
1305400119960404    .0
1305400119960405    .0
1305400119960406    .0
1305400119960407    .0
1305400119960408    .0
1305400119960409    .0
1305400119960410    .0
1305400119960411    .0
1305400119960412    .0
1305400119960413    .0
1305400119960414    .0
1305400119960415    .0
1305400119960416    .0
1305400119960417   4.8
1305400119960418    .0
1305400119960419    .0
1305400119960420    .4
1305400119960421    .0
1305400119960422   1.0
1305400119960423   1.4
1305400119960424    .0
1305400119960425    .0
1305400119960426   7.8
1305400119960427   4.8
1305400119960428  12.0
1305400119960429   9.0
1305400119960430    .0
1305400119960501    .0
1305400119960502    .0
1305400119960503    .0
1305400119960504    .0
1305400119960505    .0
1305400119960506    .0
1305400119960507   9.2
1305400119960508    .0
1305400119960509    .0
1305400119960510    .0
1305400119960511    .0
1305400119960512    .0
1305400119960513    .0
1305400119960514    .0
1305400119960515    .0
1305400119960516    .0
1305400119960517    .0
1305400119960518    .6
1305400119960519    .2
1305400119960520    .0
1305400119960521    .0
1305400119960522    .0
1305400119960523    .0
1305400119960524    .0
1305400119960525    .0
1305400119960526    .0
1305400119960527    .0
1305400119960528    .0
1305400119960529    .0
1305400119960530    .0
1305400119960531    .0
1305400119960601    .0
1305400119960602  19.4
1305400119960603   4.0
1305400119960604    .0
1305400119960605    .0
1305400119960606    .0
1305400119960607    .0
1305400119960608    .0
1305400119960609    .0
1305400119960610    .0
1305400119960611    .0
1305400119960612    .0
1305400119960613    .0
1305400119960614    .0
1305400119960615    .0
1305400119960616    .0
1305400119960617    .0
1305400119960618    .0
1305400119960619    .0
1305400119960620    .0
1305400119960621   1.2
1305400119960622    .0
1305400119960623    .0
1305400119960624    .0
1305400119960625    .0
1305400119960626    .0
1305400119960627    .0
1305400119960628    .0
1305400119960629    .0
1305400119960630    .0
1305400119960701    .2
1305400119960702    .4
1305400119960703    .0
1305400119960704    .4
1305400119960705    .0
1305400119960706    .0
1305400119960707   2.4
1305400119960708    .0
1305400119960709    .0
1305400119960710    .0
1305400119960711    .0
1305400119960712    .0
1305400119960713    .0
1305400119960714    .0
1305400119960715    .0
1305400119960716    .0
1305400119960717    .0
1305400119960718    .0
1305400119960719    .0
1305400119960720    .0
1305400119960721    .0
1305400119960722    .0
1305400119960723    .0
1305400119960724    .0
1305400119960725    .0
1305400119960726    .0
1305400119960727   2.0
1305400119960728    .0
1305400119960729    .0
1305400119960730    .0
1305400119960731    .0
1305400119960801    .0
1305400119960802    .0
1305400119960803    .0
1305400119960804   7.0
1305400119960805   1.0
1305400119960806    .0
1305400119960807    .0
1305400119960808   6.2
1305400119960809    .0
1305400119960810   3.0
1305400119960811   7.4
1305400119960812    .0
1305400119960813    .0
1305400119960814    .0
1305400119960815    .0
1305400119960816    .0
1305400119960817    .0
1305400119960818    .0
1305400119960819    .0
1305400119960820    .0
1305400119960821   5.2
1305400119960822    .0
1305400119960823    .0
1305400119960824   5.4
1305400119960825    .0
1305400119960826  48.0
1305400119960827   1.8
1305400119960828    .0
1305400119960829    .0
1305400119960830    .0
1305400119960831    .0
1305400119960901    .0
1305400119960902    .0
1305400119960903   6.2
1305400119960904    .0
1305400119960905    .0
1305400119960906    .0
1305400119960907    .0
1305400119960908    .0
1305400119960909  30.6
1305400119960910    .0
1305400119960911    .0
1305400119960912    .0
1305400119960913    .0
1305400119960914    .0
1305400119960915    .0
1305400119960916    .0
1305400119960917  18.2
1305400119960918   8.0
1305400119960919  14.4
1305400119960920  13.0
1305400119960921  39.6
1305400119960922  17.0
1305400119960923    .0
1305400119960924    .0
1305400119960925    .0
1305400119960926    .0
1305400119960927    .0
1305400119960928    .2
1305400119960929    .0
1305400119960930    .0
1305400119961001  10.2
1305400119961002    .0
1305400119961003    .0
1305400119961004    .0
1305400119961005    .0
1305400119961006    .0
1305400119961007   6.0
1305400119961008    .0
1305400119961009    .0
1305400119961010    .2
1305400119961011    .2
1305400119961012    .0
1305400119961013    .0
1305400119961014  10.6
1305400119961015  14.4
1305400119961016    .0
1305400119961017    .0
1305400119961018    .0
1305400119961019    .0
1305400119961020    .0
1305400119961021    .0
1305400119961022    .0
1305400119961023    .0
1305400119961024    .0
1305400119961025    .0
1305400119961026    .0
1305400119961027    .0
1305400119961028    .2
1305400119961029    .0
1305400119961030    .0
1305400119961031    .0
1305400119961101    .0
1305400119961102    .2
1305400119961103    .0
1305400119961104    .4
1305400119961105   8.2
1305400119961106    .0
1305400119961107    .0
1305400119961108    .0
1305400119961109    .0
1305400119961110   6.8
1305400119961111   4.0
1305400119961112   2.4
1305400119961113   8.0
1305400119961114    .0
1305400119961115  10.4
1305400119961116   4.0
1305400119961117  28.8
1305400119961118   7.4
1305400119961119   3.0
1305400119961120    .0
1305400119961121   2.8
1305400119961122   3.4
1305400119961123   2.6
1305400119961124    .0
1305400119961125  11.6
1305400119961126    .0
1305400119961127    .2
1305400119961128    .0
1305400119961129    .0
1305400119961130    .2
1305400119961201    .0
1305400119961202    .0
1305400119961203   1.4
1305400119961204    .2
1305400119961205    .0
1305400119961206   1.4
1305400119961207    .0
1305400119961208   2.0
1305400119961209    .8
1305400119961210   8.2
1305400119961211    .0
1305400119961212   3.2
1305400119961213    .4
1305400119961214    .6
1305400119961215    .2
1305400119961216    .0
1305400119961217    .0
1305400119961218   2.6
1305400119961219   7.0
1305400119961220    .0
1305400119961221    .0
1305400119961222    .6
1305400119961223    .0
1305400119961224    .4
1305400119961225    .0
1305400119961226    .0
1305400119961227   2.0
1305400119961228    .6
1305400119961229    .0
1305400119961230    .0
1305400119961231  19.8
1305400119970101   5.8
1305400119970102  17.2
1305400119970103  14.0
1305400119970104   1.4
1305400119970105    .0
1305400119970106   9.8
1305400119970107    .0
1305400119970108  29.0
1305400119970109   1.2
1305400119970110    .0
1305400119970111    .0
1305400119970112    .0
1305400119970113    .0
1305400119970114    .2
1305400119970115    .2
1305400119970116    .0
1305400119970117    .0
1305400119970118   7.0
1305400119970119  14.0
1305400119970120    .6
1305400119970121    .0
1305400119970122    .0
1305400119970123    .0
1305400119970124    .0
1305400119970125    .2
1305400119970126    .0
1305400119970127    .0
1305400119970128    .0
1305400119970129    .2
1305400119970130    .2
1305400119970131    .0
1305400119970201    .0
1305400119970202    .0
1305400119970203    .0
1305400119970204    .0
1305400119970205    .0
1305400119970206    .0
1305400119970207    .0
1305400119970208    .0
1305400119970209    .2
1305400119970210    .2
1305400119970211    .1
1305400119970212    .0
1305400119970213    .0
1305400119970214   1.0
1305400119970215    .0
1305400119970216    .0
1305400119970217    .0
1305400119970218    .0
1305400119970219    .0
1305400119970220    .0
1305400119970221    .0
1305400119970222    .0
1305400119970223    .0
1305400119970224    .2
1305400119970225    .0
1305400119970226    .0
1305400119970227    .0
1305400119970228    .2
1305400119970301    .0
1305400119970302    .0
1305400119970303    .0
1305400119970304    .0
1305400119970305    .0
1305400119970306    .0
1305400119970307    .0
1305400119970308    .0
1305400119970309    .0
1305400119970310    .0
1305400119970311    .0
1305400119970312    .2
1305400119970313    .0
1305400119970314    .0
1305400119970315    .0
1305400119970316    .0
1305400119970317    .0
1305400119970318    .0
1305400119970319    .0
1305400119970320    .0
1305400119970321    .0
1305400119970322    .0
1305400119970323    .0
1305400119970324    .0
1305400119970325    .0
1305400119970326    .0
1305400119970327    .0
1305400119970328    .0
1305400119970329    .0
1305400119970330    .0
1305400119970331    .0
1305400119970401    .0
1305400119970402    .0
1305400119970403    .0
1305400119970404    .0
1305400119970405    .0
1305400119970406    .0
1305400119970407    .0
1305400119970408    .0
1305400119970409    .0
1305400119970410    .0
1305400119970411    .0
1305400119970412    .0
1305400119970413    .0
1305400119970414    .0
1305400119970415    .0
1305400119970416    .0
1305400119970417    .0
1305400119970418    .0
1305400119970419   4.6
1305400119970420    .0
1305400119970421    .0
1305400119970422    .0
1305400119970423    .0
1305400119970424    .0
1305400119970425    .0
1305400119970426  13.0
1305400119970427    .8
1305400119970428    .0
1305400119970429    .0
1305400119970430    .0
1305400119970501    .0
1305400119970502    .0
1305400119970503    .0
1305400119970504    .6
1305400119970505   2.4
1305400119970506    .8
1305400119970507    .0
1305400119970508    .0
1305400119970509    .0
1305400119970510    .0
1305400119970511    .0
1305400119970512   1.6
1305400119970513    .0
1305400119970514    .0
1305400119970515    .0
1305400119970516    .0
1305400119970517    .0
1305400119970518    .0
1305400119970519    .0
1305400119970520    .0
1305400119970521    .0
1305400119970522    .0
1305400119970523    .0
1305400119970524    .0
1305400119970525    .0
1305400119970526    .0
1305400119970527    .0
1305400119970528    .0
1305400119970529    .0
1305400119970530    .0
1305400119970531    .0
1305400119970601  14.2
1305400119970602    .0
1305400119970603    .2
1305400119970604   3.0
1305400119970605  23.2
1305400119970606    .0
1305400119970607    .0
1305400119970608    .0
1305400119970609    .0
1305400119970610    .0
1305400119970611    .0
1305400119970612    .0
1305400119970613    .0
1305400119970614    .0
1305400119970615    .0
1305400119970616    .4
1305400119970617    .0
1305400119970618    .0
1305400119970619    .0
1305400119970620    .0
1305400119970621    .0
1305400119970622    .0
1305400119970623    .0
1305400119970624    .0
1305400119970625    .0
1305400119970626   3.2
1305400119970627    .2
1305400119970628   2.6
1305400119970629    .0
1305400119970630    .0
1305400119970701    .0
1305400119970702    .8
1305400119970703   1.6
1305400119970704   6.0
1305400119970705    .0
1305400119970706    .0
1305400119970707    .0
1305400119970708    .0
1305400119970709    .0
1305400119970710    .0
1305400119970711    .0
1305400119970712    .0
1305400119970713    .0
1305400119970714    .0
1305400119970715    .0
1305400119970716    .0
1305400119970717    .0
1305400119970718    .0
1305400119970719    .0
1305400119970720    .0
1305400119970721    .0
1305400119970722    .0
1305400119970723    .0
1305400119970724    .0
1305400119970725    .0
1305400119970726    .0
1305400119970727    .0
1305400119970728    .0
1305400119970729    .0
1305400119970730    .0
1305400119970731    .0
1305400119970801    .0
1305400119970802    .0
1305400119970803    .0
1305400119970804    .0
1305400119970805    .0
1305400119970806    .0
1305400119970807    .0
1305400119970808    .0
1305400119970809    .0
1305400119970810    .0
1305400119970811  40.2
1305400119970812    .0
1305400119970813    .0
1305400119970814    .0
1305400119970815    .0
1305400119970816    .2
1305400119970817    .0
1305400119970818    .0
1305400119970819    .0
1305400119970820    .0
1305400119970821    .0
1305400119970822    .0
1305400119970823    .0
1305400119970824    .0
1305400119970825   1.4
1305400119970826    .0
1305400119970827   3.2
1305400119970828   5.6
1305400119970829    .0
1305400119970830    .0
1305400119970831    .0
1305400119970901   2.8
1305400119970902    .0
1305400119970903    .0
1305400119970904    .0
1305400119970905    .0
1305400119970906    .0
1305400119970907    .0
1305400119970908    .0
1305400119970909    .0
1305400119970910    .0
1305400119970911    .0
1305400119970912    .0
1305400119970913  12.6
1305400119970914    .0
1305400119970915   2.2
1305400119970916    .0
1305400119970917    .0
1305400119970918    .0
1305400119970919    .0
1305400119970920    .0
1305400119970921    .0
1305400119970922    .0
1305400119970923    .0
1305400119970924    .0
1305400119970925    .0
1305400119970926    .0
1305400119970927    .0
1305400119970928    .0
1305400119970929    .0
1305400119970930    .2
1305400119971001    .0
1305400119971002    .0
1305400119971003    .0
1305400119971004    .0
1305400119971005    .0
1305400119971006  18.2
1305400119971007   2.8
1305400119971008    .0
1305400119971009    .0
1305400119971010    .4
1305400119971011    .0
1305400119971012    .0
1305400119971013    .0
1305400119971014    .0
1305400119971015    .0
1305400119971016    .0
1305400119971017    .0
1305400119971018    .0
1305400119971019    .0
1305400119971020   2.6
1305400119971021   3.6
1305400119971022   5.8
1305400119971023  21.6
1305400119971024    .0
1305400119971025    .0
1305400119971026    .0
1305400119971027    .0
1305400119971028    .0
1305400119971029    .0
1305400119971030    .0
1305400119971031    .0
1305400119971101    .0
1305400119971102    .0
1305400119971103    .0
1305400119971104   2.4
1305400119971105   7.2
1305400119971106  11.6
1305400119971107    .0
1305400119971108    .0
1305400119971109    .0
1305400119971110    .0
1305400119971111    .6
1305400119971112    .0
1305400119971113    .0
1305400119971114    .0
1305400119971115    .0
1305400119971116    .0
1305400119971117    .0
1305400119971118    .1
1305400119971119   7.8
1305400119971120   7.0
1305400119971121    .0
1305400119971122    .0
1305400119971123    .0
1305400119971124    .0
1305400119971125    .6
1305400119971126    .8
1305400119971127    .0
1305400119971128  10.4
1305400119971129    .0
1305400119971130    .0
1305400119971201    .0
1305400119971202    .4
1305400119971203    .0
1305400119971204    .0
1305400119971205    .0
1305400119971206    .0
1305400119971207    .2
1305400119971208    .0
1305400119971209    .0
1305400119971210    .6
1305400119971211    .0
1305400119971212    .0
1305400119971213    .0
1305400119971214    .0
1305400119971215    .0
1305400119971216    .0
1305400119971217   1.8
1305400119971218  10.2
1305400119971219  21.0
1305400119971220    .2
1305400119971221    .0
1305400119971222    .0
1305400119971223    .0
1305400119971224    .0
1305400119971225    .2
1305400119971226    .0
1305400119971227    .0
1305400119971228    .0
1305400119971229    .0
1305400119971230    .0
1305400119971231    .0
1305400119980101   2.2
1305400119980102   1.0
1305400119980103    .2
1305400119980104    .0
1305400119980105    .0
1305400119980106    .2
1305400119980107    .0
1305400119980108    .2
1305400119980109    .4
1305400119980110    .0
1305400119980111    .0
1305400119980112    .0
1305400119980113   9.4
1305400119980114    .0
1305400119980115    .0
1305400119980116   1.6
1305400119980117    .0
1305400119980118   3.6
1305400119980119    .8
1305400119980120    .0
1305400119980121    .0
1305400119980122    .0
1305400119980123    .0
1305400119980124    .2
1305400119980125   1.8
1305400119980126    .2
1305400119980127    .0
1305400119980128    .0
1305400119980129    .0
1305400119980130    .0
1305400119980131    .0
1305400119980201    .0
1305400119980202   1.6
1305400119980203    .2
1305400119980204    .0
1305400119980205    .0
1305400119980206    .0
1305400119980207    .0
1305400119980208    .0
1305400119980209    .0
1305400119980210    .0
1305400119980211    .4
1305400119980212    .0
1305400119980213    .2
1305400119980214    .0
1305400119980215    .0
1305400119980216    .0
1305400119980217    .2
1305400119980218    .0
1305400119980219    .0
1305400119980220    .0
1305400119980221    .0
1305400119980222   1.8
1305400119980223    .0
1305400119980224    .0
1305400119980225    .0
1305400119980226    .0
1305400119980227    .2
1305400119980228    .0
1305400119980301    .0
1305400119980302    .0
1305400119980303    .0
1305400119980304    .0
1305400119980305    .0
1305400119980306    .0
1305400119980307    .0
1305400119980308    .0
1305400119980309    .0
1305400119980310    .0
1305400119980311   3.6
1305400119980312    .0
1305400119980313    .0
1305400119980314    .0
1305400119980315    .0
1305400119980316    .0
1305400119980317    .0
1305400119980318    .0
1305400119980319    .0
1305400119980320    .0
1305400119980321    .0
1305400119980322    .0
1305400119980323    .0
1305400119980324    .0
1305400119980325    .0
1305400119980326    .0
1305400119980327    .0
1305400119980328    .0
1305400119980329    .0
1305400119980330    .0
1305400119980331    .0
1305400119980401   5.8
1305400119980402    .2
1305400119980403    .2
1305400119980404    .4
1305400119980405    .0
1305400119980406   1.0
1305400119980407    .4
1305400119980408    .0
1305400119980409   7.8
1305400119980410    .2
1305400119980411   1.4
1305400119980412    .0
1305400119980413    .0
1305400119980414   3.4
1305400119980415  17.6
1305400119980416    .0
1305400119980417    .0
1305400119980418    .0
1305400119980419    .0
1305400119980420    .0
1305400119980421    .0
1305400119980422    .0
1305400119980423    .0
1305400119980424    .0
1305400119980425    .0
1305400119980426  30.2
1305400119980427    .0
1305400119980428    .0
1305400119980429  21.0
1305400119980430   2.8
1305400119980501   4.2
1305400119980502    .0
1305400119980503    .2
1305400119980504    .0
1305400119980505    .0
1305400119980506    .0
1305400119980507    .2
1305400119980508    .0
1305400119980509    .0
1305400119980510    .0
1305400119980511    .0
1305400119980512    .0
1305400119980513    .0
1305400119980514    .0
1305400119980515    .0
1305400119980516    .0
1305400119980517    .0
1305400119980518    .0
1305400119980519    .0
1305400119980520    .0
1305400119980521    .0
1305400119980522    .0
1305400119980523    .0
1305400119980524    .0
1305400119980525    .0
1305400119980526    .0
1305400119980527   5.2
1305400119980528  29.6
1305400119980529    .0
1305400119980530   1.0
1305400119980531    .0
1305400119980601    .0
1305400119980602    .0
1305400119980603    .2
1305400119980604    .0
1305400119980605    .0
1305400119980606  17.4
1305400119980607    .0
1305400119980608    .0
1305400119980609    .0
1305400119980610   1.4
1305400119980611    .0
1305400119980612    .0
1305400119980613    .0
1305400119980614    .0
1305400119980615    .0
1305400119980616    .0
1305400119980617    .0
1305400119980618    .0
1305400119980619    .0
1305400119980620    .0
1305400119980621    .0
1305400119980622    .2
1305400119980623    .0
1305400119980624    .0
1305400119980625    .0
1305400119980626    .0
1305400119980627    .0
1305400119980628    .0
1305400119980629    .0
1305400119980630    .0
1305400119980701    .0
1305400119980702    .0
1305400119980703    .0
1305400119980704    .0
1305400119980705    .0
1305400119980706    .0
1305400119980707    .0
1305400119980708    .0
1305400119980709    .0
1305400119980710    .0
1305400119980711    .0
1305400119980712    .0
1305400119980713    .4
1305400119980714    .0
1305400119980715    .0
1305400119980716    .0
1305400119980717    .0
1305400119980718    .0
1305400119980719    .0
1305400119980720    .0
1305400119980721    .0
1305400119980722    .0
1305400119980723    .0
1305400119980724    .0
1305400119980725    .0
1305400119980726    .0
1305400119980727    .0
1305400119980728    .0
1305400119980729    .0
1305400119980730    .0
1305400119980731    .0
1305400119980801    .0
1305400119980802    .0
1305400119980803  34.6
1305400119980804   1.0
1305400119980805    .0
1305400119980806    .0
1305400119980807    .0
1305400119980808    .0
1305400119980809    .0
1305400119980810    .0
1305400119980811    .0
1305400119980812    .0
1305400119980813    .0
1305400119980814    .0
1305400119980815    .0
1305400119980816    .0
1305400119980817    .0
1305400119980818    .0
1305400119980819    .0
1305400119980820    .0
1305400119980821    .0
1305400119980822    .0
1305400119980823    .0
1305400119980824    .0
1305400119980825    .0
1305400119980826    .0
1305400119980827    .0
1305400119980828    .0
1305400119980829    .0
1305400119980830    .0
1305400119980831   3.0
1305400119980901    .0
1305400119980902    .0
1305400119980903    .0
1305400119980904   4.0
1305400119980905    .0
1305400119980906    .0
1305400119980907 146.0
1305400119980908    .0
1305400119980909    .0
1305400119980910    .0
1305400119980911  38.4
1305400119980912    .0
1305400119980913    .0
1305400119980914    .0
1305400119980915    .0
1305400119980916    .0
1305400119980917    .0
1305400119980918    .0
1305400119980919    .0
1305400119980920    .0
1305400119980921    .0
1305400119980922    .0
1305400119980923    .0
1305400119980924    .0
1305400119980925    .0
1305400119980926    .0
1305400119980927    .0
1305400119980928    .0
1305400119980929  16.0
1305400119980930   1.8
1305400119981001    .2
1305400119981002   1.4
1305400119981003    .0
1305400119981004    .4
1305400119981005  24.2
1305400119981006    .0
1305400119981007    .0
1305400119981008    .0
1305400119981009    .2
1305400119981010    .0
1305400119981011    .0
1305400119981012    .0
1305400119981013    .0
1305400119981014    .0
1305400119981015    .0
1305400119981016    .0
1305400119981017   1.8
1305400119981018  10.0
1305400119981019    .0
1305400119981020    .0
1305400119981021    .0
1305400119981022    .0
1305400119981023    .0
1305400119981024    .0
1305400119981025   1.6
1305400119981026    .0
1305400119981027    .0
1305400119981028    .0
1305400119981029    .0
1305400119981030    .0
1305400119981031    .0
1305400119981101    .0
1305400119981102    .4
1305400119981103   5.4
1305400119981104    .0
1305400119981105    .0
1305400119981106    .0
1305400119981107    .0
1305400119981108    .0
1305400119981109    .0
1305400119981110    .0
1305400119981111    .0
1305400119981112    .2
1305400119981113   3.2
1305400119981114    .0
1305400119981115    .0
1305400119981116    .0
1305400119981117    .0
1305400119981118    .0
1305400119981119    .0
1305400119981120    .0
1305400119981121    .0
1305400119981122    .0
1305400119981123    .0
1305400119981124    .0
1305400119981125   2.2
1305400119981126    .0
1305400119981127    .0
1305400119981128    .8
1305400119981129    .2
1305400119981130    .0
1305400119981201    .0
1305400119981202    .0
1305400119981203    .0
1305400119981204    .0
1305400119981205    .0
1305400119981206    .0
1305400119981207    .0
1305400119981208    .0
1305400119981209    .0
1305400119981210   2.8
1305400119981211    .0
1305400119981212    .0
1305400119981213    .0
1305400119981214    .0
1305400119981215    .0
1305400119981216    .0
1305400119981217    .0
1305400119981218    .0
1305400119981219    .0
1305400119981220   7.8
1305400119981221    .0
1305400119981222    .0
1305400119981223    .0
1305400119981224   5.2
1305400119981225    .0
1305400119981226    .0
1305400119981227    .0
1305400119981228    .0
1305400119981229    .0
1305400119981230    .4
1305400119981231  25.2
