1413700119940101   6.8
1413700119940102    .2
1413700119940103   4.0
1413700119940104   7.0
1413700119940105   6.0
1413700119940106   2.0
1413700119940107    .4
1413700119940108   3.4
1413700119940109   5.8
1413700119940110    .4
1413700119940111    .2
1413700119940112   8.4
1413700119940113   4.4
1413700119940114    .0
1413700119940115   1.1
1413700119940116   2.0
1413700119940117    .0
1413700119940118   2.2
1413700119940119   2.4
1413700119940120    .0
1413700119940121    .2
1413700119940122    .0
1413700119940123   2.4
1413700119940124   7.2
1413700119940125   2.0
1413700119940126    .0
1413700119940127   6.4
1413700119940128    .0
1413700119940129    .0
1413700119940130    .8
1413700119940131    .0
1413700119940201   1.8
1413700119940202   6.0
1413700119940203   2.4
1413700119940204    .0
1413700119940205    .6
1413700119940206    .6
1413700119940207    .0
1413700119940208    .2
1413700119940209    .6
1413700119940210   7.4
1413700119940211  14.0
1413700119940212    .0
1413700119940213    .0
1413700119940214   2.2
1413700119940215    .0
1413700119940216    .0
1413700119940217    .2
1413700119940218   1.6
1413700119940219   5.6
1413700119940220   3.4
1413700119940221    .6
1413700119940222    .0
1413700119940223   4.4
1413700119940224    .6
1413700119940225    .2
1413700119940226    .0
1413700119940227    .8
1413700119940228   1.0
1413700119940301    .4
1413700119940302   2.8
1413700119940303    .2
1413700119940304    .0
1413700119940305   1.0
1413700119940306    .0
1413700119940307    .0
1413700119940308    .0
1413700119940309    .0
1413700119940310    .0
1413700119940311    .0
1413700119940312   2.0
1413700119940313    .4
1413700119940314    .6
1413700119940315    .6
1413700119940316   1.2
1413700119940317    .2
1413700119940318    .4
1413700119940319   7.6
1413700119940320   5.4
1413700119940321    .0
1413700119940322    .0
1413700119940323    .2
1413700119940324    .2
1413700119940325   1.0
1413700119940326    .0
1413700119940327    .0
1413700119940328    .4
1413700119940329    .0
1413700119940330   7.8
1413700119940331  16.4
1413700119940401   6.2
1413700119940402    .6
1413700119940403   8.6
1413700119940404   6.6
1413700119940405   5.2
1413700119940406   3.0
1413700119940407   1.5
1413700119940408  14.2
1413700119940409   4.0
1413700119940410   2.4
1413700119940411    .0
1413700119940412   3.4
1413700119940413   1.0
1413700119940414   7.2
1413700119940415  13.1
1413700119940416    .0
1413700119940417    .0
1413700119940418    .0
1413700119940419    .0
1413700119940420    .0
1413700119940421    .0
1413700119940422    .0
1413700119940423   4.2
1413700119940424    .0
1413700119940425    .3
1413700119940426    .2
1413700119940427    .0
1413700119940428    .0
1413700119940429    .0
1413700119940430    .0
1413700119940501    .0
1413700119940502    .0
1413700119940503    .0
1413700119940504   1.2
1413700119940505   1.0
1413700119940506    .0
1413700119940507  11.6
1413700119940508   1.2
1413700119940509   2.4
1413700119940510    .0
1413700119940511   1.2
1413700119940512    .0
1413700119940513    .0
1413700119940514   6.8
1413700119940515    .2
1413700119940516  20.8
1413700119940517   9.0
1413700119940518   1.4
1413700119940519    .4
1413700119940520  14.4
1413700119940521   3.0
1413700119940522   3.4
1413700119940523   2.0
1413700119940524  11.4
1413700119940525   9.2
1413700119940526    .8
1413700119940527    .0
1413700119940528    .0
1413700119940529    .0
1413700119940530    .0
1413700119940531    .0
1413700119940601   6.4
1413700119940602  12.2
1413700119940603   3.6
1413700119940604  10.0
1413700119940605    .2
1413700119940606    .1
1413700119940607    .0
1413700119940608   1.0
1413700119940609    .0
1413700119940610    .0
1413700119940611    .0
1413700119940612    .0
1413700119940613    .0
1413700119940614    .0
1413700119940615    .0
1413700119940616    .0
1413700119940617    .0
1413700119940618    .0
1413700119940619    .0
1413700119940620    .0
1413700119940621    .0
1413700119940622    .0
1413700119940623    .0
1413700119940624  21.4
1413700119940625    .2
1413700119940626    .0
1413700119940627    .0
1413700119940628    .0
1413700119940629    .0
1413700119940630    .0
1413700119940701  18.8
1413700119940702    .0
1413700119940703    .0
1413700119940704    .0
1413700119940705    .0
1413700119940706   2.9
1413700119940707   3.6
1413700119940708    .0
1413700119940709    .0
1413700119940710    .0
1413700119940711    .0
1413700119940712    .4
1413700119940713    .0
1413700119940714    .0
1413700119940715    .0
1413700119940716    .6
1413700119940717    .2
1413700119940718  44.2
1413700119940719   3.8
1413700119940720    .0
1413700119940721    .0
1413700119940722    .0
1413700119940723   3.6
1413700119940724    .0
1413700119940725    .0
1413700119940726    .0
1413700119940727  24.8
1413700119940728    .0
1413700119940729   1.2
1413700119940730   7.0
1413700119940731   8.6
1413700119940801    .0
1413700119940802    .0
1413700119940803    .0
1413700119940804   3.0
1413700119940805    .6
1413700119940806    .0
1413700119940807    .0
1413700119940808    .0
1413700119940809  34.6
1413700119940810   3.2
1413700119940811    .6
1413700119940812    .2
1413700119940813    .0
1413700119940814    .0
1413700119940815    .0
1413700119940816    .0
1413700119940817  28.8
1413700119940818   1.8
1413700119940819   1.6
1413700119940820    .0
1413700119940821    .4
1413700119940822    .0
1413700119940823    .4
1413700119940824   7.4
1413700119940825    .0
1413700119940826    .2
1413700119940827   3.8
1413700119940828    .0
1413700119940829   1.0
1413700119940830    .4
1413700119940831   2.8
1413700119940901   3.2
1413700119940902    .0
1413700119940903    .0
1413700119940904   1.0
1413700119940905    .0
1413700119940906  21.4
1413700119940907   2.2
1413700119940908   4.0
1413700119940909    .0
1413700119940910    .0
1413700119940911   6.2
1413700119940912   1.6
1413700119940913   6.8
1413700119940914   2.4
1413700119940915   4.4
1413700119940916   7.0
1413700119940917   1.2
1413700119940918    .0
1413700119940919   2.4
1413700119940920   2.6
1413700119940921    .0
1413700119940922    .0
1413700119940923   2.8
1413700119940924    .6
1413700119940925   3.2
1413700119940926    .0
1413700119940927    .0
1413700119940928    .0
1413700119940929    .0
1413700119940930    .0
1413700119941001    .0
1413700119941002    .4
1413700119941003   3.2
1413700119941004   1.2
1413700119941005    .0
1413700119941006    .0
1413700119941007    .0
1413700119941008    .0
1413700119941009    .0
1413700119941010   1.2
1413700119941011    .0
1413700119941012    .0
1413700119941013    .0
1413700119941014    .0
1413700119941015    .0
1413700119941016    .0
1413700119941017    .0
1413700119941018    .0
1413700119941019   2.7
1413700119941020    .0
1413700119941021   4.4
1413700119941022   6.0
1413700119941023  12.4
1413700119941024   2.6
1413700119941025  12.2
1413700119941026   5.0
1413700119941027   5.8
1413700119941028    .6
1413700119941029   1.4
1413700119941030  10.6
1413700119941031   7.2
1413700119941101    .2
1413700119941102    .0
1413700119941103   9.8
1413700119941104  27.2
1413700119941105   7.8
1413700119941106    .2
1413700119941107    .0
1413700119941108   1.4
1413700119941109   9.0
1413700119941110    .0
1413700119941111   1.6
1413700119941112   7.0
1413700119941113    .0
1413700119941114  10.6
1413700119941115    .0
1413700119941116    .0
1413700119941117   1.6
1413700119941118  11.6
1413700119941119    .0
1413700119941120    .4
1413700119941121    .6
1413700119941122    .0
1413700119941123    .0
1413700119941124    .0
1413700119941125    .0
1413700119941126   1.0
1413700119941127    .8
1413700119941128    .0
1413700119941129    .0
1413700119941130    .0
1413700119941201    .0
1413700119941202    .0
1413700119941203   3.2
1413700119941204   5.4
1413700119941205   4.4
1413700119941206   1.2
1413700119941207   7.0
1413700119941208  11.0
1413700119941209   6.0
1413700119941210    .0
1413700119941211    .0
1413700119941212    .0
1413700119941213   2.2
1413700119941214    .0
1413700119941215    .0
1413700119941216    .0
1413700119941217    .0
1413700119941218   5.0
1413700119941219   4.2
1413700119941220   5.0
1413700119941221   5.8
1413700119941222    .6
1413700119941223    .0
1413700119941224    .0
1413700119941225    .6
1413700119941226   1.0
1413700119941227  14.4
1413700119941228  12.4
1413700119941229  14.2
1413700119941230   7.0
1413700119941231   8.4
1413700119950101   5.0
1413700119950102    .0
1413700119950103    .0
1413700119950104    .0
1413700119950105    .6
1413700119950106    .6
1413700119950107    .0
1413700119950108   2.4
1413700119950109    .0
1413700119950110   1.4
1413700119950111   2.0
1413700119950112    .0
1413700119950113    .0
1413700119950114    .0
1413700119950115    .0
1413700119950116    .0
1413700119950117   3.0
1413700119950118    .0
1413700119950119  28.4
1413700119950120    .6
1413700119950121   8.0
1413700119950122  25.4
1413700119950123   2.8
1413700119950124  12.8
1413700119950125  22.6
1413700119950126  11.2
1413700119950127   7.6
1413700119950128   6.6
1413700119950129  13.6
1413700119950130   3.8
1413700119950131    .0
1413700119950201   4.8
1413700119950202    .0
1413700119950203   4.4
1413700119950204    .6
1413700119950205    .0
1413700119950206    .0
1413700119950207    .8
1413700119950208    .0
1413700119950209    .8
1413700119950210   1.6
1413700119950211   2.0
1413700119950212    .4
1413700119950213   6.6
1413700119950214   8.8
1413700119950215   7.0
1413700119950216  10.2
1413700119950217    .6
1413700119950218   2.0
1413700119950219   4.6
1413700119950220   2.2
1413700119950221    .8
1413700119950222   6.0
1413700119950223   4.4
1413700119950224   5.6
1413700119950225   4.8
1413700119950226    .0
1413700119950227    .0
1413700119950228    .0
1413700119950301   6.4
1413700119950302  10.8
1413700119950303   5.6
1413700119950304    .0
1413700119950305   5.0
1413700119950306   1.4
1413700119950307   5.4
1413700119950308    .4
1413700119950309    .0
1413700119950310    .0
1413700119950311    .0
1413700119950312    .0
1413700119950313    .0
1413700119950314    .6
1413700119950315   4.2
1413700119950316   2.8
1413700119950317   1.4
1413700119950318  12.8
1413700119950319    .6
1413700119950320    .0
1413700119950321    .0
1413700119950322    .0
1413700119950323    .0
1413700119950324    .0
1413700119950325    .0
1413700119950326   2.8
1413700119950327   2.0
1413700119950328   3.2
1413700119950329    .0
1413700119950330    .0
1413700119950331    .0
1413700119950401    .0
1413700119950402    .0
1413700119950403    .0
1413700119950404    .0
1413700119950405    .0
1413700119950406    .2
1413700119950407    .0
1413700119950408    .0
1413700119950409    .0
1413700119950410    .0
1413700119950411    .0
1413700119950412    .0
1413700119950413    .0
1413700119950414    .0
1413700119950415    .0
1413700119950416    .0
1413700119950417   3.8
1413700119950418   6.6
1413700119950419    .3
1413700119950420    .8
1413700119950421   6.2
1413700119950422    .3
1413700119950423    .8
1413700119950424  17.0
1413700119950425   1.4
1413700119950426   2.6
1413700119950427    .0
1413700119950428   1.0
1413700119950429   9.6
1413700119950430    .0
1413700119950501    .0
1413700119950502    .0
1413700119950503    .0
1413700119950504    .0
1413700119950505    .0
1413700119950506    .0
1413700119950507    .0
1413700119950508    .0
1413700119950509    .0
1413700119950510    .0
1413700119950511  14.0
1413700119950512  15.6
1413700119950513    .0
1413700119950514    .0
1413700119950515    .0
1413700119950516   4.2
1413700119950517    .4
1413700119950518    .6
1413700119950519    .0
1413700119950520    .0
1413700119950521    .0
1413700119950522    .0
1413700119950523    .0
1413700119950524   3.2
1413700119950525  19.2
1413700119950526    .2
1413700119950527    .0
1413700119950528    .2
1413700119950529   1.4
1413700119950530   5.2
1413700119950531    .0
1413700119950601    .0
1413700119950602    .0
1413700119950603   6.2
1413700119950604   4.0
1413700119950605    .0
1413700119950606    .0
1413700119950607    .6
1413700119950608    .0
1413700119950609    .0
1413700119950610   1.2
1413700119950611   5.6
1413700119950612    .4
1413700119950613    .2
1413700119950614    .0
1413700119950615    .0
1413700119950616    .0
1413700119950617   5.0
1413700119950618    .0
1413700119950619    .0
1413700119950620    .0
1413700119950621    .0
1413700119950622    .0
1413700119950623    .0
1413700119950624    .0
1413700119950625    .0
1413700119950626    .0
1413700119950627    .0
1413700119950628    .0
1413700119950629    .0
1413700119950630    .0
1413700119950701    .0
1413700119950702  12.6
1413700119950703    .2
1413700119950704    .0
1413700119950705    .0
1413700119950706    .0
1413700119950707    .0
1413700119950708    .0
1413700119950709    .0
1413700119950710   4.0
1413700119950711   5.0
1413700119950712    .0
1413700119950713   7.0
1413700119950714   5.4
1413700119950715    .0
1413700119950716    .2
1413700119950717   2.0
1413700119950718    .0
1413700119950719    .0
1413700119950720    .0
1413700119950721    .0
1413700119950722    .0
1413700119950723    .0
1413700119950724    .0
1413700119950725   1.4
1413700119950726    .6
1413700119950727   3.0
1413700119950728    .0
1413700119950729    .0
1413700119950730    .0
1413700119950731    .0
1413700119950801    .0
1413700119950802    .0
1413700119950803    .0
1413700119950804    .0
1413700119950805    .2
1413700119950806  12.6
1413700119950807   5.0
1413700119950808    .0
1413700119950809    .0
1413700119950810    .0
1413700119950811    .0
1413700119950812   1.6
1413700119950813    .0
1413700119950814    .0
1413700119950815    .0
1413700119950816    .0
1413700119950817    .0
1413700119950818    .0
1413700119950819    .0
1413700119950820    .0
1413700119950821    .0
1413700119950822    .0
1413700119950823    .8
1413700119950824    .2
1413700119950825    .0
1413700119950826    .2
1413700119950827    .0
1413700119950828    .0
1413700119950829   1.6
1413700119950830    .0
1413700119950831    .8
1413700119950901    .0
1413700119950902  17.2
1413700119950903   6.8
1413700119950904   2.2
1413700119950905    .0
1413700119950906   5.6
1413700119950907   6.8
1413700119950908    .8
1413700119950909    .2
1413700119950910    .6
1413700119950911    .0
1413700119950912    .0
1413700119950913   2.4
1413700119950914   3.8
1413700119950915   8.2
1413700119950916   6.8
1413700119950917   5.4
1413700119950918   3.2
1413700119950919    .2
1413700119950920   7.4
1413700119950921    .0
1413700119950922    .0
1413700119950923    .0
1413700119950924   1.0
1413700119950925    .0
1413700119950926   3.0
1413700119950927   4.4
1413700119950928    .6
1413700119950929    .0
1413700119950930    .4
1413700119951001    .0
1413700119951002    .0
1413700119951003    .0
1413700119951004   3.0
1413700119951005    .0
1413700119951006    .0
1413700119951007    .0
1413700119951008    .0
1413700119951009    .0
1413700119951010    .2
1413700119951011    .0
1413700119951012    .0
1413700119951013    .0
1413700119951014    .0
1413700119951015    .0
1413700119951016    .0
1413700119951017    .0
1413700119951018    .0
1413700119951019    .0
1413700119951020    .4
1413700119951021    .0
1413700119951022    .0
1413700119951023    .0
1413700119951024   2.2
1413700119951025    .0
1413700119951026   1.0
1413700119951027   1.0
1413700119951028    .0
1413700119951029    .0
1413700119951030    .0
1413700119951031    .0
1413700119951101    .0
1413700119951102    .0
1413700119951103    .0
1413700119951104    .0
1413700119951105    .0
1413700119951106    .0
1413700119951107    .0
1413700119951108    .0
1413700119951109    .0
1413700119951110    .0
1413700119951111   2.6
1413700119951112   9.6
1413700119951113    .0
1413700119951114   3.0
1413700119951115    .0
1413700119951116    .8
1413700119951117    .6
1413700119951118    .0
1413700119951119    .0
1413700119951120    .0
1413700119951121    .4
1413700119951122    .0
1413700119951123    .0
1413700119951124    .0
1413700119951125   6.2
1413700119951126    .0
1413700119951127    .0
1413700119951128    .0
1413700119951129    .0
1413700119951130    .0
1413700119951201   2.2
1413700119951202   1.6
1413700119951203   5.4
1413700119951204   1.2
1413700119951205    .0
1413700119951206    .0
1413700119951207    .0
1413700119951208    .0
1413700119951209    .0
1413700119951210    .0
1413700119951211    .0
1413700119951212    .0
1413700119951213    .0
1413700119951214    .0
1413700119951215    .0
1413700119951216   2.6
1413700119951217    .0
1413700119951218    .0
1413700119951219   7.0
1413700119951220   7.6
1413700119951221   3.2
1413700119951222   3.0
1413700119951223   7.2
1413700119951224   5.4
1413700119951225    .4
1413700119951226    .0
1413700119951227    .0
1413700119951228    .0
1413700119951229    .0
1413700119951230   7.8
1413700119951231    .8
1413700119960101    .0
1413700119960102    .0
1413700119960103    .0
1413700119960104    .0
1413700119960105    .2
1413700119960106    .8
1413700119960107    .2
1413700119960108   1.4
1413700119960109    .0
1413700119960110    .0
1413700119960111   1.8
1413700119960112    .4
1413700119960113    .0
1413700119960114    .4
1413700119960115    .0
1413700119960116    .0
1413700119960117    .0
1413700119960118    .0
1413700119960119    .0
1413700119960120    .0
1413700119960121    .0
1413700119960122   3.0
1413700119960123   5.8
1413700119960124    .0
1413700119960125    .0
1413700119960126    .0
1413700119960127    .0
1413700119960128    .0
1413700119960129    .0
1413700119960130    .0
1413700119960131    .0
1413700119960201    .0
1413700119960202    .0
1413700119960203    .0
1413700119960204    .0
1413700119960205   3.4
1413700119960206    .6
1413700119960207   7.0
1413700119960208    .8
1413700119960209   1.0
1413700119960210    .4
1413700119960211   7.0
1413700119960212  12.4
1413700119960213   2.0
1413700119960214    .0
1413700119960215    .0
1413700119960216    .0
1413700119960217   2.2
1413700119960218   6.2
1413700119960219   2.6
1413700119960220  10.4
1413700119960221   1.0
1413700119960222    .6
1413700119960223    .2
1413700119960224   8.4
1413700119960225   9.0
1413700119960226    .0
1413700119960227    .0
1413700119960228    .0
1413700119960229    .0
1413700119960301    .0
1413700119960302   1.2
1413700119960303    .4
1413700119960304   1.4
1413700119960305    .0
1413700119960306    .0
1413700119960307   1.4
1413700119960308   3.4
1413700119960309   1.0
1413700119960310    .0
1413700119960311    .0
1413700119960312    .0
1413700119960313    .0
1413700119960314    .0
1413700119960315    .8
1413700119960316    .0
1413700119960317    .0
1413700119960318    .0
1413700119960319    .0
1413700119960320  10.4
1413700119960321    .2
1413700119960322   5.2
1413700119960323    .0
1413700119960324    .6
1413700119960325   1.2
1413700119960326    .0
1413700119960327    .0
1413700119960328    .0
1413700119960329    .0
1413700119960330    .0
1413700119960331    .0
1413700119960401    .0
1413700119960402    .0
1413700119960403    .0
1413700119960404    .0
1413700119960405    .0
1413700119960406    .0
1413700119960407    .0
1413700119960408    .0
1413700119960409    .0
1413700119960410   1.8
1413700119960411    .0
1413700119960412   2.8
1413700119960413    .0
1413700119960414    .0
1413700119960415    .0
1413700119960416   1.0
1413700119960417    .0
1413700119960418    .0
1413700119960419    .0
1413700119960420    .0
1413700119960421    .2
1413700119960422  14.2
1413700119960423   3.4
1413700119960424    .4
1413700119960425    .0
1413700119960426    .0
1413700119960427    .0
1413700119960428    .0
1413700119960429    .0
1413700119960430    .0
1413700119960501   3.8
1413700119960502   5.0
1413700119960503    .8
1413700119960504    .4
1413700119960505    .0
1413700119960506   4.8
1413700119960507    .0
1413700119960508    .6
1413700119960509    .0
1413700119960510    .2
1413700119960511   1.8
1413700119960512    .0
1413700119960513    .0
1413700119960514    .0
1413700119960515    .0
1413700119960516  16.6
1413700119960517   4.2
1413700119960518   5.8
1413700119960519    .0
1413700119960520    .2
1413700119960521    .4
1413700119960522   3.8
1413700119960523    .0
1413700119960524   4.6
1413700119960525   2.2
1413700119960526   1.8
1413700119960527    .2
1413700119960528    .0
1413700119960529    .0
1413700119960530    .0
1413700119960531    .0
1413700119960601   1.0
1413700119960602    .0
1413700119960603    .0
1413700119960604    .0
1413700119960605    .0
1413700119960606    .0
1413700119960607    .0
1413700119960608   9.8
1413700119960609    .0
1413700119960610    .0
1413700119960611    .0
1413700119960612    .0
1413700119960613    .0
1413700119960614    .0
1413700119960615    .0
1413700119960616    .0
1413700119960617    .0
1413700119960618    .0
1413700119960619    .8
1413700119960620    .4
1413700119960621    .2
1413700119960622    .0
1413700119960623    .0
1413700119960624    .0
1413700119960625    .0
1413700119960626    .0
1413700119960627    .0
1413700119960628    .2
1413700119960629    .6
1413700119960630    .4
1413700119960701    .6
1413700119960702    .0
1413700119960703   3.4
1413700119960704   1.6
1413700119960705    .2
1413700119960706    .0
1413700119960707    .0
1413700119960708    .2
1413700119960709    .0
1413700119960710    .0
1413700119960711    .0
1413700119960712    .4
1413700119960713    .6
1413700119960714    .0
1413700119960715    .0
1413700119960716    .0
1413700119960717    .2
1413700119960718    .0
1413700119960719    .0
1413700119960720    .0
1413700119960721    .0
1413700119960722    .0
1413700119960723    .0
1413700119960724    .0
1413700119960725    .0
1413700119960726    .0
1413700119960727    .0
1413700119960728    .0
1413700119960729    .0
1413700119960730    .0
1413700119960731    .0
1413700119960801    .0
1413700119960802    .0
1413700119960803    .0
1413700119960804    .0
1413700119960805    .0
1413700119960806    .0
1413700119960807    .0
1413700119960808    .0
1413700119960809   1.6
1413700119960810    .0
1413700119960811  14.0
1413700119960812    .2
1413700119960813    .0
1413700119960814    .0
1413700119960815    .2
1413700119960816    .2
1413700119960817    .0
1413700119960818    .0
1413700119960819    .0
1413700119960820   1.4
1413700119960821    .0
1413700119960822    .0
1413700119960823   3.0
1413700119960824   1.0
1413700119960825   2.0
1413700119960826    .0
1413700119960827   5.2
1413700119960828    .8
1413700119960829    .8
1413700119960830    .0
1413700119960831    .0
1413700119960901    .0
1413700119960902    .0
1413700119960903    .0
1413700119960904    .0
1413700119960905    .0
1413700119960906    .2
1413700119960907    .0
1413700119960908   8.2
1413700119960909   5.8
1413700119960910   7.2
1413700119960911    .0
1413700119960912   2.4
1413700119960913    .0
1413700119960914    .0
1413700119960915    .2
1413700119960916    .0
1413700119960917    .0
1413700119960918    .0
1413700119960919  17.4
1413700119960920    .2
1413700119960921    .0
1413700119960922   1.8
1413700119960923    .2
1413700119960924    .4
1413700119960925    .6
1413700119960926   2.8
1413700119960927   2.6
1413700119960928    .2
1413700119960929    .2
1413700119960930  20.0
1413700119961001   3.0
1413700119961002    .2
1413700119961003    .8
1413700119961004   4.4
1413700119961005   1.6
1413700119961006   2.6
1413700119961007    .0
1413700119961008    .6
1413700119961009    .2
1413700119961010    .2
1413700119961011    .0
1413700119961012    .2
1413700119961013    .0
1413700119961014   2.2
1413700119961015    .8
1413700119961016    .0
1413700119961017    .0
1413700119961018   2.4
1413700119961019    .0
1413700119961020   1.4
1413700119961021    .0
1413700119961022    .2
1413700119961023    .0
1413700119961024    .6
1413700119961025   1.0
1413700119961026    .0
1413700119961027    .0
1413700119961028   6.2
1413700119961029   5.8
1413700119961030    .0
1413700119961031   2.8
1413700119961101    .0
1413700119961102    .0
1413700119961103    .0
1413700119961104  10.4
1413700119961105    .6
1413700119961106   2.2
1413700119961107   2.4
1413700119961108  12.4
1413700119961109    .8
1413700119961110    .6
1413700119961111   9.6
1413700119961112   7.0
1413700119961113    .0
1413700119961114    .0
1413700119961115    .0
1413700119961116    .0
1413700119961117   3.8
1413700119961118   3.2
1413700119961119  11.0
1413700119961120   7.6
1413700119961121    .2
1413700119961122    .6
1413700119961123   3.6
1413700119961124   6.4
1413700119961125   3.2
1413700119961126    .0
1413700119961127  14.6
1413700119961128   2.8
1413700119961129  12.8
1413700119961130    .4
1413700119961201    .6
1413700119961202   2.2
1413700119961203  14.4
1413700119961204    .0
1413700119961205    .0
1413700119961206   2.2
1413700119961207    .0
1413700119961208    .0
1413700119961209    .0
1413700119961210    .0
1413700119961211    .0
1413700119961212   1.0
1413700119961213   2.0
1413700119961214    .0
1413700119961215    .0
1413700119961216  10.2
1413700119961217   4.8
1413700119961218   4.4
1413700119961219   2.6
1413700119961220    .2
1413700119961221    .2
1413700119961222   5.0
1413700119961223   1.2
1413700119961224    .0
1413700119961225    .0
1413700119961226    .0
1413700119961227    .4
1413700119961228    .0
1413700119961229    .2
1413700119961230    .2
1413700119961231    .2
1413700119970101    .0
1413700119970102    .0
1413700119970103    .0
1413700119970104    .8
1413700119970105   1.0
1413700119970106    .0
1413700119970107    .0
1413700119970108   2.0
1413700119970109   1.4
1413700119970110    .0
1413700119970111    .0
1413700119970112    .0
1413700119970113    .0
1413700119970114    .0
1413700119970115    .0
1413700119970116    .0
1413700119970117    .8
1413700119970118   1.6
1413700119970119    .2
1413700119970120    .0
1413700119970121   5.0
1413700119970122    .2
1413700119970123   1.4
1413700119970124    .2
1413700119970125    .0
1413700119970126    .4
1413700119970127    .4
1413700119970128    .0
1413700119970129    .0
1413700119970130    .2
1413700119970131    .0
1413700119970201    .2
1413700119970202   1.2
1413700119970203    .0
1413700119970204   6.4
1413700119970205    .2
1413700119970206    .0
1413700119970207    .0
1413700119970208    .2
1413700119970209    .0
1413700119970210   6.2
1413700119970211   6.0
1413700119970212   6.0
1413700119970213   3.6
1413700119970214  18.8
1413700119970215    .0
1413700119970216   2.0
1413700119970217   4.0
1413700119970218   3.4
1413700119970219   2.4
1413700119970220    .0
1413700119970221    .0
1413700119970222    .0
1413700119970223   2.6
1413700119970224  17.8
1413700119970225   3.6
1413700119970226   3.6
1413700119970227    .0
1413700119970228    .4
1413700119970301    .0
1413700119970302   1.8
1413700119970303    .6
1413700119970304    .2
1413700119970305    .4
1413700119970306    .2
1413700119970307    .2
1413700119970308    .0
1413700119970309    .4
1413700119970310    .2
1413700119970311    .2
1413700119970312    .2
1413700119970313    .0
1413700119970314    .2
1413700119970315    .0
1413700119970316    .0
1413700119970317    .0
1413700119970318    .2
1413700119970319    .2
1413700119970320    .2
1413700119970321    .0
1413700119970322    .0
1413700119970323    .2
1413700119970324   5.0
1413700119970325    .0
1413700119970326    .6
1413700119970327    .0
1413700119970328    .0
1413700119970329    .2
1413700119970330    .0
1413700119970331    .4
1413700119970401    .0
1413700119970402    .2
1413700119970403    .0
1413700119970404    .0
1413700119970405    .0
1413700119970406    .0
1413700119970407    .0
1413700119970408    .0
1413700119970409    .0
1413700119970410    .0
1413700119970411    .0
1413700119970412    .0
1413700119970413    .0
1413700119970414    .2
1413700119970415    .0
1413700119970416    .0
1413700119970417    .0
1413700119970418    .2
1413700119970419    .0
1413700119970420    .0
1413700119970421    .0
1413700119970422    .0
1413700119970423    .0
1413700119970424    .0
1413700119970425   5.4
1413700119970426   3.6
1413700119970427   1.2
1413700119970428    .0
1413700119970429    .0
1413700119970430    .2
1413700119970501    .2
1413700119970502    .0
1413700119970503    .0
1413700119970504   2.6
1413700119970505   7.6
1413700119970506   6.8
1413700119970507   5.4
1413700119970508  14.0
1413700119970509    .6
1413700119970510   4.4
1413700119970511   1.4
1413700119970512   5.0
1413700119970513    .0
1413700119970514    .0
1413700119970515    .6
1413700119970516    .2
1413700119970517  10.2
1413700119970518   1.6
1413700119970519   7.8
1413700119970520  13.2
1413700119970521   1.2
1413700119970522    .0
1413700119970523    .0
1413700119970524    .0
1413700119970525    .0
1413700119970526    .0
1413700119970527    .0
1413700119970528    .0
1413700119970529    .0
1413700119970530    .0
1413700119970531    .0
1413700119970601  13.4
1413700119970602   2.0
1413700119970603    .2
1413700119970604    .6
1413700119970605    .2
1413700119970606   9.0
1413700119970607    .0
1413700119970608   6.2
1413700119970609    .0
1413700119970610   3.4
1413700119970611   6.6
1413700119970612   8.0
1413700119970613   4.6
1413700119970614   2.8
1413700119970615    .0
1413700119970616   7.0
1413700119970617    .2
1413700119970618    .6
1413700119970619   2.8
1413700119970620   1.2
1413700119970621   4.8
1413700119970622   1.2
1413700119970623   2.0
1413700119970624    .4
1413700119970625  11.8
1413700119970626  38.6
1413700119970627  18.4
1413700119970628   1.2
1413700119970629  11.8
1413700119970630   5.0
1413700119970701   1.0
1413700119970702    .4
1413700119970703    .0
1413700119970704   7.8
1413700119970705    .0
1413700119970706    .0
1413700119970707    .2
1413700119970708    .2
1413700119970709    .2
1413700119970710    .0
1413700119970711    .0
1413700119970712    .0
1413700119970713    .0
1413700119970714    .2
1413700119970715    .0
1413700119970716    .0
1413700119970717    .8
1413700119970718    .8
1413700119970719    .0
1413700119970720    .2
1413700119970721    .4
1413700119970722    .0
1413700119970723    .0
1413700119970724    .2
1413700119970725   2.8
1413700119970726    .4
1413700119970727    .0
1413700119970728    .2
1413700119970729    .0
1413700119970730    .4
1413700119970731    .0
1413700119970801    .0
1413700119970802    .4
1413700119970803    .0
1413700119970804    .2
1413700119970805  15.8
1413700119970806    .6
1413700119970807    .2
1413700119970808    .4
1413700119970809    .2
1413700119970810   3.0
1413700119970811    .0
1413700119970812    .2
1413700119970813    .2
1413700119970814    .2
1413700119970815    .0
1413700119970816    .0
1413700119970817    .0
1413700119970818    .0
1413700119970819   3.6
1413700119970820    .0
1413700119970821    .0
1413700119970822    .0
1413700119970823    .0
1413700119970824   9.6
1413700119970825  16.6
1413700119970826   2.2
1413700119970827   6.2
1413700119970828   8.0
1413700119970829   4.4
1413700119970830   1.2
1413700119970831    .0
1413700119970901    .2
1413700119970902    .0
1413700119970903    .6
1413700119970904   1.0
1413700119970905    .2
1413700119970906    .0
1413700119970907    .0
1413700119970908    .2
1413700119970909    .2
1413700119970910    .0
1413700119970911    .0
1413700119970912   4.2
1413700119970913    .4
1413700119970914    .0
1413700119970915    .0
1413700119970916    .0
1413700119970917    .2
1413700119970918    .0
1413700119970919   2.2
1413700119970920    .0
1413700119970921    .0
1413700119970922    .0
1413700119970923    .0
1413700119970924    .2
1413700119970925    .4
1413700119970926    .4
1413700119970927    .2
1413700119970928    .2
1413700119970929    .0
1413700119970930    .2
1413700119971001    .2
1413700119971002    .2
1413700119971003    .2
1413700119971004    .0
1413700119971005    .2
1413700119971006   7.4
1413700119971007    .6
1413700119971008  14.6
1413700119971009   2.4
1413700119971010   2.8
1413700119971011   9.2
1413700119971012   3.6
1413700119971013   4.8
1413700119971014   1.8
1413700119971015   1.8
1413700119971016    .0
1413700119971017    .0
1413700119971018    .2
1413700119971019   2.2
1413700119971020  18.0
1413700119971021    .0
1413700119971022   1.2
1413700119971023    .0
1413700119971024    .0
1413700119971025    .2
1413700119971026    .2
1413700119971027    .0
1413700119971028    .0
1413700119971029    .0
1413700119971030    .2
1413700119971031    .0
1413700119971101    .0
1413700119971102    .2
1413700119971103    .2
1413700119971104    .8
1413700119971105   7.0
1413700119971106   1.2
1413700119971107   1.2
1413700119971108  19.6
1413700119971109   4.2
1413700119971110    .4
1413700119971111    .2
1413700119971112    .2
1413700119971113    .2
1413700119971114    .2
1413700119971115    .2
1413700119971116    .0
1413700119971117    .0
1413700119971118    .6
1413700119971119  12.4
1413700119971120   1.0
1413700119971121    .2
1413700119971122   1.2
1413700119971123   2.8
1413700119971124    .4
1413700119971125    .2
1413700119971126   5.2
1413700119971127   4.6
1413700119971128   5.6
1413700119971129   4.0
1413700119971130   3.2
1413700119971201  17.4
1413700119971202  15.6
1413700119971203   4.4
1413700119971204   1.2
1413700119971205    .2
1413700119971206    .0
1413700119971207    .8
1413700119971208    .4
1413700119971209   2.6
1413700119971210   6.2
1413700119971211    .2
1413700119971212    .2
1413700119971213    .0
1413700119971214    .0
1413700119971215    .0
1413700119971216   1.2
1413700119971217   1.0
1413700119971218   4.2
1413700119971219    .2
1413700119971220    .2
1413700119971221    .0
1413700119971222   4.4
1413700119971223   1.2
1413700119971224   4.8
1413700119971225   6.0
1413700119971226   4.4
1413700119971227   1.4
1413700119971228    .4
1413700119971229   1.8
1413700119971230   2.4
1413700119971231   1.2
1413700119980101  10.6
1413700119980102   8.2
1413700119980103   6.6
1413700119980104  16.6
1413700119980105  10.2
1413700119980106   4.4
1413700119980107   1.8
1413700119980108    .0
1413700119980109    .0
1413700119980110    .0
1413700119980111    .0
1413700119980112    .2
1413700119980113   1.2
1413700119980114   2.4
1413700119980115   2.6
1413700119980116    .2
1413700119980117    .6
1413700119980118  17.6
1413700119980119   3.6
1413700119980120    .0
1413700119980121    .0
1413700119980122    .2
1413700119980123    .0
1413700119980124    .2
1413700119980125    .0
1413700119980126    .0
1413700119980127    .0
1413700119980128    .0
1413700119980129    .0
1413700119980130    .2
1413700119980131    .2
1413700119980201    .0
1413700119980202    .0
1413700119980203    .0
1413700119980204    .2
1413700119980205    .0
1413700119980206    .8
1413700119980207   1.8
1413700119980208    .0
1413700119980209    .2
1413700119980210    .0
1413700119980211    .0
1413700119980212    .2
1413700119980213    .2
1413700119980214    .0
1413700119980215    .2
1413700119980216    .0
1413700119980217    .0
1413700119980218    .2
1413700119980219    .2
1413700119980220    .0
1413700119980221   4.4
1413700119980222    .6
1413700119980223    .0
1413700119980224    .0
1413700119980225    .0
1413700119980226    .0
1413700119980227   1.6
1413700119980228    .0
1413700119980301    .4
1413700119980302    .0
1413700119980303   2.6
1413700119980304  16.8
1413700119980305    .0
1413700119980306   2.8
1413700119980307   1.8
1413700119980308    .4
1413700119980309    .0
1413700119980310   1.8
1413700119980311   4.0
1413700119980312    .0
1413700119980313   1.8
1413700119980314    .0
1413700119980315    .0
1413700119980316    .0
1413700119980317    .0
1413700119980318    .2
1413700119980319    .4
1413700119980320    .0
1413700119980321    .0
1413700119980322    .4
1413700119980323    .0
1413700119980324    .0
1413700119980325   1.6
1413700119980326   3.4
1413700119980327    .0
1413700119980328    .0
1413700119980329    .8
1413700119980330    .2
1413700119980331    .2
1413700119980401   6.4
1413700119980402   7.2
1413700119980403   7.0
1413700119980404   4.4
1413700119980405   2.2
1413700119980406    .0
1413700119980407   2.2
1413700119980408   1.8
1413700119980409    .4
1413700119980410   1.8
1413700119980411  12.6
1413700119980412    .8
1413700119980413   1.6
1413700119980414  11.6
1413700119980415   1.4
1413700119980416   5.8
1413700119980417  14.0
1413700119980418    .0
1413700119980419   2.0
1413700119980420    .8
1413700119980421    .2
1413700119980422    .0
1413700119980423   2.4
1413700119980424    .8
1413700119980425   9.2
1413700119980426   3.6
1413700119980427    .6
1413700119980428   1.4
1413700119980429   4.8
1413700119980430   1.2
1413700119980501   1.4
1413700119980502    .6
1413700119980503    .2
1413700119980504    .0
1413700119980505    .0
1413700119980506    .0
1413700119980507    .0
1413700119980508    .0
1413700119980509    .0
1413700119980510    .0
1413700119980511    .0
1413700119980512    .0
1413700119980513    .0
1413700119980514    .0
1413700119980515    .2
1413700119980516    .2
1413700119980517    .0
1413700119980518    .2
1413700119980519    .0
1413700119980520    .0
1413700119980521    .0
1413700119980522    .0
1413700119980523    .0
1413700119980524    .2
1413700119980525    .0
1413700119980526    .2
1413700119980527   6.0
1413700119980528   8.2
1413700119980529    .0
1413700119980530    .4
1413700119980531   1.8
1413700119980601   5.4
1413700119980602   1.0
1413700119980603   1.2
1413700119980604   1.2
1413700119980605   2.4
1413700119980606    .4
1413700119980607    .0
1413700119980608    .6
1413700119980609   6.0
1413700119980610   7.8
1413700119980611  11.8
1413700119980612   2.6
1413700119980613   3.8
1413700119980614   4.0
1413700119980615   1.4
1413700119980616    .0
1413700119980617    .0
1413700119980618    .0
1413700119980619    .0
1413700119980620    .0
1413700119980621    .0
1413700119980622    .2
1413700119980623    .0
1413700119980624   1.4
1413700119980625    .0
1413700119980626    .0
1413700119980627   2.2
1413700119980628    .2
1413700119980629   1.0
1413700119980630   1.8
1413700119980701    .0
1413700119980702    .0
1413700119980703    .0
1413700119980704    .0
1413700119980705    .0
1413700119980706    .0
1413700119980707    .2
1413700119980708    .0
1413700119980709   1.8
1413700119980710    .6
1413700119980711    .2
1413700119980712   2.6
1413700119980713    .0
1413700119980714    .0
1413700119980715  11.4
1413700119980716   1.4
1413700119980717    .6
1413700119980718    .0
1413700119980719    .0
1413700119980720   1.0
1413700119980721   1.8
1413700119980722   1.0
1413700119980723    .2
1413700119980724    .2
1413700119980725    .2
1413700119980726    .0
1413700119980727    .0
1413700119980728    .4
1413700119980729    .0
1413700119980730    .2
1413700119980731    .2
1413700119980801    .2
1413700119980802    .2
1413700119980803    .2
1413700119980804    .0
1413700119980805    .0
1413700119980806    .2
1413700119980807    .2
1413700119980808    .0
1413700119980809    .2
1413700119980810    .0
1413700119980811    .0
1413700119980812    .0
1413700119980813    .0
1413700119980814    .0
1413700119980815    .2
1413700119980816    .0
1413700119980817    .2
1413700119980818    .2
1413700119980819    .0
1413700119980820    .4
1413700119980821    .4
1413700119980822   3.2
1413700119980823   6.0
1413700119980824    .2
1413700119980825    .0
1413700119980826    .4
1413700119980827    .2
1413700119980828    .0
1413700119980829    .0
1413700119980830    .0
1413700119980831    .0
1413700119980901   3.0
1413700119980902  18.4
1413700119980903   2.2
1413700119980904  10.2
1413700119980905  11.8
1413700119980906    .0
1413700119980907   5.0
1413700119980908  13.2
1413700119980909   3.6
1413700119980910   2.2
1413700119980911  16.6
1413700119980912   8.0
1413700119980913   2.0
1413700119980914   6.0
1413700119980915   1.0
1413700119980916    .0
1413700119980917    .2
1413700119980918    .2
1413700119980919    .0
1413700119980920    .2
1413700119980921    .2
1413700119980922    .0
1413700119980923    .0
1413700119980924    .0
1413700119980925   1.8
1413700119980926   4.4
1413700119980927   4.6
1413700119980928   5.4
1413700119980929   1.4
1413700119980930   1.4
1413700119981001    .4
1413700119981002    .0
1413700119981003    .8
1413700119981004   1.0
1413700119981005    .0
1413700119981006    .0
1413700119981007   1.4
1413700119981008   8.8
1413700119981009   6.6
1413700119981010    .2
1413700119981011    .4
1413700119981012    .0
1413700119981013   1.0
1413700119981014    .4
1413700119981015    .8
1413700119981016    .0
1413700119981017   2.0
1413700119981018    .2
1413700119981019    .4
1413700119981020    .0
1413700119981021    .2
1413700119981022   1.0
1413700119981023  14.2
1413700119981024  29.8
1413700119981025   3.4
1413700119981026   3.4
1413700119981027    .4
1413700119981028  13.0
1413700119981029   2.0
1413700119981030   5.4
1413700119981031   9.6
1413700119981101    .0
1413700119981102  10.6
1413700119981103  11.6
1413700119981104    .2
1413700119981105    .4
1413700119981106    .2
1413700119981107    .0
1413700119981108   1.2
1413700119981109   1.8
1413700119981110   2.0
1413700119981111   2.2
1413700119981112   4.2
1413700119981113   5.8
1413700119981114   4.0
1413700119981115   1.0
1413700119981116    .0
1413700119981117    .0
1413700119981118    .0
1413700119981119    .0
1413700119981120    .0
1413700119981121    .0
1413700119981122    .0
1413700119981123    .0
1413700119981124   2.8
1413700119981125   1.0
1413700119981126    .2
1413700119981127   3.6
1413700119981128   1.6
1413700119981129    .0
1413700119981130    .2
1413700119981201    .0
1413700119981202    .0
1413700119981203    .2
1413700119981204   1.4
1413700119981205   2.0
1413700119981206    .0
1413700119981207   1.2
1413700119981208  17.0
1413700119981209    .6
1413700119981210   2.4
1413700119981211   1.0
1413700119981212   2.0
1413700119981213    .0
1413700119981214    .2
1413700119981215   1.0
1413700119981216    .2
1413700119981217    .2
1413700119981218   1.0
1413700119981219  22.0
1413700119981220   1.4
1413700119981221    .0
1413700119981222    .2
1413700119981223   2.6
1413700119981224    .6
1413700119981225   1.8
1413700119981226  13.4
1413700119981227   9.0
1413700119981228    .0
1413700119981229    .0
1413700119981230   3.6
1413700119981231    .2
