1501400419940101   8.6
1501400419940102  24.6
1501400419940103  11.6
1501400419940104   8.6
1501400419940105   9.0
1501400419940106   9.8
1501400419940107   1.0
1501400419940108    .6
1501400419940109    .0
1501400419940110  16.6
1501400419940111   2.0
1501400419940112   1.2
1501400419940113    .2
1501400419940114   4.6
1501400419940115   9.4
1501400419940116   3.8
1501400419940117    .0
1501400419940118    .0
1501400419940119    .0
1501400419940120    .0
1501400419940121    .0
1501400419940122    .0
1501400419940123    .0
1501400419940124  13.0
1501400419940125   7.2
1501400419940126    .6
1501400419940127  11.8
1501400419940128    .8
1501400419940129    .0
1501400419940130    .0
1501400419940131    .0
1501400419940201    .0
1501400419940202    .2
1501400419940203  23.6
1501400419940204  19.0
1501400419940205   9.4
1501400419940206    .0
1501400419940207    .6
1501400419940208    .0
1501400419940209  13.4
1501400419940210   1.2
1501400419940211  27.4
1501400419940212    .2
1501400419940213    .0
1501400419940214   4.2
1501400419940215   1.0
1501400419940216    .0
1501400419940217    .0
1501400419940218  11.4
1501400419940219   5.4
1501400419940220  11.8
1501400419940221   2.0
1501400419940222    .0
1501400419940223  14.0
1501400419940224  10.8
1501400419940225    .0
1501400419940226    .0
1501400419940227   4.2
1501400419940228    .8
1501400419940301    .2
1501400419940302   3.8
1501400419940303   9.8
1501400419940304    .0
1501400419940305   1.2
1501400419940306    .0
1501400419940307    .0
1501400419940308    .0
1501400419940309    .0
1501400419940310    .0
1501400419940311    .0
1501400419940312   5.2
1501400419940313   6.0
1501400419940314    .2
1501400419940315    .6
1501400419940316    .6
1501400419940317    .0
1501400419940318    .0
1501400419940319    .2
1501400419940320   1.0
1501400419940321   7.2
1501400419940322    .0
1501400419940323    .0
1501400419940324    .0
1501400419940325    .2
1501400419940326    .0
1501400419940327    .0
1501400419940328    .0
1501400419940329    .0
1501400419940330    .2
1501400419940331    .4
1501400419940401  12.4
1501400419940402  13.2
1501400419940403   5.8
1501400419940404  15.2
1501400419940405  11.2
1501400419940406  22.6
1501400419940407  12.8
1501400419940408  12.2
1501400419940409   9.2
1501400419940410   5.4
1501400419940411   1.2
1501400419940412    .0
1501400419940413   5.6
1501400419940414   6.6
1501400419940415    .0
1501400419940416    .4
1501400419940417   7.2
1501400419940418    .0
1501400419940419    .0
1501400419940420   5.2
1501400419940421    .0
1501400419940422    .0
1501400419940423   9.4
1501400419940424  14.2
1501400419940425    .8
1501400419940426   1.4
1501400419940427    .0
1501400419940428    .0
1501400419940429    .0
1501400419940430    .0
1501400419940501    .0
1501400419940502    .0
1501400419940503   6.0
1501400419940504    .8
1501400419940505    .0
1501400419940506    .0
1501400419940507  17.8
1501400419940508   7.0
1501400419940509    .0
1501400419940510    .0
1501400419940511  21.8
1501400419940512    .0
1501400419940513  13.6
1501400419940514   3.0
1501400419940515    .0
1501400419940516   4.6
1501400419940517  17.8
1501400419940518   8.0
1501400419940519   2.6
1501400419940520   1.6
1501400419940521   5.4
1501400419940522  15.0
1501400419940523    .0
1501400419940524   8.4
1501400419940525   2.6
1501400419940526   1.6
1501400419940527    .0
1501400419940528   2.0
1501400419940529    .0
1501400419940530    .0
1501400419940531    .0
1501400419940601    .0
1501400419940602   6.0
1501400419940603   1.2
1501400419940604   3.4
1501400419940605    .0
1501400419940606    .0
1501400419940607    .0
1501400419940608  13.4
1501400419940609    .0
1501400419940610    .0
1501400419940611    .0
1501400419940612    .0
1501400419940613    .0
1501400419940614    .0
1501400419940615    .0
1501400419940616    .0
1501400419940617    .0
1501400419940618   3.6
1501400419940619   2.2
1501400419940620    .0
1501400419940621    .0
1501400419940622    .0
1501400419940623    .0
1501400419940624    .0
1501400419940625  39.8
1501400419940626   1.4
1501400419940627   6.2
1501400419940628    .0
1501400419940629    .0
1501400419940630    .0
1501400419940701    .0
1501400419940702    .0
1501400419940703    .0
1501400419940704    .0
1501400419940705    .0
1501400419940706    .0
1501400419940707    .0
1501400419940708    .0
1501400419940709    .0
1501400419940710    .0
1501400419940711    .0
1501400419940712    .0
1501400419940713    .0
1501400419940714    .0
1501400419940715    .0
1501400419940716    .0
1501400419940717    .6
1501400419940718   2.2
1501400419940719   3.6
1501400419940720    .0
1501400419940721    .0
1501400419940722    .0
1501400419940723    .0
1501400419940724    .0
1501400419940725    .0
1501400419940726    .0
1501400419940727    .0
1501400419940728    .0
1501400419940729    .0
1501400419940730    .0
1501400419940731  22.4
1501400419940801    .0
1501400419940802    .0
1501400419940803    .0
1501400419940804    .0
1501400419940805    .0
1501400419940806    .6
1501400419940807    .0
1501400419940808    .0
1501400419940809   1.4
1501400419940810    .0
1501400419940811   4.2
1501400419940812   1.8
1501400419940813   5.0
1501400419940814    .0
1501400419940815    .0
1501400419940816   1.0
1501400419940817    .2
1501400419940818   2.2
1501400419940819    .0
1501400419940820    .0
1501400419940821   1.2
1501400419940822    .6
1501400419940823    .2
1501400419940824   1.2
1501400419940825  21.6
1501400419940826   3.2
1501400419940827    .0
1501400419940828    .0
1501400419940829    .0
1501400419940830  12.4
1501400419940831   3.8
1501400419940901   4.6
1501400419940902    .2
1501400419940903    .0
1501400419940904    .2
1501400419940905    .0
1501400419940906    .0
1501400419940907  46.4
1501400419940908   3.4
1501400419940909   1.0
1501400419940910   2.2
1501400419940911   1.2
1501400419940912  25.8
1501400419940913   9.2
1501400419940914  15.4
1501400419940915  20.4
1501400419940916  16.4
1501400419940917    .0
1501400419940918    .0
1501400419940919   5.4
1501400419940920   9.4
1501400419940921  14.8
1501400419940922  41.0
1501400419940923  28.6
1501400419940924    .0
1501400419940925    .0
1501400419940926    .6
1501400419940927    .0
1501400419940928    .0
1501400419940929   2.2
1501400419940930   1.0
1501400419941001   2.4
1501400419941002    .8
1501400419941003   4.6
1501400419941004    .0
1501400419941005    .0
1501400419941006    .0
1501400419941007    .0
1501400419941008    .0
1501400419941009    .0
1501400419941010    .0
1501400419941011    .0
1501400419941012    .0
1501400419941013    .0
1501400419941014    .0
1501400419941015    .0
1501400419941016    .0
1501400419941017    .0
1501400419941018    .0
1501400419941019  12.4
1501400419941020    .2
1501400419941021    .2
1501400419941022  18.8
1501400419941023  13.0
1501400419941024  14.0
1501400419941025   9.2
1501400419941026   3.2
1501400419941027  22.8
1501400419941028   1.0
1501400419941029   1.4
1501400419941030    .0
1501400419941031    .0
1501400419941101    .0
1501400419941102    .0
1501400419941103    .0
1501400419941104  68.4
1501400419941105  29.2
1501400419941106    .2
1501400419941107    .6
1501400419941108    .0
1501400419941109   8.2
1501400419941110  18.0
1501400419941111   2.8
1501400419941112   6.4
1501400419941113   2.0
1501400419941114    .0
1501400419941115   7.0
1501400419941116  21.0
1501400419941117   5.0
1501400419941118  12.8
1501400419941119    .6
1501400419941120    .0
1501400419941121    .0
1501400419941122    .0
1501400419941123    .0
1501400419941124    .4
1501400419941125    .2
1501400419941126    .0
1501400419941127    .0
1501400419941128    .0
1501400419941129    .0
1501400419941130    .0
1501400419941201    .0
1501400419941202    .0
1501400419941203    .0
1501400419941204   2.6
1501400419941205   4.0
1501400419941206    .0
1501400419941207   4.4
1501400419941208    .0
1501400419941209  19.8
1501400419941210    .2
1501400419941211    .0
1501400419941212    .0
1501400419941213    .0
1501400419941214    .0
1501400419941215    .0
1501400419941216    .0
1501400419941217    .0
1501400419941218   6.6
1501400419941219   2.2
1501400419941220   1.8
1501400419941221    .6
1501400419941222    .0
1501400419941223    .0
1501400419941224    .0
1501400419941225    .0
1501400419941226   3.4
1501400419941227   1.4
1501400419941228    .6
1501400419941229   9.0
1501400419941230  22.8
1501400419941231  14.8
1501400419950101   4.2
1501400419950102    .2
1501400419950103    .0
1501400419950104    .0
1501400419950105   8.0
1501400419950106   1.0
1501400419950107    .0
1501400419950108   5.0
1501400419950109   4.0
1501400419950110   8.6
1501400419950111   6.2
1501400419950112   2.0
1501400419950113    .0
1501400419950114    .0
1501400419950115    .0
1501400419950116    .0
1501400419950117    .0
1501400419950118  22.0
1501400419950119    .2
1501400419950120  10.6
1501400419950121   4.8
1501400419950122  10.0
1501400419950123  18.0
1501400419950124   8.6
1501400419950125    .0
1501400419950126   5.4
1501400419950127   2.6
1501400419950128  10.2
1501400419950129  12.4
1501400419950130   4.8
1501400419950131    .0
1501400419950201   2.4
1501400419950202   1.6
1501400419950203    .0
1501400419950204   4.4
1501400419950205    .6
1501400419950206    .0
1501400419950207    .0
1501400419950208  16.2
1501400419950209   6.2
1501400419950210   9.6
1501400419950211   2.4
1501400419950212    .2
1501400419950213  19.6
1501400419950214   5.0
1501400419950215  12.0
1501400419950216   1.8
1501400419950217  18.8
1501400419950218   1.8
1501400419950219    .0
1501400419950220    .0
1501400419950221   7.8
1501400419950222    .0
1501400419950223  19.2
1501400419950224  28.8
1501400419950225  15.8
1501400419950226   1.8
1501400419950227    .0
1501400419950228    .0
1501400419950301    .2
1501400419950302   9.4
1501400419950303  14.4
1501400419950304   3.2
1501400419950305  10.6
1501400419950306   2.4
1501400419950307   2.0
1501400419950308  10.6
1501400419950309    .0
1501400419950310    .0
1501400419950311    .0
1501400419950312    .0
1501400419950313    .0
1501400419950314    .2
1501400419950315  10.2
1501400419950316   1.2
1501400419950317   5.6
1501400419950318   4.8
1501400419950319   8.2
1501400419950320    .0
1501400419950321    .0
1501400419950322    .0
1501400419950323    .0
1501400419950324    .2
1501400419950325    .0
1501400419950326    .0
1501400419950327   7.8
1501400419950328  15.8
1501400419950329   5.0
1501400419950330    .0
1501400419950331    .0
1501400419950401    .0
1501400419950402    .0
1501400419950403    .0
1501400419950404    .0
1501400419950405    .2
1501400419950406    .0
1501400419950407    .0
1501400419950408    .0
1501400419950409    .0
1501400419950410    .0
1501400419950411    .0
1501400419950412    .0
1501400419950413    .0
1501400419950414    .0
1501400419950415    .2
1501400419950416    .0
1501400419950417    .8
1501400419950418   2.0
1501400419950419   6.2
1501400419950420   1.0
1501400419950421  19.2
1501400419950422    .0
1501400419950423   2.6
1501400419950424   7.4
1501400419950425  25.0
1501400419950426  10.0
1501400419950427    .2
1501400419950428    .0
1501400419950429   8.4
1501400419950430    .2
1501400419950501    .0
1501400419950502    .0
1501400419950503    .0
1501400419950504    .0
1501400419950505    .0
1501400419950506    .0
1501400419950507   1.4
1501400419950508    .0
1501400419950509    .0
1501400419950510    .0
1501400419950511    .8
1501400419950512   5.4
1501400419950513   1.0
1501400419950514    .0
1501400419950515   2.0
1501400419950516  11.0
1501400419950517   9.0
1501400419950518   8.2
1501400419950519    .0
1501400419950520    .0
1501400419950521    .0
1501400419950522    .0
1501400419950523    .0
1501400419950524    .0
1501400419950525  17.4
1501400419950526    .0
1501400419950527    .0
1501400419950528    .0
1501400419950529    .4
1501400419950530   1.5
1501400419950531   1.8
1501400419950601    .0
1501400419950602    .0
1501400419950603    .0
1501400419950604    .0
1501400419950605    .0
1501400419950606    .0
1501400419950607    .0
1501400419950608   1.2
1501400419950609    .0
1501400419950610   3.2
1501400419950611    .8
1501400419950612    .0
1501400419950613    .0
1501400419950614    .0
1501400419950615    .0
1501400419950616    .0
1501400419950617    .0
1501400419950618   3.2
1501400419950619    .0
1501400419950620  11.0
1501400419950621  10.4
1501400419950622    .0
1501400419950623    .0
1501400419950624    .0
1501400419950625    .0
1501400419950626    .0
1501400419950627   3.0
1501400419950628   2.2
1501400419950629    .4
1501400419950630    .0
1501400419950701   2.6
1501400419950702    .2
1501400419950703   6.0
1501400419950704   2.2
1501400419950705    .0
1501400419950706    .0
1501400419950707    .0
1501400419950708    .0
1501400419950709    .0
1501400419950710   2.2
1501400419950711    .0
1501400419950712    .0
1501400419950713  23.2
1501400419950714    .0
1501400419950715   1.2
1501400419950716   1.6
1501400419950717    .0
1501400419950718    .0
1501400419950719    .0
1501400419950720    .0
1501400419950721    .0
1501400419950722    .8
1501400419950723    .0
1501400419950724    .0
1501400419950725    .0
1501400419950726   3.0
1501400419950727    .0
1501400419950728    .0
1501400419950729    .0
1501400419950730    .0
1501400419950731    .0
1501400419950801    .0
1501400419950802    .0
1501400419950803    .0
1501400419950804    .4
1501400419950805   2.0
1501400419950806  20.4
1501400419950807   8.4
1501400419950808    .2
1501400419950809    .0
1501400419950810   2.0
1501400419950811    .0
1501400419950812    .0
1501400419950813    .2
1501400419950814    .0
1501400419950815    .0
1501400419950816    .0
1501400419950817    .0
1501400419950818    .0
1501400419950819    .4
1501400419950820    .2
1501400419950821    .0
1501400419950822   9.8
1501400419950823  18.6
1501400419950824   1.2
1501400419950825   1.2
1501400419950826    .0
1501400419950827    .4
1501400419950828    .0
1501400419950829    .0
1501400419950830    .0
1501400419950831    .0
1501400419950901    .0
1501400419950902    .0
1501400419950903   1.4
1501400419950904    .0
1501400419950905    .0
1501400419950906   1.6
1501400419950907  13.8
1501400419950908   6.0
1501400419950909    .0
1501400419950910  12.2
1501400419950911   3.0
1501400419950912   8.6
1501400419950913    .4
1501400419950914   3.6
1501400419950915   8.2
1501400419950916  11.0
1501400419950917   9.2
1501400419950918  30.2
1501400419950919  13.6
1501400419950920    .0
1501400419950921    .0
1501400419950922    .0
1501400419950923    .0
1501400419950924   7.2
1501400419950925    .8
1501400419950926    .0
1501400419950927   7.2
1501400419950928    .0
1501400419950929    .0
1501400419950930   1.0
1501400419951001   1.4
1501400419951002   1.6
1501400419951003    .4
1501400419951004  13.0
1501400419951005   3.6
1501400419951006    .0
1501400419951007    .0
1501400419951008    .0
1501400419951009    .0
1501400419951010    .0
1501400419951011    .0
1501400419951012    .0
1501400419951013    .0
1501400419951014    .0
1501400419951015    .2
1501400419951016    .0
1501400419951017    .0
1501400419951018    .0
1501400419951019    .0
1501400419951020    .0
1501400419951021    .0
1501400419951022    .0
1501400419951023    .0
1501400419951024    .6
1501400419951025    .2
1501400419951026    .0
1501400419951027    .2
1501400419951028  15.2
1501400419951029  16.2
1501400419951030   1.8
1501400419951031    .0
1501400419951101    .0
1501400419951102    .0
1501400419951103    .0
1501400419951104    .0
1501400419951105    .0
1501400419951106    .0
1501400419951107    .0
1501400419951108    .0
1501400419951109    .0
1501400419951110    .2
1501400419951111    .0
1501400419951112  21.0
1501400419951113    .0
1501400419951114    .2
1501400419951115   4.8
1501400419951116   3.2
1501400419951117   6.8
1501400419951118    .0
1501400419951119    .0
1501400419951120    .0
1501400419951121   2.2
1501400419951122   4.4
1501400419951123    .0
1501400419951124    .0
1501400419951125   2.4
1501400419951126  26.4
1501400419951127    .0
1501400419951128    .0
1501400419951129    .0
1501400419951130    .0
1501400419951201    .6
1501400419951202  11.0
1501400419951203    .2
1501400419951204    .0
1501400419951205    .0
1501400419951206    .0
1501400419951207   5.0
1501400419951208   3.6
1501400419951209    .0
1501400419951210    .0
1501400419951211    .0
1501400419951212    .0
1501400419951213    .2
1501400419951214    .0
1501400419951215   2.6
1501400419951216  31.6
1501400419951217   6.8
1501400419951218    .6
1501400419951219    .0
1501400419951220    .0
1501400419951221    .0
1501400419951222   2.6
1501400419951223   7.2
1501400419951224  26.0
1501400419951225  19.8
1501400419951226   4.0
1501400419951227    .0
1501400419951228  22.2
1501400419951229   4.0
1501400419951230  11.8
1501400419951231  18.6
1501400419960101  26.6
1501400419960102  12.8
1501400419960103    .0
1501400419960104    .0
1501400419960105   5.0
1501400419960106   2.8
1501400419960107   4.2
1501400419960108    .2
1501400419960109   3.2
1501400419960110   6.8
1501400419960111   3.8
1501400419960112   5.6
1501400419960113    .0
1501400419960114    .0
1501400419960115    .0
1501400419960116    .0
1501400419960117    .0
1501400419960118    .0
1501400419960119    .0
1501400419960120    .0
1501400419960121    .0
1501400419960122   2.4
1501400419960123  11.4
1501400419960124   2.2
1501400419960125   8.8
1501400419960126   4.8
1501400419960127    .0
1501400419960128   7.8
1501400419960129    .0
1501400419960130    .0
1501400419960131    .0
1501400419960201    .0
1501400419960202   3.4
1501400419960203    .2
1501400419960204    .0
1501400419960205   1.0
1501400419960206  13.2
1501400419960207  14.0
1501400419960208    .0
1501400419960209    .8
1501400419960210   4.6
1501400419960211  10.8
1501400419960212  20.0
1501400419960213   1.8
1501400419960214    .0
1501400419960215    .0
1501400419960216    .6
1501400419960217    .4
1501400419960218  13.6
1501400419960219   6.2
1501400419960220    .2
1501400419960221    .0
1501400419960222   1.6
1501400419960223    .0
1501400419960224    .0
1501400419960225    .0
1501400419960226  20.8
1501400419960227   2.8
1501400419960228    .0
1501400419960229    .0
1501400419960301    .0
1501400419960302    .0
1501400419960303    .0
1501400419960304    .0
1501400419960305    .0
1501400419960306    .0
1501400419960307    .0
1501400419960308    .0
1501400419960309    .0
1501400419960310    .0
1501400419960311    .0
1501400419960312    .0
1501400419960313    .0
1501400419960314   4.4
1501400419960315  15.8
1501400419960316   3.0
1501400419960317    .0
1501400419960318    .0
1501400419960319    .0
1501400419960320   2.0
1501400419960321    .0
1501400419960322    .0
1501400419960323    .0
1501400419960324    .0
1501400419960325    .0
1501400419960326   4.6
1501400419960327    .4
1501400419960328    .0
1501400419960329    .0
1501400419960330    .0
1501400419960331    .2
1501400419960401   6.6
1501400419960402    .0
1501400419960403    .0
1501400419960404    .0
1501400419960405    .0
1501400419960406    .0
1501400419960407    .0
1501400419960408    .0
1501400419960409    .0
1501400419960410   3.2
1501400419960411    .0
1501400419960412    .0
1501400419960413    .6
1501400419960414    .4
1501400419960415    .0
1501400419960416  15.2
1501400419960417   3.4
1501400419960418    .0
1501400419960419    .0
1501400419960420    .0
1501400419960421    .0
1501400419960422  20.8
1501400419960423   2.2
1501400419960424    .0
1501400419960425    .0
1501400419960426    .2
1501400419960427   1.6
1501400419960428   3.0
1501400419960429   9.8
1501400419960430    .2
1501400419960501   6.0
1501400419960502  17.6
1501400419960503   6.6
1501400419960504    .0
1501400419960505    .0
1501400419960506    .0
1501400419960507  25.6
1501400419960508   7.8
1501400419960509   3.8
1501400419960510    .0
1501400419960511  24.6
1501400419960512    .6
1501400419960513    .0
1501400419960514    .0
1501400419960515    .0
1501400419960516  16.0
1501400419960517  11.2
1501400419960518  29.4
1501400419960519   2.4
1501400419960520    .2
1501400419960521   4.0
1501400419960522    .0
1501400419960523    .0
1501400419960524    .6
1501400419960525   4.6
1501400419960526    .4
1501400419960527    .8
1501400419960528    .0
1501400419960529    .0
1501400419960530    .0
1501400419960531  15.2
1501400419960601   5.4
1501400419960602  14.2
1501400419960603    .0
1501400419960604    .0
1501400419960605    .0
1501400419960606    .0
1501400419960607    .0
1501400419960608    .0
1501400419960609    .0
1501400419960610    .0
1501400419960611    .0
1501400419960612    .0
1501400419960613    .0
1501400419960614    .0
1501400419960615    .0
1501400419960616    .2
1501400419960617    .0
1501400419960618    .0
1501400419960619    .0
1501400419960620   3.6
1501400419960621  12.0
1501400419960622    .8
1501400419960623   3.8
1501400419960624    .0
1501400419960625    .0
1501400419960626    .0
1501400419960627    .0
1501400419960628    .0
1501400419960629   2.6
1501400419960630    .0
1501400419960701   2.4
1501400419960702   1.8
1501400419960703   4.2
1501400419960704  10.2
1501400419960705  27.6
1501400419960706    .8
1501400419960707  27.2
1501400419960708    .8
1501400419960709    .0
1501400419960710    .0
1501400419960711    .0
1501400419960712    .0
1501400419960713    .0
1501400419960714    .0
1501400419960715    .0
1501400419960716    .0
1501400419960717    .0
1501400419960718    .0
1501400419960719    .0
1501400419960720    .0
1501400419960721    .0
1501400419960722    .0
1501400419960723    .4
1501400419960724    .2
1501400419960725    .0
1501400419960726    .0
1501400419960727  27.4
1501400419960728    .0
1501400419960729    .0
1501400419960730    .0
1501400419960731    .0
1501400419960801    .0
1501400419960802  16.0
1501400419960803    .0
1501400419960804    .4
1501400419960805   2.8
1501400419960806   1.4
1501400419960807   3.6
1501400419960808    .2
1501400419960809   2.0
1501400419960810   7.6
1501400419960811  22.2
1501400419960812   1.0
1501400419960813    .2
1501400419960814    .2
1501400419960815    .0
1501400419960816    .0
1501400419960817    .0
1501400419960818    .0
1501400419960819    .0
1501400419960820  18.8
1501400419960821   9.0
1501400419960822    .0
1501400419960823   2.2
1501400419960824   5.0
1501400419960825   3.0
1501400419960826   1.8
1501400419960827   2.6
1501400419960828    .0
1501400419960829    .0
1501400419960830    .0
1501400419960831    .0
1501400419960901    .0
1501400419960902    .0
1501400419960903    .0
1501400419960904    .0
1501400419960905    .2
1501400419960906    .0
1501400419960907    .0
1501400419960908    .0
1501400419960909    .0
1501400419960910    .0
1501400419960911    .0
1501400419960912    .0
1501400419960913    .0
1501400419960914    .0
1501400419960915    .0
1501400419960916    .0
1501400419960917  12.6
1501400419960918  19.8
1501400419960919  16.8
1501400419960920    .4
1501400419960921  18.8
1501400419960922    .0
1501400419960923    .0
1501400419960924   8.8
1501400419960925   7.2
1501400419960926   1.2
1501400419960927   4.4
1501400419960928    .0
1501400419960929    .0
1501400419960930    .4
1501400419961001  28.6
1501400419961002   3.0
1501400419961003    .0
1501400419961004   1.8
1501400419961005   1.2
1501400419961006    .0
1501400419961007    .0
1501400419961008    .2
1501400419961009    .0
1501400419961010    .0
1501400419961011    .2
1501400419961012    .0
1501400419961013    .0
1501400419961014  28.8
1501400419961015   2.4
1501400419961016   2.8
1501400419961017    .6
1501400419961018   2.0
1501400419961019    .6
1501400419961020    .2
1501400419961021   3.4
1501400419961022    .0
1501400419961023    .0
1501400419961024    .2
1501400419961025    .2
1501400419961026    .2
1501400419961027    .0
1501400419961028   6.4
1501400419961029   1.4
1501400419961030    .0
1501400419961031   1.8
1501400419961101    .6
1501400419961102    .0
1501400419961103    .0
1501400419961104  15.0
1501400419961105   2.8
1501400419961106    .8
1501400419961107   6.2
1501400419961108    .2
1501400419961109    .0
1501400419961110   3.0
1501400419961111   8.0
1501400419961112  23.6
1501400419961113    .0
1501400419961114    .0
1501400419961115   4.2
1501400419961116   3.2
1501400419961117   2.6
1501400419961118   2.2
1501400419961119  25.2
1501400419961120  12.2
1501400419961121  14.8
1501400419961122    .0
1501400419961123    .4
1501400419961124   6.6
1501400419961125  35.0
1501400419961126    .2
1501400419961127  17.0
1501400419961128    .2
1501400419961129  15.4
1501400419961130  21.0
1501400419961201   6.4
1501400419961202    .0
1501400419961203    .0
1501400419961204   2.4
1501400419961205   3.2
1501400419961206  18.4
1501400419961207    .0
1501400419961208   2.2
1501400419961209    .0
1501400419961210    .0
1501400419961211    .0
1501400419961212   3.6
1501400419961213   8.4
1501400419961214    .4
1501400419961215    .0
1501400419961216    .0
1501400419961217    .0
1501400419961218   1.0
1501400419961219   6.8
1501400419961220    .0
1501400419961221   4.6
1501400419961222   7.2
1501400419961223    .2
1501400419961224   3.4
1501400419961225   1.6
1501400419961226    .0
1501400419961227    .0
1501400419961228    .0
1501400419961229    .0
1501400419961230    .0
1501400419961231    .0
1501400419970101    .8
1501400419970102  10.2
1501400419970103   1.2
1501400419970104   5.4
1501400419970105   2.6
1501400419970106    .0
1501400419970107    .0
1501400419970108   5.0
1501400419970109    .2
1501400419970110    .0
1501400419970111    .0
1501400419970112    .0
1501400419970113    .0
1501400419970114    .0
1501400419970115    .0
1501400419970116    .0
1501400419970117   7.4
1501400419970118   2.4
1501400419970119   7.8
1501400419970120    .8
1501400419970121    .0
1501400419970122    .4
1501400419970123    .0
1501400419970124    .0
1501400419970125    .0
1501400419970126    .0
1501400419970127    .0
1501400419970128    .0
1501400419970129    .0
1501400419970130    .0
1501400419970131    .0
1501400419970201    .0
1501400419970202   2.8
1501400419970203    .0
1501400419970204    .2
1501400419970205   3.4
1501400419970206    .0
1501400419970207    .0
1501400419970208    .0
1501400419970209    .0
1501400419970210   3.0
1501400419970211   6.0
1501400419970212   1.2
1501400419970213  10.4
1501400419970214  28.0
1501400419970215   4.2
1501400419970216    .2
1501400419970217   4.8
1501400419970218   3.2
1501400419970219   1.4
1501400419970220    .0
1501400419970221    .0
1501400419970222    .0
1501400419970223    .0
1501400419970224   2.4
1501400419970225    .8
1501400419970226   9.0
1501400419970227    .0
1501400419970228    .0
1501400419970301    .0
1501400419970302    .0
1501400419970303    .0
1501400419970304    .0
1501400419970305    .0
1501400419970306    .2
1501400419970307    .0
1501400419970308    .0
1501400419970309    .0
1501400419970310    .0
1501400419970311    .0
1501400419970312    .0
1501400419970313    .0
1501400419970314    .4
1501400419970315    .0
1501400419970316    .0
1501400419970317    .0
1501400419970318   2.2
1501400419970319    .8
1501400419970320    .0
1501400419970321    .0
1501400419970322    .0
1501400419970323    .0
1501400419970324    .0
1501400419970325    .0
1501400419970326    .0
1501400419970327    .0
1501400419970328    .0
1501400419970329    .0
1501400419970330    .0
1501400419970331    .0
1501400419970401    .0
1501400419970402    .0
1501400419970403    .0
1501400419970404    .0
1501400419970405    .0
1501400419970406    .0
1501400419970407    .0
1501400419970408    .0
1501400419970409    .0
1501400419970410    .0
1501400419970411    .0
1501400419970412    .0
1501400419970413    .0
1501400419970414    .0
1501400419970415    .0
1501400419970416    .0
1501400419970417    .0
1501400419970418    .0
1501400419970419    .8
1501400419970420    .0
1501400419970421    .0
1501400419970422    .0
1501400419970423    .0
1501400419970424    .0
1501400419970425    .2
1501400419970426  15.4
1501400419970427   7.8
1501400419970428   9.0
1501400419970429    .0
1501400419970430    .0
1501400419970501    .0
1501400419970502    .0
1501400419970503    .0
1501400419970504  23.2
1501400419970505  17.2
1501400419970506  12.0
1501400419970507   3.4
1501400419970508   7.8
1501400419970509  14.6
1501400419970510    .2
1501400419970511  26.2
1501400419970512  14.6
1501400419970513    .2
1501400419970514    .0
1501400419970515    .0
1501400419970516    .0
1501400419970517  15.2
1501400419970518    .0
1501400419970519  20.2
1501400419970520   4.8
1501400419970521   1.8
1501400419970522    .0
1501400419970523    .0
1501400419970524    .6
1501400419970525    .0
1501400419970526    .2
1501400419970527    .0
1501400419970528    .0
1501400419970529    .0
1501400419970530    .0
1501400419970531   1.2
1501400419970601  25.4
1501400419970602  18.4
1501400419970603   5.2
1501400419970604    .4
1501400419970605   1.6
1501400419970606    .0
1501400419970607  17.2
1501400419970608    .0
1501400419970609    .2
1501400419970610    .0
1501400419970611    .0
1501400419970612    .0
1501400419970613    .4
1501400419970614    .8
1501400419970615    .0
1501400419970616   9.2
1501400419970617    .2
1501400419970618    .0
1501400419970619   5.2
1501400419970620    .6
1501400419970621  26.8
1501400419970622   6.4
1501400419970623   5.0
1501400419970624    .2
1501400419970625   2.0
1501400419970626  14.4
1501400419970627   3.0
1501400419970628  19.4
1501400419970629  11.4
1501400419970630   8.8
1501400419970701    .6
1501400419970702  13.8
1501400419970703    .2
1501400419970704  14.6
1501400419970705   5.6
1501400419970706    .0
1501400419970707    .2
1501400419970708    .0
1501400419970709    .0
1501400419970710   3.4
1501400419970711   1.6
1501400419970712    .2
1501400419970713   1.2
1501400419970714    .4
1501400419970715    .0
1501400419970716    .0
1501400419970717    .8
1501400419970718    .0
1501400419970719    .2
1501400419970720    .0
1501400419970721    .0
1501400419970722    .2
1501400419970723    .2
1501400419970724   2.6
1501400419970725   5.8
1501400419970726    .2
1501400419970727    .2
1501400419970728    .0
1501400419970729    .2
1501400419970730    .2
1501400419970731    .2
1501400419970801    .0
1501400419970802    .2
1501400419970803    .0
1501400419970804    .0
1501400419970805   2.2
1501400419970806  10.2
1501400419970807    .2
1501400419970808    .0
1501400419970809    .0
1501400419970810    .0
1501400419970811    .4
1501400419970812    .0
1501400419970813    .0
1501400419970814    .0
1501400419970815  11.8
1501400419970816   3.6
1501400419970817    .2
1501400419970818   8.0
1501400419970819   9.2
1501400419970820    .0
1501400419970821    .2
1501400419970822    .0
1501400419970823    .0
1501400419970824    .0
1501400419970825  41.0
1501400419970826    .8
1501400419970827  28.0
1501400419970828   6.2
1501400419970829   4.8
1501400419970830    .2
1501400419970831    .0
1501400419970901  43.6
1501400419970902   3.4
1501400419970903    .4
1501400419970904    .4
1501400419970905    .2
1501400419970906    .2
1501400419970907    .2
1501400419970908    .2
1501400419970909    .4
1501400419970910    .0
1501400419970911    .0
1501400419970912  11.8
1501400419970913   3.0
1501400419970914    .0
1501400419970915    .2
1501400419970916    .0
1501400419970917    .0
1501400419970918    .2
1501400419970919    .0
1501400419970920    .2
1501400419970921    .0
1501400419970922    .0
1501400419970923    .0
1501400419970924    .0
1501400419970925    .2
1501400419970926    .0
1501400419970927    .2
1501400419970928    .2
1501400419970929    .0
1501400419970930    .2
1501400419971001    .2
1501400419971002    .0
1501400419971003    .0
1501400419971004    .0
1501400419971005    .0
1501400419971006  34.4
1501400419971007   1.0
1501400419971008    .0
1501400419971009    .0
1501400419971010   9.4
1501400419971011  10.4
1501400419971012   6.6
1501400419971013   1.6
1501400419971014    .0
1501400419971015  17.8
1501400419971016    .6
1501400419971017    .0
1501400419971018    .0
1501400419971019    .0
1501400419971020   4.0
1501400419971021   2.8
1501400419971022  15.0
1501400419971023    .0
1501400419971024    .0
1501400419971025    .0
1501400419971026    .0
1501400419971027    .0
1501400419971028    .0
1501400419971029    .0
1501400419971030    .0
1501400419971031    .0
1501400419971101    .0
1501400419971102    .0
1501400419971103    .0
1501400419971104  38.0
1501400419971105    .6
1501400419971106  39.8
1501400419971107   4.6
1501400419971108  16.4
1501400419971109  16.6
1501400419971110   9.4
1501400419971111   6.4
1501400419971112  10.4
1501400419971113    .0
1501400419971114    .0
1501400419971115    .0
1501400419971116    .0
1501400419971117    .0
1501400419971118  10.0
1501400419971119   1.0
1501400419971120  10.4
1501400419971121    .0
1501400419971122    .0
1501400419971123    .0
1501400419971124    .0
1501400419971125    .0
1501400419971126   1.0
1501400419971127   1.6
1501400419971128   2.6
1501400419971129  13.0
1501400419971130   6.2
1501400419971201  13.0
1501400419971202   5.8
1501400419971203    .0
1501400419971204    .0
1501400419971205    .0
1501400419971206    .0
1501400419971207    .0
1501400419971208   2.4
1501400419971209   1.2
1501400419971210  12.8
1501400419971211  15.4
1501400419971212   1.2
1501400419971213    .0
1501400419971214    .0
1501400419971215    .8
1501400419971216    .2
1501400419971217   8.2
1501400419971218  44.2
1501400419971219   3.0
1501400419971220  18.4
1501400419971221   6.2
1501400419971222   6.6
1501400419971223    .8
1501400419971224    .4
1501400419971225   7.0
1501400419971226  10.2
1501400419971227   5.0
1501400419971228    .8
1501400419971229    .0
1501400419971230    .0
1501400419971231  17.6
1501400419980101    .2
1501400419980102  18.6
1501400419980103   7.8
1501400419980104   1.2
1501400419980105   5.6
1501400419980106    .8
1501400419980107    .0
1501400419980108    .0
1501400419980109    .0
1501400419980110    .0
1501400419980111    .0
1501400419980112    .0
1501400419980113   9.2
1501400419980114   1.8
1501400419980115  11.8
1501400419980116  17.4
1501400419980117    .0
1501400419980118  45.2
1501400419980119  18.2
1501400419980120    .0
1501400419980121    .0
1501400419980122    .0
1501400419980123    .0
1501400419980124    .0
1501400419980125    .0
1501400419980126    .0
1501400419980127    .0
1501400419980128    .0
1501400419980129    .0
1501400419980130    .0
1501400419980131    .0
1501400419980201    .0
1501400419980202    .0
1501400419980203    .4
1501400419980204    .0
1501400419980205    .0
1501400419980206    .0
1501400419980207   1.2
1501400419980208    .0
1501400419980209    .0
1501400419980210    .0
1501400419980211    .0
1501400419980212    .0
1501400419980213    .0
1501400419980214    .0
1501400419980215    .0
1501400419980216    .0
1501400419980217    .0
1501400419980218    .0
1501400419980219    .0
1501400419980220    .0
1501400419980221  17.6
1501400419980222   5.2
1501400419980223    .0
1501400419980224    .0
1501400419980225    .0
1501400419980226    .0
1501400419980227    .2
1501400419980228   2.8
1501400419980301   2.4
1501400419980302    .0
1501400419980303    .0
1501400419980304  10.6
1501400419980305    .0
1501400419980306    .0
1501400419980307   4.0
1501400419980308  22.6
1501400419980309    .4
1501400419980310   4.6
1501400419980311   8.8
1501400419980312    .0
1501400419980313    .0
1501400419980314    .0
1501400419980315    .0
1501400419980316    .0
1501400419980317    .0
1501400419980318    .0
1501400419980319    .0
1501400419980320    .0
1501400419980321    .0
1501400419980322    .0
1501400419980323    .0
1501400419980324    .0
1501400419980325    .0
1501400419980326    .0
1501400419980327    .0
1501400419980328    .0
1501400419980329    .0
1501400419980330    .0
1501400419980331   8.0
1501400419980401   5.8
1501400419980402  12.6
1501400419980403   9.6
1501400419980404    .8
1501400419980405   8.6
1501400419980406  12.4
1501400419980407   8.4
1501400419980408  10.6
1501400419980409   8.6
1501400419980410   6.4
1501400419980411   9.0
1501400419980412   6.8
1501400419980413   1.6
1501400419980414    .4
1501400419980415  28.2
1501400419980416  25.8
1501400419980417   9.4
1501400419980418   4.4
1501400419980419    .2
1501400419980420    .2
1501400419980421    .0
1501400419980422    .0
1501400419980423   1.2
1501400419980424    .2
1501400419980425    .6
1501400419980426  56.0
1501400419980427   7.2
1501400419980428    .0
1501400419980429  26.8
1501400419980430   8.8
1501400419980501    .0
1501400419980502   6.8
1501400419980503    .0
1501400419980504    .0
1501400419980505    .0
1501400419980506    .0
1501400419980507    .0
1501400419980508    .0
1501400419980509    .0
1501400419980510    .0
1501400419980511    .0
1501400419980512    .0
1501400419980513    .0
1501400419980514    .2
1501400419980515   1.4
1501400419980516    .2
1501400419980517    .0
1501400419980518    .0
1501400419980519    .0
1501400419980520    .0
1501400419980521   2.6
1501400419980522    .0
1501400419980523    .0
1501400419980524    .0
1501400419980525    .0
1501400419980526    .8
1501400419980527  18.8
1501400419980528   8.6
1501400419980529    .0
1501400419980530  21.8
1501400419980531    .8
1501400419980601    .0
1501400419980602   3.8
1501400419980603    .2
1501400419980604    .0
1501400419980605    .0
1501400419980606  16.8
1501400419980607    .2
1501400419980608    .0
1501400419980609    .2
1501400419980610   8.2
1501400419980611  16.6
1501400419980612    .2
1501400419980613   3.4
1501400419980614   5.6
1501400419980615   6.6
1501400419980616    .0
1501400419980617    .0
1501400419980618    .2
1501400419980619    .0
1501400419980620    .0
1501400419980621    .0
1501400419980622    .0
1501400419980623    .0
1501400419980624    .0
1501400419980625   5.6
1501400419980626   1.4
1501400419980627    .8
1501400419980628    .0
1501400419980629    .0
1501400419980630    .8
1501400419980701  31.4
1501400419980702    .0
1501400419980703    .6
1501400419980704    .2
1501400419980705    .0
1501400419980706   4.8
1501400419980707   1.4
1501400419980708   2.6
1501400419980709    .0
1501400419980710    .2
1501400419980711    .4
1501400419980712    .0
1501400419980713   2.4
1501400419980714    .0
1501400419980715    .0
1501400419980716    .0
1501400419980717    .2
1501400419980718    .0
1501400419980719    .0
1501400419980720    .0
1501400419980721    .0
1501400419980722    .0
1501400419980723    .0
1501400419980724    .0
1501400419980725    .0
1501400419980726  12.6
1501400419980727  20.4
1501400419980728   1.8
1501400419980729    .0
1501400419980730    .0
1501400419980731  24.4
1501400419980801   1.8
1501400419980802    .0
1501400419980803    .0
1501400419980804    .4
1501400419980805    .0
1501400419980806    .0
1501400419980807    .0
1501400419980808    .0
1501400419980809    .0
1501400419980810    .0
1501400419980811    .0
1501400419980812    .0
1501400419980813    .2
1501400419980814    .0
1501400419980815    .6
1501400419980816    .0
1501400419980817    .6
1501400419980818    .0
1501400419980819    .0
1501400419980820    .0
1501400419980821   3.0
1501400419980822   4.6
1501400419980823   2.2
1501400419980824   4.2
1501400419980825    .0
1501400419980826    .0
1501400419980827    .0
1501400419980828    .0
1501400419980829    .0
1501400419980830    .0
1501400419980831    .0
1501400419980901    .0
1501400419980902  18.6
1501400419980903    .0
1501400419980904  13.2
1501400419980905    .2
1501400419980906    .8
1501400419980907   3.6
1501400419980908    .0
1501400419980909    .0
1501400419980910   7.0
1501400419980911  11.0
1501400419980912  11.6
1501400419980913    .4
1501400419980914    .2
1501400419980915   8.2
1501400419980916   4.0
1501400419980917    .0
1501400419980918    .0
1501400419980919    .0
1501400419980920    .0
1501400419980921    .0
1501400419980922    .0
1501400419980923    .0
1501400419980924    .0
1501400419980925   4.4
1501400419980926  51.0
1501400419980927  15.2
1501400419980928   7.2
1501400419980929  24.6
1501400419980930   3.6
1501400419981001  16.4
1501400419981002  20.0
1501400419981003    .2
1501400419981004  14.8
1501400419981005   3.6
1501400419981006   4.8
1501400419981007    .2
1501400419981008   6.4
1501400419981009    .2
1501400419981010   3.0
1501400419981011  16.0
1501400419981012    .0
1501400419981013    .0
1501400419981014    .0
1501400419981015    .0
1501400419981016    .0
1501400419981017   1.0
1501400419981018    .0
1501400419981019    .0
1501400419981020    .0
1501400419981021    .0
1501400419981022    .0
1501400419981023   3.4
1501400419981024  23.0
1501400419981025   1.8
1501400419981026   6.8
1501400419981027    .0
1501400419981028    .8
1501400419981029   4.4
1501400419981030    .2
1501400419981031   3.8
1501400419981101   3.2
1501400419981102   5.2
1501400419981103  11.6
1501400419981104    .4
1501400419981105    .0
1501400419981106    .0
1501400419981107    .0
1501400419981108    .0
1501400419981109  11.4
1501400419981110  14.2
1501400419981111    .0
1501400419981112   4.0
1501400419981113  12.4
1501400419981114    .8
1501400419981115    .2
1501400419981116    .0
1501400419981117    .0
1501400419981118    .0
1501400419981119    .0
1501400419981120    .0
1501400419981121    .0
1501400419981122    .0
1501400419981123    .0
1501400419981124   1.0
1501400419981125   3.8
1501400419981126   1.2
1501400419981127   5.6
1501400419981128   9.2
1501400419981129    .4
1501400419981130    .0
1501400419981201    .0
1501400419981202    .0
1501400419981203    .0
1501400419981204    .0
1501400419981205    .4
1501400419981206    .0
1501400419981207    .0
1501400419981208    .0
1501400419981209   9.4
1501400419981210  10.4
1501400419981211    .0
1501400419981212   4.0
1501400419981213    .0
1501400419981214    .0
1501400419981215    .0
1501400419981216    .0
1501400419981217    .0
1501400419981218    .2
1501400419981219   3.6
1501400419981220  18.8
1501400419981221    .0
1501400419981222    .0
1501400419981223    .0
1501400419981224    .4
1501400419981225    .0
1501400419981226    .0
1501400419981227    .0
1501400419981228    .0
1501400419981229    .0
1501400419981230   7.2
1501400419981231    .4
