1608900119940101  14.6
1608900119940102  12.2
1608900119940103   4.2
1608900119940104   8.6
1608900119940105  31.0
1608900119940106   5.0
1608900119940107   6.2
1608900119940108   3.4
1608900119940109   7.8
1608900119940110   4.0
1608900119940111    .2
1608900119940112    .6
1608900119940113   1.6
1608900119940114   2.4
1608900119940115  13.6
1608900119940116    .8
1608900119940117    .0
1608900119940118    .0
1608900119940119    .2
1608900119940120    .0
1608900119940121    .2
1608900119940122    .0
1608900119940123   2.4
1608900119940124   2.0
1608900119940125   5.4
1608900119940126    .0
1608900119940127   3.6
1608900119940128    .0
1608900119940129    .0
1608900119940130    .0
1608900119940131    .0
1608900119940201    .0
1608900119940202   9.8
1608900119940203   6.8
1608900119940204   1.8
1608900119940205    .0
1608900119940206   1.2
1608900119940207    .4
1608900119940208   2.8
1608900119940209  14.6
1608900119940210    .8
1608900119940211  15.8
1608900119940212    .0
1608900119940213    .0
1608900119940214   5.8
1608900119940215   1.0
1608900119940216    .0
1608900119940217   4.8
1608900119940218    .4
1608900119940219   4.6
1608900119940220   1.6
1608900119940221   1.0
1608900119940222   6.8
1608900119940223   8.8
1608900119940224   3.4
1608900119940225    .0
1608900119940226    .0
1608900119940227   1.0
1608900119940228    .0
1608900119940301    .2
1608900119940302   6.0
1608900119940303   1.2
1608900119940304    .0
1608900119940305    .0
1608900119940306    .0
1608900119940307    .0
1608900119940308    .0
1608900119940309    .0
1608900119940310    .0
1608900119940311    .0
1608900119940312   3.2
1608900119940313   1.2
1608900119940314    .0
1608900119940315   4.2
1608900119940316    .2
1608900119940317    .2
1608900119940318    .0
1608900119940319   1.0
1608900119940320    .6
1608900119940321   4.0
1608900119940322    .0
1608900119940323    .0
1608900119940324    .0
1608900119940325    .0
1608900119940326    .0
1608900119940327    .0
1608900119940328    .0
1608900119940329    .0
1608900119940330   3.2
1608900119940331   1.8
1608900119940401   5.6
1608900119940402   1.8
1608900119940403   9.4
1608900119940404   6.4
1608900119940405   9.6
1608900119940406  17.4
1608900119940407    .4
1608900119940408  12.8
1608900119940409   2.8
1608900119940410   6.0
1608900119940411    .0
1608900119940412    .0
1608900119940413  17.4
1608900119940414    .4
1608900119940415   1.0
1608900119940416   4.0
1608900119940417   8.8
1608900119940418    .0
1608900119940419    .0
1608900119940420    .0
1608900119940421    .0
1608900119940422    .0
1608900119940423    .4
1608900119940424   6.6
1608900119940425    .2
1608900119940426    .0
1608900119940427    .0
1608900119940428    .0
1608900119940429    .0
1608900119940430    .0
1608900119940501    .0
1608900119940502    .0
1608900119940503    .0
1608900119940504    .4
1608900119940505    .4
1608900119940506    .0
1608900119940507   5.8
1608900119940508    .2
1608900119940509    .0
1608900119940510    .0
1608900119940511   4.4
1608900119940512    .0
1608900119940513    .4
1608900119940514    .0
1608900119940515    .2
1608900119940516   5.0
1608900119940517    .4
1608900119940518    .0
1608900119940519   5.0
1608900119940520   6.8
1608900119940521    .2
1608900119940522   5.2
1608900119940523   2.8
1608900119940524    .2
1608900119940525    .0
1608900119940526   3.0
1608900119940527    .0
1608900119940528    .0
1608900119940529    .2
1608900119940530   2.4
1608900119940531    .0
1608900119940601  27.4
1608900119940602   8.4
1608900119940603    .6
1608900119940604   3.0
1608900119940605    .0
1608900119940606    .0
1608900119940607    .0
1608900119940608    .0
1608900119940609    .0
1608900119940610    .0
1608900119940611    .0
1608900119940612    .0
1608900119940613    .0
1608900119940614    .0
1608900119940615    .0
1608900119940616    .0
1608900119940617    .0
1608900119940618    .0
1608900119940619   2.0
1608900119940620    .0
1608900119940621    .0
1608900119940622    .0
1608900119940623    .0
1608900119940624  23.2
1608900119940625  21.2
1608900119940626    .0
1608900119940627    .0
1608900119940628    .0
1608900119940629    .0
1608900119940630    .0
1608900119940701    .0
1608900119940702    .0
1608900119940703    .0
1608900119940704    .0
1608900119940705    .0
1608900119940706    .0
1608900119940707    .0
1608900119940708   2.2
1608900119940709    .0
1608900119940710    .0
1608900119940711    .0
1608900119940712    .0
1608900119940713    .0
1608900119940714    .0
1608900119940715    .0
1608900119940716    .0
1608900119940717    .0
1608900119940718    .8
1608900119940719    .6
1608900119940720    .0
1608900119940721    .0
1608900119940722    .0
1608900119940723    .0
1608900119940724    .0
1608900119940725    .0
1608900119940726    .0
1608900119940727  11.6
1608900119940728    .2
1608900119940729    .0
1608900119940730  18.6
1608900119940731   4.2
1608900119940801    .0
1608900119940802    .0
1608900119940803    .0
1608900119940804   7.6
1608900119940805    .0
1608900119940806    .0
1608900119940807    .0
1608900119940808    .0
1608900119940809   1.2
1608900119940810  28.0
1608900119940811   9.6
1608900119940812    .2
1608900119940813    .2
1608900119940814    .0
1608900119940815    .0
1608900119940816    .0
1608900119940817    .0
1608900119940818    .2
1608900119940819    .0
1608900119940820    .0
1608900119940821    .0
1608900119940822    .0
1608900119940823    .4
1608900119940824   5.8
1608900119940825   5.4
1608900119940826    .4
1608900119940827    .0
1608900119940828    .0
1608900119940829    .0
1608900119940830   5.8
1608900119940831   8.6
1608900119940901    .4
1608900119940902    .0
1608900119940903    .0
1608900119940904    .2
1608900119940905    .0
1608900119940906   3.0
1608900119940907   5.6
1608900119940908  19.2
1608900119940909   1.4
1608900119940910    .2
1608900119940911  14.8
1608900119940912   9.2
1608900119940913   4.0
1608900119940914  21.6
1608900119940915  20.8
1608900119940916   3.4
1608900119940917    .0
1608900119940918    .0
1608900119940919  12.8
1608900119940920   1.8
1608900119940921   1.0
1608900119940922   4.2
1608900119940923   3.2
1608900119940924    .0
1608900119940925   1.6
1608900119940926   5.8
1608900119940927   4.4
1608900119940928    .0
1608900119940929    .0
1608900119940930    .0
1608900119941001    .0
1608900119941002   3.4
1608900119941003   1.8
1608900119941004    .0
1608900119941005    .0
1608900119941006    .0
1608900119941007    .0
1608900119941008    .0
1608900119941009    .0
1608900119941010    .0
1608900119941011    .0
1608900119941012    .0
1608900119941013    .0
1608900119941014    .0
1608900119941015    .0
1608900119941016    .0
1608900119941017    .0
1608900119941018    .4
1608900119941019  19.2
1608900119941020   1.6
1608900119941021   2.8
1608900119941022  13.4
1608900119941023  11.0
1608900119941024   2.0
1608900119941025  11.0
1608900119941026   1.2
1608900119941027   1.0
1608900119941028    .0
1608900119941029   2.8
1608900119941030    .0
1608900119941031   2.6
1608900119941101   1.4
1608900119941102    .0
1608900119941103   3.8
1608900119941104  20.2
1608900119941105   1.0
1608900119941106    .0
1608900119941107    .2
1608900119941108    .8
1608900119941109  13.0
1608900119941110   7.4
1608900119941111    .6
1608900119941112  14.4
1608900119941113    .0
1608900119941114    .0
1608900119941115   7.0
1608900119941116  18.0
1608900119941117    .2
1608900119941118    .6
1608900119941119    .0
1608900119941120    .0
1608900119941121    .0
1608900119941122    .0
1608900119941123    .0
1608900119941124    .2
1608900119941125    .0
1608900119941126    .0
1608900119941127    .0
1608900119941128    .0
1608900119941129    .0
1608900119941130    .0
1608900119941201    .0
1608900119941202    .0
1608900119941203    .2
1608900119941204   1.2
1608900119941205   2.4
1608900119941206   1.8
1608900119941207    .6
1608900119941208   7.2
1608900119941209  17.4
1608900119941210    .6
1608900119941211    .2
1608900119941212    .0
1608900119941213    .0
1608900119941214    .0
1608900119941215    .0
1608900119941216    .0
1608900119941217    .0
1608900119941218   3.8
1608900119941219   1.8
1608900119941220    .2
1608900119941221   8.8
1608900119941222    .0
1608900119941223    .0
1608900119941224    .0
1608900119941225    .0
1608900119941226   9.2
1608900119941227   3.0
1608900119941228    .0
1608900119941229  11.2
1608900119941230  17.2
1608900119941231   7.0
1608900119950101    .0
1608900119950102    .0
1608900119950103    .0
1608900119950104    .0
1608900119950105   2.4
1608900119950106    .0
1608900119950107    .0
1608900119950108   3.4
1608900119950109    .2
1608900119950110   1.6
1608900119950111   3.6
1608900119950112    .0
1608900119950113    .0
1608900119950114    .0
1608900119950115    .0
1608900119950116    .0
1608900119950117   6.8
1608900119950118   8.2
1608900119950119   4.6
1608900119950120   7.0
1608900119950121  17.2
1608900119950122  18.2
1608900119950123  13.2
1608900119950124   2.8
1608900119950125    .0
1608900119950126   6.4
1608900119950127   1.6
1608900119950128   4.2
1608900119950129  12.0
1608900119950130   2.6
1608900119950131    .0
1608900119950201   4.4
1608900119950202    .0
1608900119950203    .0
1608900119950204   2.6
1608900119950205    .4
1608900119950206    .0
1608900119950207    .0
1608900119950208   4.8
1608900119950209   1.0
1608900119950210   2.4
1608900119950211   1.8
1608900119950212    .2
1608900119950213   4.6
1608900119950214   6.6
1608900119950215   9.2
1608900119950216    .8
1608900119950217  14.4
1608900119950218    .8
1608900119950219    .2
1608900119950220    .0
1608900119950221    .2
1608900119950222   5.6
1608900119950223   5.2
1608900119950224   9.8
1608900119950225   7.4
1608900119950226    .0
1608900119950227    .0
1608900119950228    .0
1608900119950301   2.4
1608900119950302  14.0
1608900119950303   1.4
1608900119950304   1.2
1608900119950305   3.8
1608900119950306   1.4
1608900119950307   8.6
1608900119950308   3.6
1608900119950309    .0
1608900119950310    .0
1608900119950311    .0
1608900119950312    .0
1608900119950313    .0
1608900119950314   1.4
1608900119950315   3.2
1608900119950316    .8
1608900119950317   3.2
1608900119950318   2.6
1608900119950319   7.0
1608900119950320    .0
1608900119950321    .0
1608900119950322    .0
1608900119950323    .0
1608900119950324    .0
1608900119950325    .0
1608900119950326    .0
1608900119950327    .4
1608900119950328   4.4
1608900119950329    .0
1608900119950330    .0
1608900119950331    .0
1608900119950401    .0
1608900119950402    .0
1608900119950403    .0
1608900119950404    .0
1608900119950405    .0
1608900119950406    .0
1608900119950407    .0
1608900119950408    .0
1608900119950409    .0
1608900119950410    .0
1608900119950411    .0
1608900119950412    .0
1608900119950413    .0
1608900119950414    .0
1608900119950415    .0
1608900119950416    .0
1608900119950417   1.6
1608900119950418  11.8
1608900119950419   4.6
1608900119950420    .0
1608900119950421   1.4
1608900119950422    .2
1608900119950423    .2
1608900119950424   5.6
1608900119950425   8.2
1608900119950426   5.2
1608900119950427    .0
1608900119950428    .0
1608900119950429   1.8
1608900119950430    .0
1608900119950501    .0
1608900119950502    .0
1608900119950503    .0
1608900119950504    .0
1608900119950505    .0
1608900119950506    .0
1608900119950507    .0
1608900119950508    .0
1608900119950509    .0
1608900119950510    .0
1608900119950511  12.6
1608900119950512   1.4
1608900119950513    .0
1608900119950514    .0
1608900119950515   4.6
1608900119950516   4.4
1608900119950517   9.4
1608900119950518   2.0
1608900119950519    .0
1608900119950520    .0
1608900119950521    .0
1608900119950522    .0
1608900119950523    .4
1608900119950524  15.6
1608900119950525   4.6
1608900119950526    .2
1608900119950527    .0
1608900119950528   1.2
1608900119950529   1.2
1608900119950530   1.6
1608900119950531    .0
1608900119950601    .0
1608900119950602    .0
1608900119950603    .6
1608900119950604    .0
1608900119950605    .0
1608900119950606    .0
1608900119950607    .0
1608900119950608    .0
1608900119950609    .0
1608900119950610    .0
1608900119950611   1.0
1608900119950612    .0
1608900119950613    .0
1608900119950614    .0
1608900119950615    .0
1608900119950616    .0
1608900119950617    .4
1608900119950618    .6
1608900119950619    .0
1608900119950620    .2
1608900119950621    .0
1608900119950622    .0
1608900119950623    .0
1608900119950624    .0
1608900119950625    .0
1608900119950626    .0
1608900119950627    .0
1608900119950628    .0
1608900119950629    .0
1608900119950630  10.2
1608900119950701    .2
1608900119950702   1.4
1608900119950703   5.0
1608900119950704    .0
1608900119950705    .0
1608900119950706    .0
1608900119950707    .0
1608900119950708    .0
1608900119950709    .0
1608900119950710  14.4
1608900119950711    .2
1608900119950712    .0
1608900119950713   1.4
1608900119950714   2.8
1608900119950715   9.4
1608900119950716    .0
1608900119950717    .0
1608900119950718    .0
1608900119950719    .0
1608900119950720    .0
1608900119950721    .0
1608900119950722    .0
1608900119950723    .0
1608900119950724    .0
1608900119950725    .2
1608900119950726    .0
1608900119950727    .0
1608900119950728    .0
1608900119950729    .0
1608900119950730    .0
1608900119950731   5.2
1608900119950801    .0
1608900119950802    .0
1608900119950803    .0
1608900119950804    .2
1608900119950805   1.0
1608900119950806    .4
1608900119950807   4.4
1608900119950808    .0
1608900119950809    .0
1608900119950810    .0
1608900119950811    .0
1608900119950812    .0
1608900119950813    .0
1608900119950814    .0
1608900119950815    .0
1608900119950816    .0
1608900119950817    .0
1608900119950818    .0
1608900119950819    .0
1608900119950820   2.6
1608900119950821    .0
1608900119950822    .4
1608900119950823  12.6
1608900119950824    .0
1608900119950825    .4
1608900119950826    .0
1608900119950827    .0
1608900119950828    .0
1608900119950829    .0
1608900119950830    .0
1608900119950831    .0
1608900119950901    .0
1608900119950902    .2
1608900119950903    .0
1608900119950904    .2
1608900119950905   2.0
1608900119950906  16.8
1608900119950907  14.6
1608900119950908   2.6
1608900119950909    .0
1608900119950910   2.2
1608900119950911    .0
1608900119950912   5.2
1608900119950913   1.6
1608900119950914   4.8
1608900119950915   8.8
1608900119950916   1.0
1608900119950917   4.2
1608900119950918   2.0
1608900119950919  19.8
1608900119950920    .0
1608900119950921    .0
1608900119950922    .0
1608900119950923    .0
1608900119950924   5.6
1608900119950925    .0
1608900119950926    .0
1608900119950927   7.4
1608900119950928    .0
1608900119950929    .2
1608900119950930   1.0
1608900119951001    .2
1608900119951002   2.6
1608900119951003   1.8
1608900119951004    .8
1608900119951005    .0
1608900119951006    .0
1608900119951007    .0
1608900119951008    .0
1608900119951009    .0
1608900119951010    .0
1608900119951011    .0
1608900119951012    .0
1608900119951013    .0
1608900119951014    .2
1608900119951015    .0
1608900119951016    .0
1608900119951017    .0
1608900119951018    .0
1608900119951019    .0
1608900119951020    .0
1608900119951021    .0
1608900119951022    .0
1608900119951023    .0
1608900119951024   2.2
1608900119951025    .0
1608900119951026    .0
1608900119951027   2.0
1608900119951028    .6
1608900119951029  10.0
1608900119951030    .2
1608900119951031    .0
1608900119951101    .0
1608900119951102    .0
1608900119951103    .0
1608900119951104    .0
1608900119951105    .0
1608900119951106    .0
1608900119951107    .0
1608900119951108    .0
1608900119951109    .0
1608900119951110   2.0
1608900119951111  12.6
1608900119951112   1.0
1608900119951113   7.2
1608900119951114    .6
1608900119951115   6.4
1608900119951116  12.6
1608900119951117    .2
1608900119951118    .0
1608900119951119    .0
1608900119951120    .0
1608900119951121   8.0
1608900119951122   1.2
1608900119951123    .0
1608900119951124    .2
1608900119951125  13.8
1608900119951126   3.8
1608900119951127   2.0
1608900119951128    .0
1608900119951129    .0
1608900119951130    .0
1608900119951201   1.6
1608900119951202  13.8
1608900119951203   4.8
1608900119951204   3.6
1608900119951205    .0
1608900119951206    .0
1608900119951207    .0
1608900119951208    .0
1608900119951209    .0
1608900119951210    .0
1608900119951211    .0
1608900119951212    .0
1608900119951213    .0
1608900119951214    .0
1608900119951215   5.6
1608900119951216  10.2
1608900119951217   1.0
1608900119951218    .8
1608900119951219    .0
1608900119951220    .0
1608900119951221    .6
1608900119951222   5.0
1608900119951223   4.6
1608900119951224   3.0
1608900119951225  14.2
1608900119951226   3.0
1608900119951227    .0
1608900119951228   1.2
1608900119951229   4.4
1608900119951230   7.4
1608900119951231   4.6
1608900119960101   5.6
1608900119960102    .4
1608900119960103    .0
1608900119960104    .6
1608900119960105   9.0
1608900119960106  13.6
1608900119960107   7.6
1608900119960108   2.0
1608900119960109   1.8
1608900119960110   1.6
1608900119960111  15.6
1608900119960112    .4
1608900119960113    .0
1608900119960114    .0
1608900119960115    .0
1608900119960116    .0
1608900119960117    .0
1608900119960118    .0
1608900119960119    .0
1608900119960120    .0
1608900119960121    .0
1608900119960122  15.6
1608900119960123   9.6
1608900119960124   1.0
1608900119960125    .0
1608900119960126   1.0
1608900119960127    .0
1608900119960128    .0
1608900119960129    .0
1608900119960130    .0
1608900119960131    .0
1608900119960201   2.2
1608900119960202   2.2
1608900119960203    .0
1608900119960204    .0
1608900119960205  11.2
1608900119960206   5.8
1608900119960207  12.8
1608900119960208    .0
1608900119960209   1.2
1608900119960210   3.0
1608900119960211   5.6
1608900119960212  10.0
1608900119960213    .0
1608900119960214    .0
1608900119960215    .0
1608900119960216    .0
1608900119960217    .0
1608900119960218   4.0
1608900119960219    .2
1608900119960220    .0
1608900119960221    .0
1608900119960222   1.0
1608900119960223    .0
1608900119960224    .2
1608900119960225   3.2
1608900119960226    .4
1608900119960227    .0
1608900119960228    .0
1608900119960229    .0
1608900119960301    .0
1608900119960302    .0
1608900119960303    .0
1608900119960304    .0
1608900119960305    .0
1608900119960306    .0
1608900119960307    .0
1608900119960308   1.0
1608900119960309    .0
1608900119960310    .0
1608900119960311    .0
1608900119960312    .0
1608900119960313    .0
1608900119960314   5.4
1608900119960315    .0
1608900119960316    .0
1608900119960317    .0
1608900119960318    .0
1608900119960319    .2
1608900119960320    .2
1608900119960321    .0
1608900119960322    .0
1608900119960323    .0
1608900119960324   2.0
1608900119960325    .0
1608900119960326  26.2
1608900119960327   4.6
1608900119960328    .0
1608900119960329    .0
1608900119960330    .0
1608900119960331   1.0
1608900119960401  13.0
1608900119960402    .0
1608900119960403    .0
1608900119960404    .0
1608900119960405    .0
1608900119960406    .0
1608900119960407    .0
1608900119960408    .0
1608900119960409    .0
1608900119960410   1.4
1608900119960411    .0
1608900119960412    .0
1608900119960413    .0
1608900119960414    .0
1608900119960415    .0
1608900119960416   3.8
1608900119960417    .4
1608900119960418    .0
1608900119960419    .0
1608900119960420    .0
1608900119960421   2.0
1608900119960422  11.8
1608900119960423    .0
1608900119960424    .4
1608900119960425    .0
1608900119960426    .0
1608900119960427    .0
1608900119960428    .0
1608900119960429    .0
1608900119960430    .0
1608900119960501   7.2
1608900119960502  10.6
1608900119960503    .0
1608900119960504    .0
1608900119960505    .0
1608900119960506    .0
1608900119960507   7.8
1608900119960508    .4
1608900119960509   1.0
1608900119960510    .0
1608900119960511    .0
1608900119960512    .0
1608900119960513    .0
1608900119960514    .0
1608900119960515    .6
1608900119960516   9.4
1608900119960517    .0
1608900119960518   3.8
1608900119960519    .2
1608900119960520   1.0
1608900119960521    .6
1608900119960522    .2
1608900119960523    .0
1608900119960524    .0
1608900119960525   4.8
1608900119960526   1.2
1608900119960527    .0
1608900119960528    .0
1608900119960529    .0
1608900119960530    .0
1608900119960531   5.0
1608900119960601    .0
1608900119960602    .0
1608900119960603    .0
1608900119960604    .0
1608900119960605    .0
1608900119960606    .0
1608900119960607   4.0
1608900119960608    .6
1608900119960609    .0
1608900119960610    .0
1608900119960611    .0
1608900119960612    .0
1608900119960613    .0
1608900119960614    .0
1608900119960615    .0
1608900119960616    .0
1608900119960617    .0
1608900119960618    .0
1608900119960619   4.2
1608900119960620   5.2
1608900119960621  27.8
1608900119960622    .0
1608900119960623    .0
1608900119960624    .0
1608900119960625    .0
1608900119960626    .0
1608900119960627    .0
1608900119960628    .2
1608900119960629    .0
1608900119960630   1.0
1608900119960701    .4
1608900119960702   1.6
1608900119960703   3.2
1608900119960704   7.2
1608900119960705  10.0
1608900119960706  10.2
1608900119960707   4.6
1608900119960708    .2
1608900119960709    .0
1608900119960710    .2
1608900119960711    .0
1608900119960712    .0
1608900119960713    .0
1608900119960714    .0
1608900119960715    .0
1608900119960716    .0
1608900119960717    .0
1608900119960718    .0
1608900119960719    .0
1608900119960720    .0
1608900119960721    .0
1608900119960722    .0
1608900119960723    .0
1608900119960724    .0
1608900119960725    .0
1608900119960726    .0
1608900119960727    .0
1608900119960728    .0
1608900119960729    .0
1608900119960730    .2
1608900119960731    .0
1608900119960801    .0
1608900119960802    .0
1608900119960803    .0
1608900119960804    .0
1608900119960805   3.0
1608900119960806   3.2
1608900119960807    .0
1608900119960808    .0
1608900119960809    .0
1608900119960810  36.6
1608900119960811    .0
1608900119960812    .2
1608900119960813    .0
1608900119960814    .0
1608900119960815    .0
1608900119960816    .0
1608900119960817    .0
1608900119960818    .0
1608900119960819   9.6
1608900119960820   6.6
1608900119960821   2.0
1608900119960822    .0
1608900119960823   1.2
1608900119960824   6.6
1608900119960825   3.2
1608900119960826    .2
1608900119960827    .0
1608900119960828    .2
1608900119960829    .0
1608900119960830    .0
1608900119960831    .2
1608900119960901    .0
1608900119960902    .0
1608900119960903    .0
1608900119960904    .0
1608900119960905    .0
1608900119960906    .0
1608900119960907    .0
1608900119960908    .0
1608900119960909    .0
1608900119960910    .0
1608900119960911    .0
1608900119960912    .0
1608900119960913    .0
1608900119960914    .0
1608900119960915    .0
1608900119960916    .0
1608900119960917    .0
1608900119960918   6.2
1608900119960919    .4
1608900119960920   2.4
1608900119960921   4.0
1608900119960922    .0
1608900119960923    .2
1608900119960924   8.6
1608900119960925   1.4
1608900119960926   4.0
1608900119960927   2.0
1608900119960928    .2
1608900119960929    .2
1608900119960930  31.6
1608900119961001  34.4
1608900119961002   5.0
1608900119961003    .2
1608900119961004   1.8
1608900119961005    .0
1608900119961006    .2
1608900119961007    .2
1608900119961008    .0
1608900119961009    .0
1608900119961010    .2
1608900119961011    .2
1608900119961012    .0
1608900119961013    .0
1608900119961014   1.2
1608900119961015    .0
1608900119961016  10.0
1608900119961017    .0
1608900119961018   1.4
1608900119961019    .0
1608900119961020    .4
1608900119961021    .4
1608900119961022    .2
1608900119961023    .0
1608900119961024    .0
1608900119961025    .2
1608900119961026    .2
1608900119961027    .2
1608900119961028   5.6
1608900119961029    .0
1608900119961030    .0
1608900119961031    .8
1608900119961101    .4
1608900119961102    .0
1608900119961103    .0
1608900119961104  11.2
1608900119961105   1.0
1608900119961106   3.0
1608900119961107   4.8
1608900119961108    .4
1608900119961109    .2
1608900119961110  13.6
1608900119961111  10.8
1608900119961112   3.4
1608900119961113    .0
1608900119961114    .0
1608900119961115    .0
1608900119961116    .0
1608900119961117   5.2
1608900119961118    .2
1608900119961119  29.4
1608900119961120   1.8
1608900119961121  10.4
1608900119961122    .0
1608900119961123    .0
1608900119961124  11.8
1608900119961125  10.8
1608900119961126   4.8
1608900119961127   7.6
1608900119961128    .2
1608900119961129   5.8
1608900119961130   1.4
1608900119961201   1.4
1608900119961202    .0
1608900119961203   3.6
1608900119961204   5.8
1608900119961205   9.8
1608900119961206   3.6
1608900119961207    .2
1608900119961208    .0
1608900119961209    .0
1608900119961210    .0
1608900119961211   4.0
1608900119961212   3.2
1608900119961213    .4
1608900119961214    .0
1608900119961215    .2
1608900119961216    .0
1608900119961217    .0
1608900119961218   3.0
1608900119961219    .6
1608900119961220    .2
1608900119961221   1.4
1608900119961222   2.2
1608900119961223    .8
1608900119961224   4.4
1608900119961225   2.0
1608900119961226    .0
1608900119961227    .0
1608900119961228    .0
1608900119961229    .0
1608900119961230    .0
1608900119961231    .0
1608900119970101    .0
1608900119970102    .0
1608900119970103   7.0
1608900119970104    .0
1608900119970105    .0
1608900119970106    .0
1608900119970107    .0
1608900119970108    .2
1608900119970109    .0
1608900119970110    .0
1608900119970111    .0
1608900119970112    .0
1608900119970113    .0
1608900119970114    .0
1608900119970115    .0
1608900119970116    .0
1608900119970117   2.0
1608900119970118   5.2
1608900119970119   7.2
1608900119970120    .2
1608900119970121   6.4
1608900119970122    .4
1608900119970123   1.2
1608900119970124    .0
1608900119970125    .6
1608900119970126    .0
1608900119970127    .0
1608900119970128    .0
1608900119970129    .0
1608900119970130    .0
1608900119970131    .0
1608900119970201    .0
1608900119970202   2.2
1608900119970203    .0
1608900119970204    .4
1608900119970205   1.8
1608900119970206    .0
1608900119970207    .0
1608900119970208    .0
1608900119970209    .2
1608900119970210   4.4
1608900119970211   1.0
1608900119970212   1.4
1608900119970213   8.4
1608900119970214   5.6
1608900119970215    .0
1608900119970216   1.8
1608900119970217    .2
1608900119970218    .8
1608900119970219    .0
1608900119970220    .0
1608900119970221    .0
1608900119970222    .2
1608900119970223   1.8
1608900119970224  12.2
1608900119970225   4.4
1608900119970226   3.4
1608900119970227    .0
1608900119970228    .0
1608900119970301    .0
1608900119970302    .0
1608900119970303    .2
1608900119970304    .0
1608900119970305    .0
1608900119970306    .0
1608900119970307    .0
1608900119970308    .0
1608900119970309    .0
1608900119970310    .0
1608900119970311    .0
1608900119970312    .0
1608900119970313    .0
1608900119970314    .0
1608900119970315    .0
1608900119970316    .0
1608900119970317    .0
1608900119970318    .0
1608900119970319    .0
1608900119970320    .0
1608900119970321    .0
1608900119970322    .0
1608900119970323    .0
1608900119970324   1.4
1608900119970325    .0
1608900119970326    .2
1608900119970327    .0
1608900119970328    .4
1608900119970329    .0
1608900119970330    .0
1608900119970331    .0
1608900119970401    .0
1608900119970402    .0
1608900119970403    .0
1608900119970404    .0
1608900119970405    .0
1608900119970406    .0
1608900119970407    .0
1608900119970408    .0
1608900119970409    .0
1608900119970410    .0
1608900119970411    .0
1608900119970412    .0
1608900119970413    .0
1608900119970414    .0
1608900119970415    .0
1608900119970416    .0
1608900119970417    .0
1608900119970418    .0
1608900119970419    .0
1608900119970420    .0
1608900119970421    .0
1608900119970422    .0
1608900119970423    .0
1608900119970424    .0
1608900119970425    .0
1608900119970426   4.6
1608900119970427   4.0
1608900119970428   1.8
1608900119970429    .0
1608900119970430    .0
1608900119970501    .0
1608900119970502    .0
1608900119970503    .0
1608900119970504  13.0
1608900119970505  20.6
1608900119970506   9.2
1608900119970507    .2
1608900119970508  11.2
1608900119970509   2.4
1608900119970510   2.2
1608900119970511   3.6
1608900119970512    .0
1608900119970513  21.0
1608900119970514   2.2
1608900119970515    .2
1608900119970516   7.8
1608900119970517    .0
1608900119970518   3.2
1608900119970519   2.4
1608900119970520    .0
1608900119970521   1.2
1608900119970522    .2
1608900119970523    .0
1608900119970524   3.6
1608900119970525    .0
1608900119970526    .0
1608900119970527    .0
1608900119970528    .0
1608900119970529    .0
1608900119970530    .0
1608900119970531    .0
1608900119970601   3.6
1608900119970602    .0
1608900119970603    .0
1608900119970604   2.2
1608900119970605    .6
1608900119970606    .0
1608900119970607   1.2
1608900119970608    .4
1608900119970609    .0
1608900119970610  12.0
1608900119970611    .0
1608900119970612    .0
1608900119970613   2.4
1608900119970614    .0
1608900119970615    .0
1608900119970616   4.2
1608900119970617    .0
1608900119970618    .0
1608900119970619   1.6
1608900119970620   6.0
1608900119970621  10.6
1608900119970622   1.4
1608900119970623   3.0
1608900119970624    .0
1608900119970625   6.6
1608900119970626   8.8
1608900119970627   1.0
1608900119970628   5.0
1608900119970629  16.8
1608900119970630   2.4
1608900119970701  14.4
1608900119970702   5.8
1608900119970703   4.8
1608900119970704   6.8
1608900119970705    .2
1608900119970706    .0
1608900119970707    .0
1608900119970708    .0
1608900119970709    .0
1608900119970710    .0
1608900119970711    .0
1608900119970712    .0
1608900119970713    .0
1608900119970714    .0
1608900119970715    .0
1608900119970716    .0
1608900119970717    .0
1608900119970718    .0
1608900119970719    .0
1608900119970720    .0
1608900119970721    .0
1608900119970722   7.0
1608900119970723    .0
1608900119970724    .4
1608900119970725   1.4
1608900119970726    .0
1608900119970727    .0
1608900119970728    .0
1608900119970729    .0
1608900119970730    .0
1608900119970731    .0
1608900119970801    .0
1608900119970802    .0
1608900119970803    .0
1608900119970804   3.4
1608900119970805   3.8
1608900119970806   2.0
1608900119970807    .0
1608900119970808    .0
1608900119970809    .0
1608900119970810  13.8
1608900119970811    .0
1608900119970812    .0
1608900119970813    .0
1608900119970814    .0
1608900119970815   2.6
1608900119970816    .6
1608900119970817    .2
1608900119970818    .0
1608900119970819    .0
1608900119970820    .0
1608900119970821    .0
1608900119970822    .0
1608900119970823    .0
1608900119970824    .0
1608900119970825    .4
1608900119970826    .0
1608900119970827  22.4
1608900119970828   8.2
1608900119970829   1.0
1608900119970830    .0
1608900119970831  19.0
1608900119970901   8.4
1608900119970902    .2
1608900119970903    .0
1608900119970904    .0
1608900119970905    .0
1608900119970906    .0
1608900119970907    .0
1608900119970908    .0
1608900119970909    .0
1608900119970910    .0
1608900119970911    .0
1608900119970912    .6
1608900119970913    .0
1608900119970914    .0
1608900119970915    .0
1608900119970916    .0
1608900119970917    .0
1608900119970918    .0
1608900119970919    .0
1608900119970920    .0
1608900119970921    .2
1608900119970922    .0
1608900119970923    .0
1608900119970924    .0
1608900119970925    .0
1608900119970926    .0
1608900119970927    .0
1608900119970928    .0
1608900119970929    .0
1608900119970930    .0
1608900119971001    .0
1608900119971002    .0
1608900119971003    .0
1608900119971004    .0
1608900119971005    .0
1608900119971006  14.6
1608900119971007   1.4
1608900119971008   1.0
1608900119971009   1.8
1608900119971010   7.0
1608900119971011   3.6
1608900119971012   1.0
1608900119971013    .0
1608900119971014    .0
1608900119971015   3.6
1608900119971016    .2
1608900119971017    .0
1608900119971018    .0
1608900119971019   1.0
1608900119971020   1.2
1608900119971021    .0
1608900119971022    .0
1608900119971023    .2
1608900119971024    .0
1608900119971025    .0
1608900119971026    .0
1608900119971027    .0
1608900119971028    .0
1608900119971029    .0
1608900119971030    .0
1608900119971031    .0
1608900119971101    .0
1608900119971102    .0
1608900119971103    .4
1608900119971104   4.8
1608900119971105  10.2
1608900119971106  21.6
1608900119971107   8.4
1608900119971108  11.6
1608900119971109  34.2
1608900119971110  19.8
1608900119971111  10.6
1608900119971112   2.0
1608900119971113    .0
1608900119971114    .0
1608900119971115    .2
1608900119971116    .0
1608900119971117    .0
1608900119971118   3.0
1608900119971119   4.4
1608900119971120   7.6
1608900119971121   6.6
1608900119971122    .4
1608900119971123    .0
1608900119971124    .6
1608900119971125    .4
1608900119971126   1.6
1608900119971127   3.8
1608900119971128   8.8
1608900119971129   1.2
1608900119971130    .4
1608900119971201   8.6
1608900119971202    .6
1608900119971203    .0
1608900119971204    .0
1608900119971205    .0
1608900119971206    .0
1608900119971207    .0
1608900119971208  12.4
1608900119971209    .6
1608900119971210   8.2
1608900119971211   7.2
1608900119971212    .0
1608900119971213    .0
1608900119971214    .0
1608900119971215    .0
1608900119971216  31.6
1608900119971217   9.4
1608900119971218   7.4
1608900119971219    .8
1608900119971220  11.6
1608900119971221    .0
1608900119971222   4.6
1608900119971223    .0
1608900119971224   1.8
1608900119971225   2.0
1608900119971226  12.8
1608900119971227    .0
1608900119971228    .2
1608900119971229    .0
1608900119971230   2.6
1608900119971231   6.2
1608900119980101    .2
1608900119980102   9.2
1608900119980103   5.0
1608900119980104   1.6
1608900119980105  19.4
1608900119980106   1.0
1608900119980107    .4
1608900119980108    .0
1608900119980109    .0
1608900119980110    .0
1608900119980111    .0
1608900119980112    .0
1608900119980113   6.4
1608900119980114   2.6
1608900119980115  18.6
1608900119980116   2.4
1608900119980117    .0
1608900119980118  34.6
1608900119980119   7.6
1608900119980120    .0
1608900119980121    .0
1608900119980122    .0
1608900119980123    .0
1608900119980124    .0
1608900119980125    .0
1608900119980126    .0
1608900119980127    .0
1608900119980128    .0
1608900119980129    .0
1608900119980130    .0
1608900119980131    .0
1608900119980201    .0
1608900119980202    .0
1608900119980203    .0
1608900119980204    .0
1608900119980205    .0
1608900119980206    .0
1608900119980207    .2
1608900119980208    .0
1608900119980209    .0
1608900119980210    .0
1608900119980211    .0
1608900119980212    .0
1608900119980213    .0
1608900119980214    .0
1608900119980215    .0
1608900119980216    .0
1608900119980217    .0
1608900119980218    .0
1608900119980219    .0
1608900119980220    .0
1608900119980221  10.4
1608900119980222   2.8
1608900119980223    .0
1608900119980224    .2
1608900119980225    .0
1608900119980226    .0
1608900119980227   1.0
1608900119980228    .6
1608900119980301    .6
1608900119980302    .0
1608900119980303    .0
1608900119980304   8.0
1608900119980305    .0
1608900119980306    .0
1608900119980307   2.0
1608900119980308   8.6
1608900119980309    .6
1608900119980310   3.2
1608900119980311   1.0
1608900119980312    .0
1608900119980313    .0
1608900119980314    .0
1608900119980315    .0
1608900119980316    .0
1608900119980317    .0
1608900119980318    .0
1608900119980319    .0
1608900119980320    .0
1608900119980321    .0
1608900119980322    .0
1608900119980323    .0
1608900119980324    .0
1608900119980325    .0
1608900119980326    .0
1608900119980327    .0
1608900119980328    .0
1608900119980329   9.2
1608900119980330   6.0
1608900119980331    .0
1608900119980401   4.6
1608900119980402   4.0
1608900119980403  18.2
1608900119980404   7.2
1608900119980405   5.4
1608900119980406  25.0
1608900119980407   2.2
1608900119980408  13.0
1608900119980409  14.8
1608900119980410  10.2
1608900119980411   9.2
1608900119980412   2.6
1608900119980413    .2
1608900119980414   5.0
1608900119980415   5.0
1608900119980416  20.0
1608900119980417   2.6
1608900119980418   3.2
1608900119980419   1.4
1608900119980420    .2
1608900119980421    .0
1608900119980422    .2
1608900119980423    .0
1608900119980424    .4
1608900119980425  16.6
1608900119980426   2.6
1608900119980427   8.8
1608900119980428  12.4
1608900119980429   4.0
1608900119980430   2.2
1608900119980501    .0
1608900119980502    .0
1608900119980503    .0
1608900119980504    .0
1608900119980505    .0
1608900119980506    .0
1608900119980507    .0
1608900119980508    .0
1608900119980509    .0
1608900119980510    .0
1608900119980511    .0
1608900119980512    .0
1608900119980513    .0
1608900119980514    .0
1608900119980515    .0
1608900119980516    .0
1608900119980517    .0
1608900119980518    .0
1608900119980519    .0
1608900119980520    .0
1608900119980521    .0
1608900119980522    .0
1608900119980523    .0
1608900119980524    .0
1608900119980525    .0
1608900119980526   5.8
1608900119980527   4.2
1608900119980528    .2
1608900119980529    .4
1608900119980530   3.0
1608900119980531   2.6
1608900119980601   7.2
1608900119980602   2.8
1608900119980603    .0
1608900119980604  35.2
1608900119980605    .2
1608900119980606    .6
1608900119980607    .0
1608900119980608    .0
1608900119980609   1.8
1608900119980610   2.8
1608900119980611   4.8
1608900119980612    .0
1608900119980613   8.0
1608900119980614   7.4
1608900119980615    .8
1608900119980616    .0
1608900119980617    .0
1608900119980618    .0
1608900119980619    .0
1608900119980620    .0
1608900119980621    .8
1608900119980622    .0
1608900119980623    .0
1608900119980624    .0
1608900119980625    .0
1608900119980626    .0
1608900119980627    .0
1608900119980628    .0
1608900119980629    .0
1608900119980630    .0
1608900119980701   2.2
1608900119980702   2.2
1608900119980703    .0
1608900119980704    .2
1608900119980705    .0
1608900119980706    .0
1608900119980707    .0
1608900119980708    .2
1608900119980709    .0
1608900119980710   1.0
1608900119980711    .2
1608900119980712    .0
1608900119980713   6.8
1608900119980714    .2
1608900119980715    .0
1608900119980716    .4
1608900119980717    .0
1608900119980718    .0
1608900119980719    .0
1608900119980720  11.4
1608900119980721    .0
1608900119980722    .0
1608900119980723   1.6
1608900119980724    .0
1608900119980725    .0
1608900119980726    .0
1608900119980727    .4
1608900119980728   1.6
1608900119980729    .2
1608900119980730   5.6
1608900119980731    .0
1608900119980801    .2
1608900119980802    .0
1608900119980803    .2
1608900119980804    .2
1608900119980805    .0
1608900119980806    .0
1608900119980807    .0
1608900119980808    .0
1608900119980809    .0
1608900119980810    .0
1608900119980811    .0
1608900119980812    .0
1608900119980813    .0
1608900119980814    .0
1608900119980815    .0
1608900119980816    .0
1608900119980817    .0
1608900119980818    .0
1608900119980819    .0
1608900119980820    .0
1608900119980821   2.8
1608900119980822   1.6
1608900119980823    .0
1608900119980824    .4
1608900119980825    .0
1608900119980826    .0
1608900119980827    .0
1608900119980828    .0
1608900119980829    .0
1608900119980830    .0
1608900119980831    .0
1608900119980901  12.2
1608900119980902    .2
1608900119980903    .0
1608900119980904  16.2
1608900119980905   2.2
1608900119980906    .8
1608900119980907   7.2
1608900119980908    .2
1608900119980909    .0
1608900119980910   3.8
1608900119980911   9.4
1608900119980912   7.0
1608900119980913   1.0
1608900119980914    .8
1608900119980915   5.0
1608900119980916    .6
1608900119980917    .2
1608900119980918    .0
1608900119980919    .0
1608900119980920    .0
1608900119980921    .0
1608900119980922   5.0
1608900119980923    .4
1608900119980924    .8
1608900119980925   3.8
1608900119980926   8.6
1608900119980927   6.0
1608900119980928    .2
1608900119980929   3.8
1608900119980930   2.8
1608900119981001  12.0
1608900119981002   1.8
1608900119981003    .4
1608900119981004   9.2
1608900119981005    .0
1608900119981006    .0
1608900119981007    .0
1608900119981008   7.8
1608900119981009    .0
1608900119981010   8.0
1608900119981011   5.0
1608900119981012    .0
1608900119981013    .0
1608900119981014    .4
1608900119981015    .2
1608900119981016    .0
1608900119981017   3.8
1608900119981018    .2
1608900119981019    .0
1608900119981020    .0
1608900119981021    .0
1608900119981022    .0
1608900119981023   6.4
1608900119981024  10.2
1608900119981025   1.6
1608900119981026   1.0
1608900119981027   2.0
1608900119981028   4.8
1608900119981029   3.2
1608900119981030    .2
1608900119981031  10.6
1608900119981101   1.2
1608900119981102   6.0
1608900119981103   8.8
1608900119981104   1.2
1608900119981105    .0
1608900119981106    .0
1608900119981107    .0
1608900119981108    .0
1608900119981109   7.6
1608900119981110    .0
1608900119981111   3.0
1608900119981112   1.0
1608900119981113   4.2
1608900119981114   1.6
1608900119981115    .0
1608900119981116    .0
1608900119981117    .0
1608900119981118    .0
1608900119981119    .0
1608900119981120    .0
1608900119981121    .0
1608900119981122    .0
1608900119981123    .0
1608900119981124   3.4
1608900119981125    .0
1608900119981126    .0
1608900119981127   6.4
1608900119981128   2.2
1608900119981129    .0
1608900119981130    .4
1608900119981201    .0
1608900119981202    .0
1608900119981203    .0
1608900119981204    .0
1608900119981205    .0
1608900119981206    .0
1608900119981207    .0
1608900119981208    .0
1608900119981209   4.4
1608900119981210   6.6
1608900119981211   2.6
1608900119981212   1.0
1608900119981213    .2
1608900119981214    .0
1608900119981215    .0
1608900119981216    .0
1608900119981217    .0
1608900119981218   1.0
1608900119981219  10.2
1608900119981220   3.6
1608900119981221    .0
1608900119981222    .0
1608900119981223   3.2
1608900119981224    .0
1608900119981225    .0
1608900119981226    .0
1608900119981227    .0
1608900119981228   2.2
1608900119981229    .2
1608900119981230   6.6
1608900119981231    .0
