1730000119940101  19.2
1730000119940102   6.4
1730000119940103   4.2
1730000119940104  13.0
1730000119940105  24.0
1730000119940106   9.0
1730000119940107    .2
1730000119940108   5.6
1730000119940109   4.4
1730000119940110   3.2
1730000119940111   3.4
1730000119940112   6.4
1730000119940113   2.0
1730000119940114    .4
1730000119940115  15.8
1730000119940116    .2
1730000119940117    .0
1730000119940118    .0
1730000119940119    .0
1730000119940120    .0
1730000119940121   1.0
1730000119940122    .0
1730000119940123   1.4
1730000119940124    .8
1730000119940125   4.4
1730000119940126    .0
1730000119940127   2.2
1730000119940128    .0
1730000119940129    .0
1730000119940130    .0
1730000119940131    .2
1730000119940201   3.2
1730000119940202  16.2
1730000119940203   7.8
1730000119940204   1.0
1730000119940205    .0
1730000119940206   3.6
1730000119940207    .4
1730000119940208   4.8
1730000119940209  16.6
1730000119940210   3.2
1730000119940211  11.0
1730000119940212    .0
1730000119940213    .0
1730000119940214   2.0
1730000119940215   1.4
1730000119940216    .0
1730000119940217   5.8
1730000119940218    .0
1730000119940219   4.2
1730000119940220    .4
1730000119940221   1.2
1730000119940222  13.4
1730000119940223   4.0
1730000119940224    .4
1730000119940225    .0
1730000119940226   1.6
1730000119940227   6.8
1730000119940228    .0
1730000119940301    .2
1730000119940302  12.2
1730000119940303    .2
1730000119940304    .0
1730000119940305    .0
1730000119940306    .0
1730000119940307    .0
1730000119940308    .0
1730000119940309    .0
1730000119940310    .0
1730000119940311    .0
1730000119940312   1.0
1730000119940313    .2
1730000119940314    .0
1730000119940315   2.0
1730000119940316    .0
1730000119940317    .2
1730000119940318    .0
1730000119940319    .2
1730000119940320   4.4
1730000119940321   1.8
1730000119940322    .0
1730000119940323    .0
1730000119940324    .2
1730000119940325    .4
1730000119940326    .0
1730000119940327    .0
1730000119940328    .2
1730000119940329    .0
1730000119940330  12.2
1730000119940331   2.8
1730000119940401   6.6
1730000119940402   5.8
1730000119940403  13.0
1730000119940404   6.8
1730000119940405   5.4
1730000119940406  16.4
1730000119940407    .4
1730000119940408  11.2
1730000119940409   2.8
1730000119940410   1.4
1730000119940411    .0
1730000119940412    .8
1730000119940413   4.0
1730000119940414    .0
1730000119940415    .0
1730000119940416    .8
1730000119940417    .0
1730000119940418    .0
1730000119940419    .0
1730000119940420    .0
1730000119940421    .0
1730000119940422    .0
1730000119940423   1.0
1730000119940424    .2
1730000119940425   1.0
1730000119940426   1.8
1730000119940427    .0
1730000119940428    .0
1730000119940429    .0
1730000119940430    .0
1730000119940501    .0
1730000119940502    .0
1730000119940503    .6
1730000119940504   3.6
1730000119940505    .2
1730000119940506    .0
1730000119940507   5.2
1730000119940508    .0
1730000119940509    .0
1730000119940510    .0
1730000119940511    .2
1730000119940512    .0
1730000119940513   2.2
1730000119940514    .0
1730000119940515   2.8
1730000119940516   6.6
1730000119940517    .0
1730000119940518    .4
1730000119940519  10.4
1730000119940520   4.4
1730000119940521    .0
1730000119940522    .6
1730000119940523    .6
1730000119940524    .0
1730000119940525   3.0
1730000119940526   2.0
1730000119940527    .0
1730000119940528    .0
1730000119940529    .4
1730000119940530    .2
1730000119940531    .0
1730000119940601  28.6
1730000119940602    .0
1730000119940603   3.2
1730000119940604   1.4
1730000119940605    .0
1730000119940606    .0
1730000119940607    .0
1730000119940608    .0
1730000119940609    .0
1730000119940610    .0
1730000119940611    .0
1730000119940612    .0
1730000119940613    .0
1730000119940614    .0
1730000119940615    .0
1730000119940616    .0
1730000119940617    .0
1730000119940618    .0
1730000119940619    .0
1730000119940620    .0
1730000119940621    .0
1730000119940622    .0
1730000119940623    .0
1730000119940624   7.4
1730000119940625   1.0
1730000119940626    .0
1730000119940627    .0
1730000119940628    .0
1730000119940629    .0
1730000119940630    .0
1730000119940701    .0
1730000119940702    .0
1730000119940703    .0
1730000119940704    .0
1730000119940705    .0
1730000119940706    .0
1730000119940707    .4
1730000119940708    .2
1730000119940709    .0
1730000119940710    .0
1730000119940711    .0
1730000119940712    .0
1730000119940713    .0
1730000119940714    .0
1730000119940715    .0
1730000119940716   4.8
1730000119940717    .0
1730000119940718    .0
1730000119940719    .0
1730000119940720    .0
1730000119940721    .0
1730000119940722    .0
1730000119940723    .0
1730000119940724    .4
1730000119940725    .0
1730000119940726    .0
1730000119940727  18.6
1730000119940728    .0
1730000119940729    .0
1730000119940730   5.8
1730000119940731    .4
1730000119940801    .0
1730000119940802    .0
1730000119940803   2.2
1730000119940804   1.4
1730000119940805    .0
1730000119940806    .0
1730000119940807    .0
1730000119940808    .0
1730000119940809  18.4
1730000119940810  49.0
1730000119940811    .2
1730000119940812    .0
1730000119940813    .0
1730000119940814    .0
1730000119940815    .0
1730000119940816    .0
1730000119940817   2.6
1730000119940818    .0
1730000119940819    .0
1730000119940820    .0
1730000119940821    .0
1730000119940822    .0
1730000119940823    .2
1730000119940824  12.0
1730000119940825   1.8
1730000119940826   1.2
1730000119940827    .0
1730000119940828    .2
1730000119940829    .0
1730000119940830    .0
1730000119940831   1.4
1730000119940901   2.2
1730000119940902    .0
1730000119940903    .0
1730000119940904    .0
1730000119940905   3.4
1730000119940906   2.6
1730000119940907   3.6
1730000119940908   5.8
1730000119940909   4.0
1730000119940910    .4
1730000119940911  10.8
1730000119940912    .2
1730000119940913   7.4
1730000119940914  32.8
1730000119940915  17.6
1730000119940916   1.4
1730000119940917    .0
1730000119940918    .0
1730000119940919  12.6
1730000119940920    .0
1730000119940921    .0
1730000119940922   6.6
1730000119940923   9.0
1730000119940924  18.2
1730000119940925  14.4
1730000119940926   4.0
1730000119940927   1.8
1730000119940928    .0
1730000119940929    .0
1730000119940930    .0
1730000119941001    .2
1730000119941002   5.6
1730000119941003    .2
1730000119941004    .0
1730000119941005    .0
1730000119941006    .0
1730000119941007    .0
1730000119941008    .0
1730000119941009    .0
1730000119941010    .0
1730000119941011    .0
1730000119941012    .0
1730000119941013    .0
1730000119941014    .0
1730000119941015    .0
1730000119941016    .0
1730000119941017    .0
1730000119941018  14.4
1730000119941019  24.8
1730000119941020   2.6
1730000119941021  15.2
1730000119941022  17.4
1730000119941023   4.4
1730000119941024   5.2
1730000119941025  11.2
1730000119941026   5.6
1730000119941027   2.0
1730000119941028   2.4
1730000119941029  11.8
1730000119941030    .0
1730000119941031    .0
1730000119941101   2.6
1730000119941102    .4
1730000119941103  21.8
1730000119941104   8.4
1730000119941105   6.0
1730000119941106    .0
1730000119941107   4.2
1730000119941108   3.6
1730000119941109   9.6
1730000119941110   2.4
1730000119941111   8.0
1730000119941112   9.8
1730000119941113    .0
1730000119941114    .0
1730000119941115   1.6
1730000119941116  12.0
1730000119941117    .4
1730000119941118   1.2
1730000119941119    .0
1730000119941120    .0
1730000119941121    .0
1730000119941122    .0
1730000119941123    .0
1730000119941124    .0
1730000119941125    .0
1730000119941126    .0
1730000119941127    .0
1730000119941128    .0
1730000119941129    .0
1730000119941130    .0
1730000119941201    .0
1730000119941202    .0
1730000119941203    .0
1730000119941204   8.2
1730000119941205   5.0
1730000119941206    .4
1730000119941207   1.8
1730000119941208  15.6
1730000119941209  16.6
1730000119941210   1.2
1730000119941211    .8
1730000119941212    .0
1730000119941213    .0
1730000119941214    .0
1730000119941215    .0
1730000119941216    .2
1730000119941217    .0
1730000119941218  10.4
1730000119941219   5.8
1730000119941220   2.4
1730000119941221   5.8
1730000119941222    .0
1730000119941223    .0
1730000119941224    .0
1730000119941225    .0
1730000119941226   2.2
1730000119941227   4.2
1730000119941228    .2
1730000119941229  11.0
1730000119941230   8.4
1730000119941231   3.8
1730000119950101    .0
1730000119950102    .0
1730000119950103    .0
1730000119950104    .0
1730000119950105   1.4
1730000119950106    .0
1730000119950107    .0
1730000119950108   2.8
1730000119950109    .4
1730000119950110    .4
1730000119950111   4.4
1730000119950112    .0
1730000119950113    .0
1730000119950114    .0
1730000119950115    .0
1730000119950116    .0
1730000119950117  12.0
1730000119950118   4.8
1730000119950119   4.0
1730000119950120   6.6
1730000119950121  18.4
1730000119950122   8.8
1730000119950123   3.2
1730000119950124   6.4
1730000119950125    .0
1730000119950126   2.2
1730000119950127   3.4
1730000119950128   1.8
1730000119950129   7.6
1730000119950130    .6
1730000119950131    .0
1730000119950201   8.6
1730000119950202    .0
1730000119950203    .0
1730000119950204   3.2
1730000119950205    .4
1730000119950206    .2
1730000119950207    .4
1730000119950208   9.0
1730000119950209   4.8
1730000119950210   2.2
1730000119950211   7.8
1730000119950212   2.4
1730000119950213   5.6
1730000119950214  11.2
1730000119950215   4.6
1730000119950216   4.0
1730000119950217   8.0
1730000119950218    .4
1730000119950219    .8
1730000119950220    .0
1730000119950221   1.8
1730000119950222   6.8
1730000119950223   4.6
1730000119950224   4.6
1730000119950225   9.2
1730000119950226    .4
1730000119950227    .0
1730000119950228    .0
1730000119950301   1.4
1730000119950302  13.6
1730000119950303   6.4
1730000119950304   5.0
1730000119950305   1.8
1730000119950306   1.6
1730000119950307  19.6
1730000119950308   2.0
1730000119950309    .0
1730000119950310    .0
1730000119950311    .0
1730000119950312    .0
1730000119950313    .0
1730000119950314    .8
1730000119950315   2.2
1730000119950316   1.2
1730000119950317   4.4
1730000119950318   1.0
1730000119950319   7.4
1730000119950320    .0
1730000119950321    .0
1730000119950322    .0
1730000119950323    .0
1730000119950324    .0
1730000119950325    .0
1730000119950326    .0
1730000119950327    .2
1730000119950328   1.6
1730000119950329    .4
1730000119950330    .0
1730000119950331    .0
1730000119950401    .0
1730000119950402    .0
1730000119950403    .0
1730000119950404    .0
1730000119950405    .0
1730000119950406    .0
1730000119950407    .0
1730000119950408    .0
1730000119950409    .0
1730000119950410    .0
1730000119950411    .0
1730000119950412    .0
1730000119950413    .0
1730000119950414    .0
1730000119950415    .0
1730000119950416    .0
1730000119950417    .2
1730000119950418   2.4
1730000119950419    .4
1730000119950420    .2
1730000119950421   5.6
1730000119950422   1.2
1730000119950423    .6
1730000119950424   1.8
1730000119950425   3.2
1730000119950426   3.0
1730000119950427    .2
1730000119950428    .0
1730000119950429   3.0
1730000119950430    .0
1730000119950501    .0
1730000119950502    .0
1730000119950503    .0
1730000119950504    .0
1730000119950505    .0
1730000119950506    .0
1730000119950507    .0
1730000119950508    .0
1730000119950509    .0
1730000119950510    .8
1730000119950511    .8
1730000119950512    .4
1730000119950513    .0
1730000119950514    .0
1730000119950515   2.8
1730000119950516   7.0
1730000119950517   6.2
1730000119950518    .2
1730000119950519    .0
1730000119950520    .0
1730000119950521    .0
1730000119950522    .0
1730000119950523    .4
1730000119950524    .4
1730000119950525    .0
1730000119950526    .0
1730000119950527    .0
1730000119950528    .2
1730000119950529   2.4
1730000119950530   2.6
1730000119950531    .0
1730000119950601    .8
1730000119950602    .0
1730000119950603    .0
1730000119950604    .0
1730000119950605    .0
1730000119950606    .0
1730000119950607    .0
1730000119950608    .2
1730000119950609    .0
1730000119950610    .0
1730000119950611    .0
1730000119950612    .0
1730000119950613    .0
1730000119950614    .0
1730000119950615    .0
1730000119950616    .0
1730000119950617   3.4
1730000119950618    .4
1730000119950619    .8
1730000119950620    .4
1730000119950621    .0
1730000119950622    .0
1730000119950623    .0
1730000119950624    .0
1730000119950625    .0
1730000119950626    .0
1730000119950627    .0
1730000119950628    .0
1730000119950629    .0
1730000119950630   8.6
1730000119950701    .2
1730000119950702   2.4
1730000119950703   5.2
1730000119950704    .0
1730000119950705    .0
1730000119950706    .0
1730000119950707    .0
1730000119950708    .0
1730000119950709    .0
1730000119950710   2.8
1730000119950711    .0
1730000119950712    .0
1730000119950713   3.0
1730000119950714   6.2
1730000119950715   5.6
1730000119950716    .0
1730000119950717    .0
1730000119950718    .0
1730000119950719    .0
1730000119950720    .0
1730000119950721    .0
1730000119950722    .0
1730000119950723    .0
1730000119950724    .0
1730000119950725    .6
1730000119950726    .6
1730000119950727    .2
1730000119950728    .0
1730000119950729    .0
1730000119950730    .0
1730000119950731  11.2
1730000119950801    .0
1730000119950802    .0
1730000119950803    .0
1730000119950804    .0
1730000119950805   7.4
1730000119950806   2.0
1730000119950807  18.4
1730000119950808    .0
1730000119950809    .0
1730000119950810    .0
1730000119950811    .0
1730000119950812    .0
1730000119950813    .0
1730000119950814    .0
1730000119950815    .0
1730000119950816    .0
1730000119950817    .0
1730000119950818    .0
1730000119950819    .0
1730000119950820    .0
1730000119950821    .0
1730000119950822    .0
1730000119950823    .0
1730000119950824    .0
1730000119950825   1.8
1730000119950826    .0
1730000119950827    .0
1730000119950828    .0
1730000119950829    .0
1730000119950830    .0
1730000119950831    .0
1730000119950901    .0
1730000119950902    .0
1730000119950903    .2
1730000119950904    .8
1730000119950905    .0
1730000119950906   6.2
1730000119950907  12.2
1730000119950908   3.4
1730000119950909    .2
1730000119950910   4.2
1730000119950911    .4
1730000119950912    .4
1730000119950913    .4
1730000119950914  10.4
1730000119950915   4.6
1730000119950916    .0
1730000119950917   7.4
1730000119950918   1.6
1730000119950919  11.6
1730000119950920    .0
1730000119950921    .0
1730000119950922    .0
1730000119950923    .0
1730000119950924   6.2
1730000119950925    .0
1730000119950926    .0
1730000119950927   2.8
1730000119950928    .0
1730000119950929    .2
1730000119950930   1.6
1730000119951001    .2
1730000119951002   1.6
1730000119951003   1.2
1730000119951004   6.4
1730000119951005    .0
1730000119951006    .0
1730000119951007    .0
1730000119951008    .0
1730000119951009    .0
1730000119951010    .0
1730000119951011    .0
1730000119951012    .0
1730000119951013    .0
1730000119951014   1.2
1730000119951015    .0
1730000119951016    .0
1730000119951017    .0
1730000119951018    .0
1730000119951019    .0
1730000119951020    .0
1730000119951021    .0
1730000119951022    .0
1730000119951023    .0
1730000119951024   3.6
1730000119951025    .0
1730000119951026    .0
1730000119951027    .4
1730000119951028   5.6
1730000119951029   5.8
1730000119951030    .0
1730000119951031    .0
1730000119951101    .0
1730000119951102    .0
1730000119951103    .0
1730000119951104    .0
1730000119951105    .0
1730000119951106    .0
1730000119951107    .0
1730000119951108    .0
1730000119951109    .0
1730000119951110    .6
1730000119951111  10.6
1730000119951112    .0
1730000119951113    .0
1730000119951114   4.4
1730000119951115   3.6
1730000119951116  16.4
1730000119951117    .0
1730000119951118    .0
1730000119951119    .0
1730000119951120    .0
1730000119951121   5.6
1730000119951122    .0
1730000119951123    .0
1730000119951124    .0
1730000119951125  20.4
1730000119951126   2.4
1730000119951127  10.6
1730000119951128   3.4
1730000119951129    .0
1730000119951130   1.4
1730000119951201   2.6
1730000119951202   5.6
1730000119951203   2.8
1730000119951204   3.2
1730000119951205    .0
1730000119951206    .2
1730000119951207    .0
1730000119951208    .0
1730000119951209    .0
1730000119951210    .0
1730000119951211    .0
1730000119951212    .0
1730000119951213    .0
1730000119951214    .8
1730000119951215   4.8
1730000119951216  12.8
1730000119951217   1.6
1730000119951218    .2
1730000119951219    .0
1730000119951220    .0
1730000119951221   2.0
1730000119951222   5.4
1730000119951223   5.6
1730000119951224   1.8
1730000119951225  13.6
1730000119951226   3.0
1730000119951227    .0
1730000119951228    .2
1730000119951229   3.2
1730000119951230   9.8
1730000119951231   1.4
1730000119960101   5.8
1730000119960102    .0
1730000119960103    .0
1730000119960104   1.6
1730000119960105   4.2
1730000119960106   9.4
1730000119960107   2.8
1730000119960108   4.2
1730000119960109   2.6
1730000119960110    .2
1730000119960111  11.4
1730000119960112   2.0
1730000119960113    .0
1730000119960114    .2
1730000119960115    .0
1730000119960116    .0
1730000119960117    .0
1730000119960118    .0
1730000119960119    .0
1730000119960120    .4
1730000119960121    .0
1730000119960122   6.0
1730000119960123  14.8
1730000119960124    .0
1730000119960125    .0
1730000119960126    .0
1730000119960127    .0
1730000119960128    .0
1730000119960129    .0
1730000119960130    .0
1730000119960131    .0
1730000119960201    .0
1730000119960202    .0
1730000119960203    .0
1730000119960204    .0
1730000119960205  16.5
1730000119960206   1.2
1730000119960207  12.8
1730000119960208    .0
1730000119960209   6.2
1730000119960210   7.0
1730000119960211   6.4
1730000119960212   4.0
1730000119960213    .0
1730000119960214    .0
1730000119960215    .0
1730000119960216    .0
1730000119960217    .0
1730000119960218   2.4
1730000119960219    .6
1730000119960220    .2
1730000119960221    .0
1730000119960222   5.6
1730000119960223    .2
1730000119960224   3.0
1730000119960225   8.6
1730000119960226    .0
1730000119960227    .0
1730000119960228    .0
1730000119960229    .0
1730000119960301    .0
1730000119960302    .0
1730000119960303    .0
1730000119960304    .0
1730000119960305    .0
1730000119960306    .0
1730000119960307    .0
1730000119960308    .2
1730000119960309    .0
1730000119960310    .0
1730000119960311    .0
1730000119960312    .0
1730000119960313    .2
1730000119960314    .0
1730000119960315    .0
1730000119960316    .0
1730000119960317   2.4
1730000119960318   1.4
1730000119960319   1.0
1730000119960320    .0
1730000119960321    .6
1730000119960322    .0
1730000119960323    .0
1730000119960324   1.6
1730000119960325    .2
1730000119960326   6.4
1730000119960327   2.2
1730000119960328    .0
1730000119960329    .0
1730000119960330    .0
1730000119960331    .4
1730000119960401   7.2
1730000119960402    .0
1730000119960403    .0
1730000119960404    .0
1730000119960405    .0
1730000119960406    .0
1730000119960407    .0
1730000119960408    .0
1730000119960409    .0
1730000119960410   2.6
1730000119960411    .0
1730000119960412    .0
1730000119960413    .0
1730000119960414    .0
1730000119960415    .0
1730000119960416   3.8
1730000119960417    .0
1730000119960418    .0
1730000119960419    .0
1730000119960420    .0
1730000119960421   8.8
1730000119960422  11.6
1730000119960423    .6
1730000119960424    .0
1730000119960425    .0
1730000119960426    .0
1730000119960427    .0
1730000119960428    .0
1730000119960429    .2
1730000119960430    .8
1730000119960501   9.2
1730000119960502  14.4
1730000119960503    .0
1730000119960504    .0
1730000119960505    .0
1730000119960506   4.8
1730000119960507   1.2
1730000119960508    .8
1730000119960509    .0
1730000119960510    .0
1730000119960511    .0
1730000119960512    .0
1730000119960513    .0
1730000119960514    .0
1730000119960515   2.8
1730000119960516   3.6
1730000119960517    .0
1730000119960518   2.2
1730000119960519    .0
1730000119960520   1.8
1730000119960521    .2
1730000119960522    .6
1730000119960523    .2
1730000119960524   3.2
1730000119960525  21.2
1730000119960526   1.6
1730000119960527    .0
1730000119960528    .0
1730000119960529    .0
1730000119960530    .0
1730000119960531    .0
1730000119960601    .0
1730000119960602    .0
1730000119960603    .0
1730000119960604    .0
1730000119960605    .0
1730000119960606    .0
1730000119960607   5.2
1730000119960608    .0
1730000119960609    .0
1730000119960610    .0
1730000119960611    .0
1730000119960612    .0
1730000119960613    .0
1730000119960614    .0
1730000119960615    .0
1730000119960616    .0
1730000119960617    .0
1730000119960618    .0
1730000119960619    .0
1730000119960620    .4
1730000119960621   3.0
1730000119960622    .0
1730000119960623    .0
1730000119960624    .0
1730000119960625    .0
1730000119960626    .0
1730000119960627    .0
1730000119960628    .6
1730000119960629    .0
1730000119960630    .6
1730000119960701    .0
1730000119960702    .4
1730000119960703   8.6
1730000119960704   2.0
1730000119960705   5.0
1730000119960706   3.4
1730000119960707  12.8
1730000119960708    .0
1730000119960709    .2
1730000119960710    .0
1730000119960711    .0
1730000119960712    .0
1730000119960713    .0
1730000119960714    .0
1730000119960715    .0
1730000119960716    .0
1730000119960717    .0
1730000119960718    .0
1730000119960719    .0
1730000119960720    .0
1730000119960721    .0
1730000119960722    .0
1730000119960723    .0
1730000119960724    .0
1730000119960725    .0
1730000119960726    .0
1730000119960727    .0
1730000119960728    .0
1730000119960729    .0
1730000119960730    .0
1730000119960731    .0
1730000119960801    .0
1730000119960802    .0
1730000119960803    .0
1730000119960804    .0
1730000119960805   2.8
1730000119960806   8.6
1730000119960807    .0
1730000119960808    .0
1730000119960809    .6
1730000119960810  12.6
1730000119960811    .2
1730000119960812    .0
1730000119960813    .0
1730000119960814    .0
1730000119960815    .0
1730000119960816    .0
1730000119960817    .0
1730000119960818    .0
1730000119960819   1.2
1730000119960820    .0
1730000119960821    .0
1730000119960822    .0
1730000119960823   2.4
1730000119960824   2.4
1730000119960825    .8
1730000119960826    .0
1730000119960827    .0
1730000119960828    .0
1730000119960829    .0
1730000119960830    .0
1730000119960831    .0
1730000119960901    .0
1730000119960902    .0
1730000119960903    .0
1730000119960904    .0
1730000119960905    .0
1730000119960906    .0
1730000119960907    .0
1730000119960908    .0
1730000119960909    .0
1730000119960910    .0
1730000119960911    .0
1730000119960912    .0
1730000119960913    .0
1730000119960914    .0
1730000119960915    .0
1730000119960916    .0
1730000119960917    .0
1730000119960918   7.4
1730000119960919   3.2
1730000119960920    .0
1730000119960921    .8
1730000119960922    .0
1730000119960923    .0
1730000119960924   3.0
1730000119960925  10.4
1730000119960926  10.8
1730000119960927    .6
1730000119960928    .0
1730000119960929    .0
1730000119960930  14.6
1730000119961001  22.2
1730000119961002    .0
1730000119961003    .0
1730000119961004   1.2
1730000119961005    .8
1730000119961006    .0
1730000119961007    .0
1730000119961008    .0
1730000119961009    .0
1730000119961010    .0
1730000119961011    .0
1730000119961012    .2
1730000119961013    .0
1730000119961014    .2
1730000119961015   2.4
1730000119961016  10.8
1730000119961017    .0
1730000119961018    .2
1730000119961019    .2
1730000119961020    .4
1730000119961021   1.2
1730000119961022    .0
1730000119961023    .0
1730000119961024    .4
1730000119961025   2.4
1730000119961026   3.8
1730000119961027    .2
1730000119961028   3.6
1730000119961029    .0
1730000119961030    .0
1730000119961031    .6
1730000119961101    .0
1730000119961102    .0
1730000119961103    .0
1730000119961104  15.0
1730000119961105    .0
1730000119961106   3.4
1730000119961107   2.4
1730000119961108    .2
1730000119961109    .0
1730000119961110  20.0
1730000119961111   9.2
1730000119961112   1.4
1730000119961113   1.2
1730000119961114    .0
1730000119961115    .0
1730000119961116    .4
1730000119961117   3.8
1730000119961118   3.6
1730000119961119  33.2
1730000119961120   2.2
1730000119961121  20.8
1730000119961122    .2
1730000119961123    .2
1730000119961124  21.0
1730000119961125   3.6
1730000119961126   5.8
1730000119961127   6.0
1730000119961128    .4
1730000119961129   1.8
1730000119961130    .4
1730000119961201   1.0
1730000119961202    .0
1730000119961203  14.4
1730000119961204   2.0
1730000119961205  10.2
1730000119961206   6.2
1730000119961207    .2
1730000119961208    .0
1730000119961209    .0
1730000119961210    .2
1730000119961211   3.2
1730000119961212   3.6
1730000119961213    .6
1730000119961214    .0
1730000119961215    .0
1730000119961216    .8
1730000119961217    .2
1730000119961218   2.0
1730000119961219    .6
1730000119961220    .0
1730000119961221   2.2
1730000119961222   2.8
1730000119961223    .8
1730000119961224    .8
1730000119961225   2.4
1730000119961226    .0
1730000119961227    .0
1730000119961228    .0
1730000119961229    .0
1730000119961230    .0
1730000119961231    .0
1730000119970101    .0
1730000119970102    .0
1730000119970103    .2
1730000119970104    .0
1730000119970105    .0
1730000119970106    .0
1730000119970107    .0
1730000119970108   5.4
1730000119970109    .2
1730000119970110    .0
1730000119970111    .0
1730000119970112    .0
1730000119970113    .2
1730000119970114    .0
1730000119970115    .0
1730000119970116   1.6
1730000119970117   4.6
1730000119970118   2.4
1730000119970119    .6
1730000119970120    .0
1730000119970121   9.0
1730000119970122    .2
1730000119970123   5.8
1730000119970124    .0
1730000119970125    .0
1730000119970126    .0
1730000119970127    .0
1730000119970128    .0
1730000119970129    .2
1730000119970130    .0
1730000119970131    .0
1730000119970201    .0
1730000119970202   4.4
1730000119970203    .0
1730000119970204   2.0
1730000119970205    .6
1730000119970206    .2
1730000119970207    .2
1730000119970208    .0
1730000119970209    .2
1730000119970210   7.6
1730000119970211   1.8
1730000119970212   7.8
1730000119970213  12.0
1730000119970214   6.8
1730000119970215    .0
1730000119970216   2.4
1730000119970217   2.2
1730000119970218   4.6
1730000119970219    .4
1730000119970220    .8
1730000119970221    .4
1730000119970222    .0
1730000119970223   6.0
1730000119970224  16.0
1730000119970225   1.8
1730000119970226   1.8
1730000119970227    .0
1730000119970228    .2
1730000119970301    .4
1730000119970302    .2
1730000119970303    .0
1730000119970304    .0
1730000119970305    .0
1730000119970306    .2
1730000119970307    .0
1730000119970308    .0
1730000119970309    .0
1730000119970310    .0
1730000119970311    .0
1730000119970312    .2
1730000119970313    .0
1730000119970314    .4
1730000119970315    .0
1730000119970316    .0
1730000119970317    .2
1730000119970318    .2
1730000119970319    .2
1730000119970320    .0
1730000119970321    .0
1730000119970322    .0
1730000119970323    .6
1730000119970324   5.0
1730000119970325    .0
1730000119970326    .0
1730000119970327    .2
1730000119970328    .0
1730000119970329    .0
1730000119970330    .0
1730000119970331    .0
1730000119970401    .0
1730000119970402    .0
1730000119970403    .0
1730000119970404    .0
1730000119970405    .2
1730000119970406    .0
1730000119970407    .0
1730000119970408    .0
1730000119970409    .0
1730000119970410    .0
1730000119970411    .0
1730000119970412    .0
1730000119970413    .0
1730000119970414    .0
1730000119970415    .0
1730000119970416    .0
1730000119970417    .0
1730000119970418    .0
1730000119970419    .0
1730000119970420    .0
1730000119970421    .0
1730000119970422    .0
1730000119970423    .0
1730000119970424    .0
1730000119970425    .0
1730000119970426  14.2
1730000119970427   3.6
1730000119970428   1.6
1730000119970429    .0
1730000119970430    .0
1730000119970501    .0
1730000119970502    .0
1730000119970503    .0
1730000119970504  14.8
1730000119970505  12.2
1730000119970506   7.6
1730000119970507   1.0
1730000119970508  15.8
1730000119970509   1.6
1730000119970510   4.2
1730000119970511   2.2
1730000119970512    .0
1730000119970513   4.6
1730000119970514    .2
1730000119970515    .4
1730000119970516   1.8
1730000119970517   3.8
1730000119970518  11.6
1730000119970519   6.8
1730000119970520   1.6
1730000119970521    .0
1730000119970522    .6
1730000119970523   2.0
1730000119970524   1.6
1730000119970525    .0
1730000119970526    .0
1730000119970527    .0
1730000119970528    .0
1730000119970529    .0
1730000119970530    .0
1730000119970531    .0
1730000119970601    .0
1730000119970602    .0
1730000119970603    .0
1730000119970604    .4
1730000119970605    .2
1730000119970606  26.4
1730000119970607    .2
1730000119970608    .4
1730000119970609    .0
1730000119970610   1.4
1730000119970611    .0
1730000119970612    .0
1730000119970613   1.2
1730000119970614    .0
1730000119970615    .0
1730000119970616   1.4
1730000119970617    .2
1730000119970618    .0
1730000119970619   1.6
1730000119970620   5.8
1730000119970621   3.8
1730000119970622   1.6
1730000119970623    .0
1730000119970624    .0
1730000119970625   9.4
1730000119970626   4.6
1730000119970627   4.6
1730000119970628  11.6
1730000119970629  22.2
1730000119970630   3.4
1730000119970701   2.4
1730000119970702   3.2
1730000119970703   5.0
1730000119970704    .2
1730000119970705    .2
1730000119970706    .0
1730000119970707    .0
1730000119970708    .0
1730000119970709    .0
1730000119970710    .0
1730000119970711    .0
1730000119970712    .0
1730000119970713    .0
1730000119970714    .0
1730000119970715    .0
1730000119970716    .0
1730000119970717    .0
1730000119970718    .0
1730000119970719    .0
1730000119970720    .0
1730000119970721    .0
1730000119970722    .0
1730000119970723    .0
1730000119970724    .4
1730000119970725    .2
1730000119970726    .0
1730000119970727    .0
1730000119970728    .0
1730000119970729    .2
1730000119970730    .0
1730000119970731    .0
1730000119970801    .0
1730000119970802    .0
1730000119970803    .0
1730000119970804  14.0
1730000119970805   3.0
1730000119970806   3.8
1730000119970807    .0
1730000119970808    .0
1730000119970809    .0
1730000119970810  10.8
1730000119970811    .0
1730000119970812    .0
1730000119970813    .0
1730000119970814    .0
1730000119970815   2.6
1730000119970816    .2
1730000119970817    .0
1730000119970818    .0
1730000119970819    .0
1730000119970820    .0
1730000119970821    .0
1730000119970822    .0
1730000119970823    .0
1730000119970824   8.6
1730000119970825   1.8
1730000119970826    .8
1730000119970827   2.0
1730000119970828   5.2
1730000119970829   9.0
1730000119970830    .0
1730000119970831   3.2
1730000119970901    .4
1730000119970902    .0
1730000119970903    .2
1730000119970904    .2
1730000119970905    .0
1730000119970906    .0
1730000119970907    .0
1730000119970908    .0
1730000119970909    .0
1730000119970910    .0
1730000119970911    .0
1730000119970912   5.0
1730000119970913    .0
1730000119970914    .0
1730000119970915    .0
1730000119970916    .0
1730000119970917    .0
1730000119970918    .0
1730000119970919    .0
1730000119970920    .0
1730000119970921    .0
1730000119970922    .0
1730000119970923    .0
1730000119970924    .0
1730000119970925    .0
1730000119970926    .0
1730000119970927    .0
1730000119970928    .0
1730000119970929    .0
1730000119970930    .0
1730000119971001    .0
1730000119971002    .0
1730000119971003    .0
1730000119971004    .0
1730000119971005    .0
1730000119971006  16.8
1730000119971007   3.2
1730000119971008   1.4
1730000119971009   2.0
1730000119971010   7.4
1730000119971011   2.6
1730000119971012    .0
1730000119971013    .0
1730000119971014    .2
1730000119971015   4.6
1730000119971016    .0
1730000119971017    .2
1730000119971018    .0
1730000119971019    .4
1730000119971020   2.2
1730000119971021    .0
1730000119971022   1.6
1730000119971023    .0
1730000119971024    .0
1730000119971025    .0
1730000119971026    .0
1730000119971027    .0
1730000119971028    .0
1730000119971029    .0
1730000119971030    .0
1730000119971031    .0
1730000119971101    .0
1730000119971102    .0
1730000119971103   1.0
1730000119971104    .4
1730000119971105    .8
1730000119971106   5.6
1730000119971107  12.0
1730000119971108   9.6
1730000119971109  18.2
1730000119971110  11.4
1730000119971111   4.2
1730000119971112    .8
1730000119971113    .2
1730000119971114    .8
1730000119971115   1.0
1730000119971116    .0
1730000119971117    .0
1730000119971118   6.4
1730000119971119  13.6
1730000119971120   7.2
1730000119971121   2.6
1730000119971122   7.2
1730000119971123    .4
1730000119971124   4.6
1730000119971125    .2
1730000119971126   1.4
1730000119971127   8.2
1730000119971128   2.0
1730000119971129   4.0
1730000119971130    .0
1730000119971201   4.6
1730000119971202    .4
1730000119971203    .0
1730000119971204    .2
1730000119971205    .0
1730000119971206    .0
1730000119971207    .4
1730000119971208   2.0
1730000119971209    .4
1730000119971210  16.0
1730000119971211  10.8
1730000119971212    .2
1730000119971213    .2
1730000119971214    .0
1730000119971215    .0
1730000119971216   5.2
1730000119971217  12.0
1730000119971218   1.8
1730000119971219   4.0
1730000119971220   5.8
1730000119971221    .6
1730000119971222   3.0
1730000119971223    .2
1730000119971224   3.2
1730000119971225   1.2
1730000119971226   6.4
1730000119971227    .8
1730000119971228    .4
1730000119971229    .4
1730000119971230   9.2
1730000119971231   3.8
1730000119980101   3.4
1730000119980102  14.8
1730000119980103   2.0
1730000119980104   5.0
1730000119980105  11.0
1730000119980106   3.4
1730000119980107    .2
1730000119980108    .2
1730000119980109    .2
1730000119980110    .0
1730000119980111    .2
1730000119980112    .0
1730000119980113   3.4
1730000119980114   3.8
1730000119980115  23.0
1730000119980116   4.8
1730000119980117   2.2
1730000119980118  36.2
1730000119980119   2.6
1730000119980120    .0
1730000119980121    .0
1730000119980122    .0
1730000119980123    .2
1730000119980124    .0
1730000119980125    .2
1730000119980126    .2
1730000119980127    .0
1730000119980128    .0
1730000119980129    .0
1730000119980130    .0
1730000119980131    .0
1730000119980201    .0
1730000119980202    .2
1730000119980203    .0
1730000119980204    .0
1730000119980205    .2
1730000119980206    .0
1730000119980207   1.2
1730000119980208    .2
1730000119980209    .0
1730000119980210    .0
1730000119980211    .4
1730000119980212    .0
1730000119980213    .0
1730000119980214    .2
1730000119980215    .0
1730000119980216    .0
1730000119980217    .2
1730000119980218    .0
1730000119980219    .2
1730000119980220    .0
1730000119980221  13.6
1730000119980222   1.2
1730000119980223    .0
1730000119980224    .2
1730000119980225    .0
1730000119980226    .0
1730000119980227    .8
1730000119980228   1.4
1730000119980301   1.4
1730000119980302    .0
1730000119980303    .0
1730000119980304   1.4
1730000119980305    .0
1730000119980306    .0
1730000119980307   4.4
1730000119980308   6.4
1730000119980309    .0
1730000119980310   4.6
1730000119980311    .0
1730000119980312    .0
1730000119980313    .0
1730000119980314    .0
1730000119980315    .0
1730000119980316    .0
1730000119980317    .0
1730000119980318    .0
1730000119980319    .0
1730000119980320    .0
1730000119980321    .0
1730000119980322    .0
1730000119980323    .0
1730000119980324    .0
1730000119980325    .0
1730000119980326    .0
1730000119980327    .0
1730000119980328    .0
1730000119980329   9.6
1730000119980330    .2
1730000119980331    .0
1730000119980401  11.4
1730000119980402  19.0
1730000119980403  29.0
1730000119980404  10.4
1730000119980405   5.8
1730000119980406  44.0
1730000119980407   5.8
1730000119980408   3.8
1730000119980409  10.8
1730000119980410  24.8
1730000119980411   5.4
1730000119980412   8.2
1730000119980413   3.6
1730000119980414  16.0
1730000119980415   4.0
1730000119980416  13.6
1730000119980417   1.6
1730000119980418   4.2
1730000119980419   5.2
1730000119980420    .2
1730000119980421    .2
1730000119980422    .0
1730000119980423   3.2
1730000119980424   1.6
1730000119980425  24.8
1730000119980426   1.2
1730000119980427   4.6
1730000119980428   9.2
1730000119980429   2.0
1730000119980430   1.2
1730000119980501    .0
1730000119980502    .0
1730000119980503    .2
1730000119980504    .0
1730000119980505    .0
1730000119980506    .0
1730000119980507    .0
1730000119980508    .0
1730000119980509    .0
1730000119980510    .0
1730000119980511    .0
1730000119980512    .0
1730000119980513    .0
1730000119980514    .2
1730000119980515    .6
1730000119980516    .0
1730000119980517    .0
1730000119980518    .0
1730000119980519    .0
1730000119980520    .0
1730000119980521    .0
1730000119980522    .0
1730000119980523    .0
1730000119980524    .0
1730000119980525   1.4
1730000119980526   8.0
1730000119980527  13.6
1730000119980528    .8
1730000119980529   3.2
1730000119980530   6.6
1730000119980531   8.8
1730000119980601    .6
1730000119980602    .4
1730000119980603    .0
1730000119980604  26.2
1730000119980605    .0
1730000119980606    .4
1730000119980607    .2
1730000119980608    .0
1730000119980609   2.2
1730000119980610   2.8
1730000119980611   1.6
1730000119980612    .6
1730000119980613  10.4
1730000119980614   2.2
1730000119980615    .0
1730000119980616    .0
1730000119980617    .0
1730000119980618    .0
1730000119980619    .0
1730000119980620    .0
1730000119980621    .0
1730000119980622    .0
1730000119980623    .0
1730000119980624    .0
1730000119980625    .0
1730000119980626    .0
1730000119980627    .6
1730000119980628    .0
1730000119980629    .0
1730000119980630    .0
1730000119980701   3.8
1730000119980702    .2
1730000119980703    .0
1730000119980704    .0
1730000119980705    .0
1730000119980706    .0
1730000119980707    .0
1730000119980708    .0
1730000119980709    .0
1730000119980710   2.0
1730000119980711    .0
1730000119980712    .0
1730000119980713    .6
1730000119980714    .0
1730000119980715    .0
1730000119980716    .4
1730000119980717   1.2
1730000119980718    .0
1730000119980719    .0
1730000119980720   2.8
1730000119980721    .0
1730000119980722    .0
1730000119980723   1.0
1730000119980724    .0
1730000119980725    .0
1730000119980726    .0
1730000119980727    .4
1730000119980728   6.2
1730000119980729   3.0
1730000119980730   2.6
1730000119980731    .0
1730000119980801    .0
1730000119980802   1.0
1730000119980803    .0
1730000119980804   1.4
1730000119980805    .0
1730000119980806    .0
1730000119980807    .0
1730000119980808    .0
1730000119980809    .0
1730000119980810    .2
1730000119980811    .0
1730000119980812    .0
1730000119980813    .0
1730000119980814    .0
1730000119980815    .0
1730000119980816    .0
1730000119980817    .0
1730000119980818    .0
1730000119980819    .0
1730000119980820    .0
1730000119980821   6.6
1730000119980822    .4
1730000119980823    .0
1730000119980824    .2
1730000119980825    .0
1730000119980826    .0
1730000119980827    .0
1730000119980828    .0
1730000119980829    .0
1730000119980830    .0
1730000119980831    .2
1730000119980901   2.4
1730000119980902    .0
1730000119980903   4.0
1730000119980904   6.6
1730000119980905    .2
1730000119980906    .4
1730000119980907    .0
1730000119980908   3.6
1730000119980909    .0
1730000119980910   2.2
1730000119980911  21.2
1730000119980912   7.8
1730000119980913    .2
1730000119980914    .2
1730000119980915   4.4
1730000119980916    .0
1730000119980917    .0
1730000119980918    .0
1730000119980919    .0
1730000119980920    .0
1730000119980921    .0
1730000119980922   1.2
1730000119980923   2.0
1730000119980924   5.2
1730000119980925  11.2
1730000119980926  18.4
1730000119980927    .2
1730000119980928    .0
1730000119980929   2.6
1730000119980930   9.2
1730000119981001  14.0
1730000119981002    .2
1730000119981003   4.0
1730000119981004    .2
1730000119981005    .0
1730000119981006    .0
1730000119981007   2.2
1730000119981008   4.6
1730000119981009   2.0
1730000119981010   4.8
1730000119981011   5.6
1730000119981012    .0
1730000119981013    .0
1730000119981014   1.0
1730000119981015    .0
1730000119981016    .2
1730000119981017   1.8
1730000119981018   1.2
1730000119981019    .0
1730000119981020    .0
1730000119981021    .0
1730000119981022    .0
1730000119981023  10.2
1730000119981024  14.4
1730000119981025   1.8
1730000119981026   6.0
1730000119981027   1.8
1730000119981028   3.8
1730000119981029   4.0
1730000119981030    .2
1730000119981031   4.2
1730000119981101    .2
1730000119981102   2.0
1730000119981103   1.8
1730000119981104    .2
1730000119981105    .2
1730000119981106    .2
1730000119981107    .0
1730000119981108    .0
1730000119981109  24.0
1730000119981110    .4
1730000119981111   3.0
1730000119981112   1.8
1730000119981113   7.2
1730000119981114   6.4
1730000119981115    .2
1730000119981116    .0
1730000119981117    .0
1730000119981118    .0
1730000119981119    .0
1730000119981120    .0
1730000119981121    .0
1730000119981122    .0
1730000119981123    .0
1730000119981124  11.0
1730000119981125    .4
1730000119981126    .4
1730000119981127   1.8
1730000119981128   5.4
1730000119981129    .0
1730000119981130    .2
1730000119981201    .0
1730000119981202    .0
1730000119981203    .0
1730000119981204    .0
1730000119981205    .2
1730000119981206    .0
1730000119981207    .0
1730000119981208    .0
1730000119981209   9.2
1730000119981210   8.0
1730000119981211   4.2
1730000119981212    .2
1730000119981213    .0
1730000119981214    .4
1730000119981215    .2
1730000119981216    .2
1730000119981217    .0
1730000119981218   5.2
1730000119981219  12.6
1730000119981220    .8
1730000119981221    .0
1730000119981222    .2
1730000119981223   2.8
1730000119981224    .2
1730000119981225   1.4
1730000119981226  12.6
1730000119981227   5.0
1730000119981228   8.8
1730000119981229   1.8
1730000119981230   7.8
1730000119981231    .0
