2000400219940101    .0
2000400219940102    .9
2000400219940103    .0
2000400219940104   4.4
2000400219940105    .2
2000400219940106    .0
2000400219940107   5.0
2000400219940108   2.0
2000400219940109    .4
2000400219940110  14.6
2000400219940111   7.0
2000400219940112    .0
2000400219940113    .0
2000400219940114    .0
2000400219940115  10.6
2000400219940116   6.2
2000400219940117   5.0
2000400219940118    .0
2000400219940119    .0
2000400219940120    .0
2000400219940121    .0
2000400219940122    .0
2000400219940123    .0
2000400219940124    .0
2000400219940125    .0
2000400219940126    .0
2000400219940127    .0
2000400219940128    .0
2000400219940129    .0
2000400219940130    .0
2000400219940131    .0
2000400219940201    .0
2000400219940202    .0
2000400219940203    .0
2000400219940204   1.0
2000400219940205  15.8
2000400219940206    .0
2000400219940207    .0
2000400219940208    .0
2000400219940209    .0
2000400219940210    .4
2000400219940211    .0
2000400219940212    .0
2000400219940213    .0
2000400219940214    .8
2000400219940215   6.8
2000400219940216    .0
2000400219940217    .0
2000400219940218    .0
2000400219940219    .0
2000400219940220   8.6
2000400219940221    .0
2000400219940222    .0
2000400219940223    .0
2000400219940224    .0
2000400219940225    .0
2000400219940226    .0
2000400219940227    .0
2000400219940228    .0
2000400219940301    .0
2000400219940302    .0
2000400219940303    .0
2000400219940304    .0
2000400219940305    .0
2000400219940306    .0
2000400219940307    .0
2000400219940308    .0
2000400219940309    .0
2000400219940310    .0
2000400219940311    .0
2000400219940312    .0
2000400219940313    .0
2000400219940314    .0
2000400219940315    .0
2000400219940316    .0
2000400219940317    .0
2000400219940318    .0
2000400219940319    .0
2000400219940320    .0
2000400219940321    .0
2000400219940322    .0
2000400219940323    .0
2000400219940324    .0
2000400219940325    .0
2000400219940326    .0
2000400219940327    .0
2000400219940328    .0
2000400219940329    .0
2000400219940330    .0
2000400219940331    .0
2000400219940401    .8
2000400219940402   1.4
2000400219940403    .0
2000400219940404    .2
2000400219940405    .0
2000400219940406    .0
2000400219940407  23.4
2000400219940408   1.2
2000400219940409  11.6
2000400219940410    .8
2000400219940411    .8
2000400219940412    .2
2000400219940413    .0
2000400219940414    .0
2000400219940415   5.0
2000400219940416   5.8
2000400219940417   4.6
2000400219940418    .4
2000400219940419    .0
2000400219940420    .4
2000400219940421   5.0
2000400219940422    .0
2000400219940423    .0
2000400219940424   9.2
2000400219940425  11.0
2000400219940426    .0
2000400219940427    .0
2000400219940428    .0
2000400219940429    .0
2000400219940430    .0
2000400219940501    .0
2000400219940502    .0
2000400219940503    .0
2000400219940504    .2
2000400219940505    .0
2000400219940506    .0
2000400219940507    .0
2000400219940508    .0
2000400219940509  13.2
2000400219940510    .0
2000400219940511    .0
2000400219940512    .0
2000400219940513    .0
2000400219940514    .0
2000400219940515    .0
2000400219940516    .0
2000400219940517   3.6
2000400219940518  12.8
2000400219940519    .0
2000400219940520    .0
2000400219940521    .0
2000400219940522    .0
2000400219940523    .0
2000400219940524    .0
2000400219940525    .0
2000400219940526    .0
2000400219940527    .0
2000400219940528    .0
2000400219940529    .0
2000400219940530    .0
2000400219940531    .0
2000400219940601    .0
2000400219940602    .0
2000400219940603    .0
2000400219940604    .0
2000400219940605    .0
2000400219940606    .0
2000400219940607    .0
2000400219940608    .0
2000400219940609    .6
2000400219940610    .2
2000400219940611    .0
2000400219940612    .8
2000400219940613   6.4
2000400219940614    .0
2000400219940615    .0
2000400219940616    .0
2000400219940617    .0
2000400219940618    .0
2000400219940619    .0
2000400219940620    .0
2000400219940621    .0
2000400219940622    .0
2000400219940623    .0
2000400219940624    .0
2000400219940625    .0
2000400219940626    .0
2000400219940627    .0
2000400219940628    .0
2000400219940629    .0
2000400219940630    .0
2000400219940701    .0
2000400219940702    .0
2000400219940703    .0
2000400219940704    .0
2000400219940705    .0
2000400219940706    .0
2000400219940707    .0
2000400219940708    .0
2000400219940709    .0
2000400219940710    .0
2000400219940711    .0
2000400219940712    .0
2000400219940713    .0
2000400219940714    .0
2000400219940715    .0
2000400219940716    .0
2000400219940717    .0
2000400219940718    .0
2000400219940719    .0
2000400219940720    .0
2000400219940721    .0
2000400219940722    .0
2000400219940723    .0
2000400219940724    .0
2000400219940725    .0
2000400219940726    .0
2000400219940727    .0
2000400219940728    .0
2000400219940729    .0
2000400219940730    .0
2000400219940731    .0
2000400219940801   3.8
2000400219940802    .0
2000400219940803    .0
2000400219940804    .0
2000400219940805    .0
2000400219940806    .0
2000400219940807    .0
2000400219940808    .0
2000400219940809    .0
2000400219940810    .0
2000400219940811    .0
2000400219940812    .0
2000400219940813    .0
2000400219940814    .0
2000400219940815    .0
2000400219940816    .0
2000400219940817    .0
2000400219940818    .0
2000400219940819    .0
2000400219940820    .0
2000400219940821    .0
2000400219940822    .0
2000400219940823    .0
2000400219940824   2.4
2000400219940825    .2
2000400219940826    .0
2000400219940827    .0
2000400219940828    .0
2000400219940829    .0
2000400219940830    .0
2000400219940831    .2
2000400219940901    .0
2000400219940902   3.6
2000400219940903    .0
2000400219940904    .0
2000400219940905    .0
2000400219940906    .0
2000400219940907    .0
2000400219940908    .0
2000400219940909    .0
2000400219940910    .0
2000400219940911    .0
2000400219940912    .0
2000400219940913    .0
2000400219940914   1.4
2000400219940915    .6
2000400219940916   3.2
2000400219940917    .0
2000400219940918    .0
2000400219940919    .0
2000400219940920  18.2
2000400219940921    .8
2000400219940922    .0
2000400219940923   7.4
2000400219940924    .0
2000400219940925    .0
2000400219940926   9.8
2000400219940927    .0
2000400219940928    .0
2000400219940929    .2
2000400219940930    .6
2000400219941001    .0
2000400219941002  14.6
2000400219941003   5.0
2000400219941004    .0
2000400219941005    .0
2000400219941006    .0
2000400219941007   7.2
2000400219941008    .4
2000400219941009    .0
2000400219941010    .0
2000400219941011    .0
2000400219941012    .0
2000400219941013    .0
2000400219941014    .0
2000400219941015    .0
2000400219941016    .0
2000400219941017    .0
2000400219941018    .0
2000400219941019   2.6
2000400219941020   9.2
2000400219941021   3.8
2000400219941022    .0
2000400219941023   8.2
2000400219941024    .0
2000400219941025    .2
2000400219941026   3.2
2000400219941027    .0
2000400219941028   1.4
2000400219941029    .0
2000400219941030    .0
2000400219941031    .0
2000400219941101    .0
2000400219941102    .2
2000400219941103    .0
2000400219941104    .0
2000400219941105  47.0
2000400219941106   5.2
2000400219941107  42.2
2000400219941108    .4
2000400219941109  35.4
2000400219941110    .2
2000400219941111   5.6
2000400219941112    .0
2000400219941113    .0
2000400219941114    .0
2000400219941115    .0
2000400219941116    .0
2000400219941117    .0
2000400219941118    .0
2000400219941119    .0
2000400219941120    .0
2000400219941121    .0
2000400219941122    .0
2000400219941123    .0
2000400219941124    .0
2000400219941125    .0
2000400219941126    .0
2000400219941127    .0
2000400219941128    .0
2000400219941129    .0
2000400219941130    .0
2000400219941201    .0
2000400219941202    .0
2000400219941203    .0
2000400219941204    .0
2000400219941205   5.2
2000400219941206    .0
2000400219941207   1.4
2000400219941208   1.6
2000400219941209   1.8
2000400219941210    .0
2000400219941211    .0
2000400219941212    .0
2000400219941213    .0
2000400219941214    .0
2000400219941215   6.6
2000400219941216    .0
2000400219941217    .0
2000400219941218   2.4
2000400219941219   8.8
2000400219941220   4.4
2000400219941221    .0
2000400219941222    .4
2000400219941223    .0
2000400219941224    .0
2000400219941225    .6
2000400219941226    .4
2000400219941227    .0
2000400219941228    .0
2000400219941229    .0
2000400219941230    .4
2000400219941231    .0
2000400219950101   1.0
2000400219950102    .2
2000400219950103    .0
2000400219950104    .0
2000400219950105    .0
2000400219950106    .0
2000400219950107    .0
2000400219950108    .0
2000400219950109    .0
2000400219950110    .0
2000400219950111    .0
2000400219950112    .2
2000400219950113    .0
2000400219950114    .0
2000400219950115    .0
2000400219950116    .0
2000400219950117    .0
2000400219950118  13.6
2000400219950119    .0
2000400219950120    .0
2000400219950121    .0
2000400219950122    .0
2000400219950123    .4
2000400219950124    .0
2000400219950125    .0
2000400219950126    .0
2000400219950127    .0
2000400219950128    .2
2000400219950129    .4
2000400219950130   3.8
2000400219950131    .0
2000400219950201    .0
2000400219950202    .0
2000400219950203    .0
2000400219950204    .0
2000400219950205    .0
2000400219950206    .0
2000400219950207    .0
2000400219950208    .0
2000400219950209   3.4
2000400219950210    .0
2000400219950211    .0
2000400219950212    .0
2000400219950213   1.6
2000400219950214    .0
2000400219950215    .0
2000400219950216    .0
2000400219950217    .0
2000400219950218   1.0
2000400219950219    .0
2000400219950220    .0
2000400219950221    .0
2000400219950222   2.0
2000400219950223    .0
2000400219950224  23.6
2000400219950225    .0
2000400219950226   1.0
2000400219950227    .0
2000400219950228    .0
2000400219950301    .0
2000400219950302   1.4
2000400219950303   3.6
2000400219950304   1.2
2000400219950305   2.6
2000400219950306    .0
2000400219950307    .0
2000400219950308  15.0
2000400219950309    .0
2000400219950310    .0
2000400219950311    .0
2000400219950312    .0
2000400219950313    .0
2000400219950314    .0
2000400219950315   2.0
2000400219950316    .0
2000400219950317    .0
2000400219950318    .0
2000400219950319    .0
2000400219950320    .0
2000400219950321    .0
2000400219950322    .0
2000400219950323    .0
2000400219950324    .0
2000400219950325    .0
2000400219950326    .0
2000400219950327    .0
2000400219950328   6.2
2000400219950329    .0
2000400219950330    .0
2000400219950331    .0
2000400219950401    .0
2000400219950402    .0
2000400219950403    .0
2000400219950404    .0
2000400219950405    .0
2000400219950406    .0
2000400219950407    .0
2000400219950408    .0
2000400219950409    .0
2000400219950410   9.0
2000400219950411    .0
2000400219950412    .0
2000400219950413    .0
2000400219950414    .0
2000400219950415    .0
2000400219950416    .0
2000400219950417    .0
2000400219950418    .0
2000400219950419    .0
2000400219950420    .0
2000400219950421    .0
2000400219950422    .0
2000400219950423  12.3
2000400219950424  41.8
2000400219950425  11.2
2000400219950426  10.7
2000400219950427    .4
2000400219950428    .0
2000400219950429    .0
2000400219950430    .0
2000400219950501    .0
2000400219950502    .1
2000400219950503    .0
2000400219950504    .0
2000400219950505    .0
2000400219950506    .0
2000400219950507    .0
2000400219950508    .0
2000400219950509    .0
2000400219950510    .0
2000400219950511   2.0
2000400219950512  22.6
2000400219950513   1.2
2000400219950514    .0
2000400219950515    .0
2000400219950516    .0
2000400219950517    .0
2000400219950518   2.6
2000400219950519    .0
2000400219950520    .0
2000400219950521    .0
2000400219950522    .0
2000400219950523    .0
2000400219950524    .0
2000400219950525   2.6
2000400219950526    .0
2000400219950527    .0
2000400219950528    .0
2000400219950529    .0
2000400219950530   7.8
2000400219950531    .8
2000400219950601    .0
2000400219950602    .0
2000400219950603    .0
2000400219950604    .0
2000400219950605    .0
2000400219950606    .0
2000400219950607    .0
2000400219950608    .0
2000400219950609    .0
2000400219950610    .0
2000400219950611   1.4
2000400219950612    .0
2000400219950613    .0
2000400219950614    .0
2000400219950615    .6
2000400219950616    .0
2000400219950617    .0
2000400219950618    .0
2000400219950619    .0
2000400219950620    .0
2000400219950621    .0
2000400219950622    .0
2000400219950623    .2
2000400219950624    .0
2000400219950625    .0
2000400219950626    .0
2000400219950627    .0
2000400219950628    .0
2000400219950629    .2
2000400219950630    .0
2000400219950701    .0
2000400219950702    .0
2000400219950703    .6
2000400219950704    .0
2000400219950705   1.4
2000400219950706    .0
2000400219950707    .0
2000400219950708    .0
2000400219950709    .0
2000400219950710    .0
2000400219950711  26.2
2000400219950712    .0
2000400219950713    .0
2000400219950714    .0
2000400219950715    .0
2000400219950716    .0
2000400219950717    .0
2000400219950718    .0
2000400219950719    .0
2000400219950720    .0
2000400219950721    .0
2000400219950722    .0
2000400219950723    .0
2000400219950724    .0
2000400219950725    .0
2000400219950726    .0
2000400219950727    .0
2000400219950728    .0
2000400219950729    .0
2000400219950730   5.0
2000400219950731    .0
2000400219950801  18.8
2000400219950802    .0
2000400219950803    .0
2000400219950804    .0
2000400219950805    .0
2000400219950806    .0
2000400219950807    .0
2000400219950808    .0
2000400219950809    .0
2000400219950810    .0
2000400219950811    .0
2000400219950812  10.6
2000400219950813    .8
2000400219950814    .0
2000400219950815    .8
2000400219950816    .8
2000400219950817  17.8
2000400219950818    .0
2000400219950819    .0
2000400219950820    .0
2000400219950821   2.4
2000400219950822    .0
2000400219950823    .8
2000400219950824  13.4
2000400219950825    .0
2000400219950826    .0
2000400219950827    .0
2000400219950828    .0
2000400219950829    .0
2000400219950830    .0
2000400219950831    .0
2000400219950901    .0
2000400219950902    .0
2000400219950903    .0
2000400219950904    .4
2000400219950905    .4
2000400219950906    .0
2000400219950907    .0
2000400219950908    .0
2000400219950909    .0
2000400219950910    .0
2000400219950911    .0
2000400219950912   8.8
2000400219950913  14.6
2000400219950914   2.8
2000400219950915  17.8
2000400219950916    .0
2000400219950917    .0
2000400219950918  27.2
2000400219950919   2.2
2000400219950920  12.6
2000400219950921    .4
2000400219950922    .0
2000400219950923    .0
2000400219950924  25.8
2000400219950925    .0
2000400219950926    .0
2000400219950927    .0
2000400219950928    .0
2000400219950929    .0
2000400219950930    .2
2000400219951001    .0
2000400219951002    .0
2000400219951003    .0
2000400219951004    .0
2000400219951005    .0
2000400219951006    .0
2000400219951007    .0
2000400219951008    .0
2000400219951009    .0
2000400219951010    .0
2000400219951011    .0
2000400219951012    .0
2000400219951013    .0
2000400219951014    .0
2000400219951015    .0
2000400219951016    .0
2000400219951017    .0
2000400219951018    .0
2000400219951019    .0
2000400219951020    .0
2000400219951021    .0
2000400219951022    .0
2000400219951023    .0
2000400219951024    .0
2000400219951025    .0
2000400219951026    .8
2000400219951027    .2
2000400219951028    .4
2000400219951029    .8
2000400219951030    .0
2000400219951031    .0
2000400219951101    .0
2000400219951102    .0
2000400219951103    .0
2000400219951104    .0
2000400219951105    .0
2000400219951106    .0
2000400219951107    .0
2000400219951108    .0
2000400219951109    .0
2000400219951110    .0
2000400219951111    .0
2000400219951112  20.0
2000400219951113  24.0
2000400219951114   1.8
2000400219951115    .4
2000400219951116    .8
2000400219951117    .6
2000400219951118    .0
2000400219951119    .0
2000400219951120    .0
2000400219951121    .0
2000400219951122    .6
2000400219951123    .0
2000400219951124    .0
2000400219951125    .8
2000400219951126    .4
2000400219951127  18.0
2000400219951128    .2
2000400219951129    .0
2000400219951130    .0
2000400219951201    .0
2000400219951202   6.6
2000400219951203   1.4
2000400219951204    .0
2000400219951205    .0
2000400219951206    .0
2000400219951207    .0
2000400219951208    .0
2000400219951209    .0
2000400219951210    .0
2000400219951211    .0
2000400219951212    .0
2000400219951213   3.6
2000400219951214    .6
2000400219951215    .2
2000400219951216   1.0
2000400219951217   9.8
2000400219951218    .0
2000400219951219    .0
2000400219951220    .0
2000400219951221    .0
2000400219951222   2.8
2000400219951223   2.2
2000400219951224   9.6
2000400219951225   1.4
2000400219951226   8.2
2000400219951227   1.0
2000400219951228    .4
2000400219951229   2.8
2000400219951230  29.2
2000400219951231   7.0
2000400219960101  11.4
2000400219960102   6.4
2000400219960103    .0
2000400219960104    .0
2000400219960105   9.6
2000400219960106   5.2
2000400219960107    .4
2000400219960108    .0
2000400219960109    .0
2000400219960110    .0
2000400219960111    .0
2000400219960112    .4
2000400219960113   1.6
2000400219960114    .0
2000400219960115    .0
2000400219960116    .0
2000400219960117    .0
2000400219960118    .0
2000400219960119    .8
2000400219960120   5.8
2000400219960121    .0
2000400219960122    .0
2000400219960123  15.8
2000400219960124   5.2
2000400219960125    .2
2000400219960126    .0
2000400219960127    .0
2000400219960128    .8
2000400219960129    .0
2000400219960130    .4
2000400219960131    .4
2000400219960201  21.0
2000400219960202  26.4
2000400219960203    .4
2000400219960204    .2
2000400219960205    .0
2000400219960206    .0
2000400219960207   6.2
2000400219960208    .0
2000400219960209    .0
2000400219960210    .0
2000400219960211    .0
2000400219960212    .6
2000400219960213    .0
2000400219960214    .0
2000400219960215    .0
2000400219960216    .0
2000400219960217    .0
2000400219960218   1.6
2000400219960219  10.0
2000400219960220    .8
2000400219960221   2.8
2000400219960222    .6
2000400219960223   3.8
2000400219960224    .0
2000400219960225    .0
2000400219960226   1.8
2000400219960227    .0
2000400219960228    .0
2000400219960229    .0
2000400219960301    .0
2000400219960302   9.8
2000400219960303    .0
2000400219960304    .0
2000400219960305    .0
2000400219960306    .0
2000400219960307   1.4
2000400219960308   2.0
2000400219960309    .4
2000400219960310   7.4
2000400219960311   1.4
2000400219960312    .0
2000400219960313    .0
2000400219960314   1.0
2000400219960315  16.4
2000400219960316   9.0
2000400219960317   2.2
2000400219960318   5.2
2000400219960319    .8
2000400219960320    .0
2000400219960321    .0
2000400219960322    .0
2000400219960323    .0
2000400219960324    .0
2000400219960325    .0
2000400219960326  13.8
2000400219960327    .0
2000400219960328    .0
2000400219960329    .0
2000400219960330    .0
2000400219960331    .0
2000400219960401   5.0
2000400219960402  24.2
2000400219960403    .8
2000400219960404    .0
2000400219960405    .0
2000400219960406    .0
2000400219960407    .0
2000400219960408    .0
2000400219960409    .0
2000400219960410    .0
2000400219960411    .0
2000400219960412    .0
2000400219960413    .0
2000400219960414    .0
2000400219960415    .0
2000400219960416    .0
2000400219960417    .0
2000400219960418    .0
2000400219960419    .0
2000400219960420    .0
2000400219960421    .0
2000400219960422    .0
2000400219960423   5.6
2000400219960424  11.2
2000400219960425  10.2
2000400219960426    .6
2000400219960427   8.0
2000400219960428   2.0
2000400219960429    .2
2000400219960430    .6
2000400219960501    .4
2000400219960502   6.4
2000400219960503    .0
2000400219960504    .0
2000400219960505    .0
2000400219960506    .0
2000400219960507   2.2
2000400219960508   1.4
2000400219960509    .0
2000400219960510    .0
2000400219960511   7.8
2000400219960512    .2
2000400219960513    .2
2000400219960514    .0
2000400219960515    .0
2000400219960516    .0
2000400219960517    .0
2000400219960518    .0
2000400219960519   3.2
2000400219960520    .0
2000400219960521    .0
2000400219960522    .0
2000400219960523    .0
2000400219960524    .0
2000400219960525    .0
2000400219960526    .0
2000400219960527    .0
2000400219960528    .0
2000400219960529    .0
2000400219960530    .0
2000400219960531    .0
2000400219960601    .0
2000400219960602   1.4
2000400219960603  11.4
2000400219960604   3.6
2000400219960605    .0
2000400219960606    .0
2000400219960607    .0
2000400219960608    .0
2000400219960609    .0
2000400219960610    .0
2000400219960611    .0
2000400219960612    .0
2000400219960613    .0
2000400219960614    .0
2000400219960615    .0
2000400219960616    .0
2000400219960617    .0
2000400219960618    .0
2000400219960619    .0
2000400219960620    .0
2000400219960621    .4
2000400219960622    .0
2000400219960623    .0
2000400219960624    .2
2000400219960625    .0
2000400219960626    .0
2000400219960627    .0
2000400219960628    .0
2000400219960629    .0
2000400219960630    .0
2000400219960701    .0
2000400219960702    .2
2000400219960703    .0
2000400219960704    .0
2000400219960705    .0
2000400219960706    .0
2000400219960707    .0
2000400219960708    .8
2000400219960709    .0
2000400219960710    .0
2000400219960711    .0
2000400219960712    .0
2000400219960713    .0
2000400219960714    .0
2000400219960715    .0
2000400219960716    .0
2000400219960717    .0
2000400219960718    .0
2000400219960719    .0
2000400219960720    .0
2000400219960721   6.0
2000400219960722    .0
2000400219960723    .0
2000400219960724    .0
2000400219960725    .0
2000400219960726    .0
2000400219960727    .0
2000400219960728    .0
2000400219960729    .0
2000400219960730    .0
2000400219960731    .0
2000400219960801    .0
2000400219960802    .0
2000400219960803    .0
2000400219960804    .0
2000400219960805    .0
2000400219960806    .0
2000400219960807    .0
2000400219960808    .8
2000400219960809    .0
2000400219960810    .0
2000400219960811    .0
2000400219960812    .0
2000400219960813    .0
2000400219960814    .0
2000400219960815    .0
2000400219960816    .0
2000400219960817    .0
2000400219960818    .0
2000400219960819    .0
2000400219960820    .0
2000400219960821   2.6
2000400219960822   6.4
2000400219960823    .0
2000400219960824    .0
2000400219960825    .0
2000400219960826    .0
2000400219960827    .0
2000400219960828    .0
2000400219960829    .0
2000400219960830    .2
2000400219960831    .0
2000400219960901    .0
2000400219960902    .0
2000400219960903   4.4
2000400219960904    .0
2000400219960905  11.2
2000400219960906    .0
2000400219960907    .0
2000400219960908    .0
2000400219960909    .0
2000400219960910    .0
2000400219960911   2.0
2000400219960912  55.2
2000400219960913    .0
2000400219960914    .0
2000400219960915    .0
2000400219960916    .0
2000400219960917   4.6
2000400219960918   1.0
2000400219960919   4.6
2000400219960920  11.2
2000400219960921   7.2
2000400219960922  12.0
2000400219960923    .6
2000400219960924    .0
2000400219960925  23.2
2000400219960926    .0
2000400219960927    .0
2000400219960928    .0
2000400219960929    .0
2000400219960930    .0
2000400219961001    .0
2000400219961002    .0
2000400219961003    .0
2000400219961004    .0
2000400219961005    .0
2000400219961006   9.2
2000400219961007   5.0
2000400219961008    .0
2000400219961009    .0
2000400219961010    .0
2000400219961011   2.0
2000400219961012    .0
2000400219961013   1.0
2000400219961014    .0
2000400219961015  40.8
2000400219961016  11.8
2000400219961017    .0
2000400219961018    .0
2000400219961019    .0
2000400219961020    .0
2000400219961021    .0
2000400219961022    .0
2000400219961023    .0
2000400219961024    .0
2000400219961025    .0
2000400219961026    .0
2000400219961027    .0
2000400219961028    .4
2000400219961029    .4
2000400219961030    .0
2000400219961031    .0
2000400219961101    .0
2000400219961102    .0
2000400219961103    .0
2000400219961104    .0
2000400219961105    .0
2000400219961106    .0
2000400219961107    .0
2000400219961108    .0
2000400219961109    .0
2000400219961110    .0
2000400219961111    .0
2000400219961112    .0
2000400219961113    .0
2000400219961114    .0
2000400219961115    .0
2000400219961116   2.0
2000400219961117  23.8
2000400219961118   5.8
2000400219961119  10.2
2000400219961120   4.2
2000400219961121    .8
2000400219961122    .0
2000400219961123   4.6
2000400219961124    .0
2000400219961125  26.0
2000400219961126    .0
2000400219961127  12.4
2000400219961128   3.2
2000400219961129   7.8
2000400219961130    .0
2000400219961201    .0
2000400219961202    .0
2000400219961203    .0
2000400219961204    .0
2000400219961205    .0
2000400219961206    .0
2000400219961207    .0
2000400219961208  19.8
2000400219961209   3.4
2000400219961210   1.8
2000400219961211    .4
2000400219961212   1.4
2000400219961213   7.4
2000400219961214  26.8
2000400219961215    .4
2000400219961216    .4
2000400219961217    .0
2000400219961218    .0
2000400219961219  12.0
2000400219961220   3.4
2000400219961221    .0
2000400219961222   3.0
2000400219961223    .0
2000400219961224   9.4
2000400219961225    .4
2000400219961226    .2
2000400219961227    .0
2000400219961228  11.8
2000400219961229   1.0
2000400219961230    .0
2000400219961231   5.4
2000400219970101    .0
2000400219970102   5.2
2000400219970103  10.0
2000400219970104  11.8
2000400219970105    .2
2000400219970106   2.6
2000400219970107    .0
2000400219970108   5.8
2000400219970109  10.6
2000400219970110    .0
2000400219970111    .0
2000400219970112    .0
2000400219970113    .0
2000400219970114    .0
2000400219970115    .0
2000400219970116    .0
2000400219970117    .0
2000400219970118    .0
2000400219970119    .4
2000400219970120    .0
2000400219970121    .0
2000400219970122    .0
2000400219970123    .0
2000400219970124    .0
2000400219970125    .0
2000400219970126    .0
2000400219970127    .0
2000400219970128    .0
2000400219970129    .0
2000400219970130    .0
2000400219970131    .0
2000400219970201    .0
2000400219970202    .0
2000400219970203    .0
2000400219970204    .0
2000400219970205    .0
2000400219970206    .0
2000400219970207    .0
2000400219970208    .0
2000400219970209    .0
2000400219970210    .0
2000400219970211    .0
2000400219970212    .0
2000400219970213    .0
2000400219970214    .0
2000400219970215   3.0
2000400219970216    .0
2000400219970217    .0
2000400219970218    .0
2000400219970219    .0
2000400219970220    .0
2000400219970221    .0
2000400219970222    .0
2000400219970223    .0
2000400219970224    .0
2000400219970225    .0
2000400219970226    .0
2000400219970227    .0
2000400219970228    .0
2000400219970301    .0
2000400219970302    .0
2000400219970303    .0
2000400219970304    .0
2000400219970305    .0
2000400219970306    .6
2000400219970307    .0
2000400219970308    .0
2000400219970309    .0
2000400219970310    .0
2000400219970311    .0
2000400219970312    .0
2000400219970313    .0
2000400219970314    .0
2000400219970315    .0
2000400219970316    .0
2000400219970317    .0
2000400219970318    .0
2000400219970319    .0
2000400219970320    .0
2000400219970321    .0
2000400219970322    .0
2000400219970323   6.6
2000400219970324    .2
2000400219970325    .8
2000400219970326    .0
2000400219970327    .0
2000400219970328    .0
2000400219970329    .0
2000400219970330    .0
2000400219970331    .0
2000400219970401    .0
2000400219970402    .0
2000400219970403    .0
2000400219970404    .0
2000400219970405    .0
2000400219970406    .0
2000400219970407    .0
2000400219970408    .0
2000400219970409    .0
2000400219970410    .0
2000400219970411    .0
2000400219970412    .0
2000400219970413   1.2
2000400219970414    .0
2000400219970415    .0
2000400219970416   1.0
2000400219970417   1.0
2000400219970418    .0
2000400219970419    .0
2000400219970420   2.8
2000400219970421  13.2
2000400219970422    .0
2000400219970423    .0
2000400219970424    .0
2000400219970425    .0
2000400219970426    .0
2000400219970427  14.4
2000400219970428    .0
2000400219970429    .0
2000400219970430    .0
2000400219970501    .0
2000400219970502    .0
2000400219970503    .0
2000400219970504    .0
2000400219970505   1.4
2000400219970506    .0
2000400219970507  15.6
2000400219970508   2.4
2000400219970509    .0
2000400219970510    .0
2000400219970511    .0
2000400219970512    .0
2000400219970513    .0
2000400219970514    .0
2000400219970515    .0
2000400219970516    .0
2000400219970517    .0
2000400219970518    .0
2000400219970519    .0
2000400219970520    .0
2000400219970521    .0
2000400219970522    .0
2000400219970523    .0
2000400219970524    .0
2000400219970525    .0
2000400219970526    .0
2000400219970527    .0
2000400219970528    .0
2000400219970529    .0
2000400219970530    .0
2000400219970531    .0
2000400219970601  41.0
2000400219970602  49.8
2000400219970603    .0
2000400219970604    .4
2000400219970605   3.2
2000400219970606    .0
2000400219970607    .0
2000400219970608    .0
2000400219970609    .0
2000400219970610    .0
2000400219970611    .0
2000400219970612    .0
2000400219970613    .0
2000400219970614    .0
2000400219970615    .0
2000400219970616    .0
2000400219970617    .0
2000400219970618    .0
2000400219970619    .0
2000400219970620    .0
2000400219970621    .0
2000400219970622    .0
2000400219970623    .0
2000400219970624    .0
2000400219970625    .0
2000400219970626    .0
2000400219970627    .0
2000400219970628  11.2
2000400219970629   2.0
2000400219970630    .0
2000400219970701    .0
2000400219970702   8.2
2000400219970703    .0
2000400219970704    .0
2000400219970705    .0
2000400219970706    .0
2000400219970707    .0
2000400219970708    .0
2000400219970709    .0
2000400219970710    .0
2000400219970711    .0
2000400219970712    .0
2000400219970713    .0
2000400219970714    .0
2000400219970715    .0
2000400219970716    .0
2000400219970717   1.8
2000400219970718    .0
2000400219970719    .0
2000400219970720    .0
2000400219970721    .0
2000400219970722    .0
2000400219970723    .0
2000400219970724    .0
2000400219970725    .0
2000400219970726    .0
2000400219970727    .0
2000400219970728    .0
2000400219970729    .0
2000400219970730    .0
2000400219970731    .0
2000400219970801    .0
2000400219970802    .0
2000400219970803    .0
2000400219970804    .0
2000400219970805    .2
2000400219970806    .0
2000400219970807    .0
2000400219970808    .0
2000400219970809    .0
2000400219970810    .0
2000400219970811    .8
2000400219970812    .0
2000400219970813    .0
2000400219970814    .0
2000400219970815    .0
2000400219970816    .0
2000400219970817    .0
2000400219970818    .0
2000400219970819    .0
2000400219970820    .0
2000400219970821    .0
2000400219970822   1.8
2000400219970823    .0
2000400219970824    .0
2000400219970825    .0
2000400219970826  18.6
2000400219970827    .0
2000400219970828    .8
2000400219970829    .0
2000400219970830    .0
2000400219970831    .0
2000400219970901    .0
2000400219970902   1.4
2000400219970903    .2
2000400219970904    .0
2000400219970905    .0
2000400219970906    .0
2000400219970907    .0
2000400219970908    .0
2000400219970909    .0
2000400219970910    .0
2000400219970911    .0
2000400219970912    .0
2000400219970913   1.2
2000400219970914    .0
2000400219970915    .0
2000400219970916    .0
2000400219970917    .0
2000400219970918    .0
2000400219970919    .0
2000400219970920    .0
2000400219970921    .0
2000400219970922    .0
2000400219970923    .0
2000400219970924    .0
2000400219970925    .0
2000400219970926    .0
2000400219970927    .0
2000400219970928    .0
2000400219970929    .0
2000400219970930    .0
2000400219971001    .0
2000400219971002    .0
2000400219971003    .0
2000400219971004    .0
2000400219971005    .0
2000400219971006    .4
2000400219971007    .0
2000400219971008    .0
2000400219971009    .0
2000400219971010    .0
2000400219971011    .0
2000400219971012    .2
2000400219971013   7.6
2000400219971014    .6
2000400219971015    .0
2000400219971016    .0
2000400219971017    .0
2000400219971018    .0
2000400219971019    .0
2000400219971020   2.0
2000400219971021   1.4
2000400219971022    .0
2000400219971023   7.2
2000400219971024    .0
2000400219971025    .0
2000400219971026    .0
2000400219971027    .0
2000400219971028   2.0
2000400219971029   2.6
2000400219971030   1.0
2000400219971031    .0
2000400219971101    .0
2000400219971102    .0
2000400219971103    .0
2000400219971104    .0
2000400219971105    .0
2000400219971106  17.0
2000400219971107   6.0
2000400219971108   1.2
2000400219971109   4.2
2000400219971110   3.4
2000400219971111  29.6
2000400219971112  16.0
2000400219971113    .0
2000400219971114    .0
2000400219971115    .0
2000400219971116    .0
2000400219971117    .0
2000400219971118   1.4
2000400219971119  37.4
2000400219971120    .0
2000400219971121   4.4
2000400219971122  32.0
2000400219971123    .4
2000400219971124    .0
2000400219971125    .0
2000400219971126    .0
2000400219971127    .0
2000400219971128   3.4
2000400219971129  36.4
2000400219971130    .0
2000400219971201    .0
2000400219971202   9.0
2000400219971203   1.6
2000400219971204    .0
2000400219971205    .0
2000400219971206    .0
2000400219971207    .0
2000400219971208    .0
2000400219971209    .0
2000400219971210    .0
2000400219971211    .2
2000400219971212    .0
2000400219971213    .0
2000400219971214    .4
2000400219971215    .0
2000400219971216    .0
2000400219971217    .0
2000400219971218    .4
2000400219971219  39.4
2000400219971220  24.2
2000400219971221   5.6
2000400219971222    .0
2000400219971223    .0
2000400219971224    .2
2000400219971225    .0
2000400219971226   6.4
2000400219971227    .0
2000400219971228    .0
2000400219971229    .0
2000400219971230   1.6
2000400219971231    .2
2000400219980101    .0
2000400219980102   9.6
2000400219980103    .0
2000400219980104    .0
2000400219980105    .2
2000400219980106    .0
2000400219980107    .0
2000400219980108    .0
2000400219980109    .0
2000400219980110    .0
2000400219980111    .0
2000400219980112    .0
2000400219980113   4.6
2000400219980114   7.0
2000400219980115    .0
2000400219980116   9.0
2000400219980117    .0
2000400219980118   3.0
2000400219980119  17.6
2000400219980120    .6
2000400219980121    .0
2000400219980122    .0
2000400219980123    .0
2000400219980124    .0
2000400219980125    .0
2000400219980126    .0
2000400219980127    .0
2000400219980128    .0
2000400219980129    .0
2000400219980130    .0
2000400219980131    .0
2000400219980201    .0
2000400219980202    .2
2000400219980203  13.2
2000400219980204   6.4
2000400219980205    .0
2000400219980206    .0
2000400219980207    .0
2000400219980208    .0
2000400219980209    .0
2000400219980210    .0
2000400219980211    .0
2000400219980212    .0
2000400219980213    .0
2000400219980214    .0
2000400219980215    .0
2000400219980216    .0
2000400219980217    .0
2000400219980218    .0
2000400219980219    .0
2000400219980220    .0
2000400219980221    .0
2000400219980222   8.2
2000400219980223    .0
2000400219980224   1.2
2000400219980225    .0
2000400219980226    .0
2000400219980227    .0
2000400219980228    .0
2000400219980301    .0
2000400219980302    .0
2000400219980303    .0
2000400219980304    .0
2000400219980305    .0
2000400219980306    .0
2000400219980307    .0
2000400219980308    .0
2000400219980309   4.2
2000400219980310    .0
2000400219980311  30.8
2000400219980312   4.6
2000400219980313    .0
2000400219980314    .0
2000400219980315    .0
2000400219980316    .0
2000400219980317    .0
2000400219980318    .0
2000400219980319    .0
2000400219980320    .0
2000400219980321    .0
2000400219980322    .0
2000400219980323   3.0
2000400219980324    .0
2000400219980325    .0
2000400219980326    .0
2000400219980327    .0
2000400219980328    .0
2000400219980329    .0
2000400219980330    .0
2000400219980331    .0
2000400219980401    .0
2000400219980402    .0
2000400219980403    .0
2000400219980404    .0
2000400219980405    .6
2000400219980406    .0
2000400219980407    .0
2000400219980408   3.4
2000400219980409    .4
2000400219980410  21.4
2000400219980411   9.0
2000400219980412   4.8
2000400219980413   4.8
2000400219980414    .0
2000400219980415   8.8
2000400219980416    .4
2000400219980417   3.4
2000400219980418   2.8
2000400219980419    .0
2000400219980420    .0
2000400219980421    .0
2000400219980422    .6
2000400219980423    .2
2000400219980424    .0
2000400219980425    .0
2000400219980426    .0
2000400219980427    .6
2000400219980428    .4
2000400219980429  10.4
2000400219980430   4.8
2000400219980501    .0
2000400219980502    .0
2000400219980503   1.0
2000400219980504   1.8
2000400219980505    .0
2000400219980506    .0
2000400219980507    .0
2000400219980508    .0
2000400219980509    .0
2000400219980510    .0
2000400219980511    .0
2000400219980512    .0
2000400219980513    .0
2000400219980514    .0
2000400219980515    .0
2000400219980516   3.2
2000400219980517   2.6
2000400219980518    .0
2000400219980519    .0
2000400219980520    .0
2000400219980521    .0
2000400219980522    .0
2000400219980523    .0
2000400219980524    .0
2000400219980525    .0
2000400219980526    .0
2000400219980527   6.0
2000400219980528   5.0
2000400219980529    .0
2000400219980530    .0
2000400219980531    .0
2000400219980601    .0
2000400219980602    .0
2000400219980603    .0
2000400219980604    .0
2000400219980605    .0
2000400219980606    .0
2000400219980607    .0
2000400219980608    .0
2000400219980609    .0
2000400219980610   6.6
2000400219980611    .0
2000400219980612    .0
2000400219980613    .0
2000400219980614    .0
2000400219980615   1.8
2000400219980616    .0
2000400219980617    .0
2000400219980618    .0
2000400219980619    .0
2000400219980620    .0
2000400219980621    .0
2000400219980622    .0
2000400219980623    .0
2000400219980624    .0
2000400219980625    .0
2000400219980626    .0
2000400219980627    .0
2000400219980628    .0
2000400219980629    .0
2000400219980630    .0
2000400219980701    .0
2000400219980702    .0
2000400219980703    .0
2000400219980704    .0
2000400219980705    .0
2000400219980706    .0
2000400219980707    .0
2000400219980708    .0
2000400219980709    .0
2000400219980710    .0
2000400219980711    .0
2000400219980712    .0
2000400219980713    .0
2000400219980714    .4
2000400219980715    .0
2000400219980716    .0
2000400219980717    .0
2000400219980718    .0
2000400219980719    .0
2000400219980720    .0
2000400219980721    .0
2000400219980722    .0
2000400219980723    .0
2000400219980724    .0
2000400219980725    .0
2000400219980726    .0
2000400219980727    .0
2000400219980728    .0
2000400219980729    .0
2000400219980730    .0
2000400219980731    .0
2000400219980801    .0
2000400219980802    .2
2000400219980803   1.2
2000400219980804    .0
2000400219980805   4.4
2000400219980806    .0
2000400219980807    .0
2000400219980808    .0
2000400219980809    .0
2000400219980810    .0
2000400219980811    .0
2000400219980812    .0
2000400219980813    .0
2000400219980814    .0
2000400219980815    .0
2000400219980816    .0
2000400219980817    .0
2000400219980818    .0
2000400219980819    .0
2000400219980820    .0
2000400219980821    .0
2000400219980822    .0
2000400219980823    .0
2000400219980824    .0
2000400219980825    .0
2000400219980826    .0
2000400219980827    .0
2000400219980828    .0
2000400219980829    .0
2000400219980830    .0
2000400219980831    .0
2000400219980901    .0
2000400219980902    .0
2000400219980903    .0
2000400219980904   1.2
2000400219980905   4.2
2000400219980906    .0
2000400219980907    .0
2000400219980908    .0
2000400219980909    .0
2000400219980910    .0
2000400219980911  22.4
2000400219980912   3.8
2000400219980913    .8
2000400219980914    .0
2000400219980915    .0
2000400219980916    .0
2000400219980917    .0
2000400219980918    .0
2000400219980919    .0
2000400219980920    .0
2000400219980921    .0
2000400219980922    .0
2000400219980923    .0
2000400219980924  34.6
2000400219980925    .0
2000400219980926   1.6
2000400219980927   2.8
2000400219980928    .0
2000400219980929    .0
2000400219980930    .6
2000400219981001   2.4
2000400219981002  14.0
2000400219981003   3.0
2000400219981004  41.8
2000400219981005  14.8
2000400219981006  14.2
2000400219981007   1.6
2000400219981008    .0
2000400219981009   1.2
2000400219981010    .0
2000400219981011    .0
2000400219981012    .0
2000400219981013    .0
2000400219981014    .0
2000400219981015    .0
2000400219981016    .0
2000400219981017    .0
2000400219981018    .0
2000400219981019   2.0
2000400219981020    .0
2000400219981021    .0
2000400219981022    .0
2000400219981023    .0
2000400219981024    .0
2000400219981025   1.4
2000400219981026    .0
2000400219981027    .0
2000400219981028    .0
2000400219981029    .2
2000400219981030    .0
2000400219981031    .0
2000400219981101    .0
2000400219981102   2.2
2000400219981103    .6
2000400219981104   5.0
2000400219981105    .0
2000400219981106    .0
2000400219981107    .0
2000400219981108    .0
2000400219981109    .0
2000400219981110    .4
2000400219981111    .0
2000400219981112  11.2
2000400219981113   1.6
2000400219981114    .0
2000400219981115    .0
2000400219981116    .0
2000400219981117    .0
2000400219981118    .8
2000400219981119    .0
2000400219981120    .0
2000400219981121    .0
2000400219981122    .0
2000400219981123    .0
2000400219981124    .0
2000400219981125   3.2
2000400219981126    .2
2000400219981127    .0
2000400219981128    .0
2000400219981129   2.2
2000400219981130  10.4
2000400219981201    .0
2000400219981202    .0
2000400219981203  16.8
2000400219981204    .2
2000400219981205    .0
2000400219981206    .2
2000400219981207    .0
2000400219981208    .0
2000400219981209    .0
2000400219981210   2.0
2000400219981211   6.8
2000400219981212    .0
2000400219981213    .0
2000400219981214    .0
2000400219981215    .0
2000400219981216    .0
2000400219981217    .2
2000400219981218    .0
2000400219981219    .0
2000400219981220  21.4
2000400219981221   3.0
2000400219981222    .0
2000400219981223    .0
2000400219981224    .4
2000400219981225    .0
2000400219981226    .0
2000400219981227    .0
2000400219981228    .0
2000400219981229    .0
2000400219981230    .0
2000400219981231   2.4
