2014800119940101   6.6
2014800119940102    .0
2014800119940103    .0
2014800119940104    .0
2014800119940105    .0
2014800119940106    .0
2014800119940107   3.8
2014800119940108    .6
2014800119940109    .0
2014800119940110    .0
2014800119940111  10.0
2014800119940112    .0
2014800119940113    .0
2014800119940114    .0
2014800119940115   8.6
2014800119940116    .2
2014800119940117    .0
2014800119940118    .0
2014800119940119    .0
2014800119940120   3.4
2014800119940121    .0
2014800119940122    .0
2014800119940123    .0
2014800119940124    .0
2014800119940125    .0
2014800119940126    .0
2014800119940127    .0
2014800119940128    .0
2014800119940129    .0
2014800119940130    .0
2014800119940131    .0
2014800119940201    .0
2014800119940202    .0
2014800119940203    .0
2014800119940204   7.6
2014800119940205   1.2
2014800119940206   6.2
2014800119940207    .0
2014800119940208   3.0
2014800119940209    .2
2014800119940210    .2
2014800119940211    .0
2014800119940212    .2
2014800119940213    .0
2014800119940214   4.0
2014800119940215   7.2
2014800119940216    .6
2014800119940217    .0
2014800119940218    .0
2014800119940219    .0
2014800119940220    .2
2014800119940221    .0
2014800119940222    .0
2014800119940223    .0
2014800119940224    .0
2014800119940225    .0
2014800119940226    .0
2014800119940227    .0
2014800119940228   1.0
2014800119940301    .0
2014800119940302    .0
2014800119940303    .0
2014800119940304    .0
2014800119940305    .0
2014800119940306    .0
2014800119940307    .0
2014800119940308    .0
2014800119940309    .0
2014800119940310    .0
2014800119940311    .0
2014800119940312    .0
2014800119940313    .0
2014800119940314    .0
2014800119940315    .0
2014800119940316    .0
2014800119940317    .0
2014800119940318    .0
2014800119940319    .0
2014800119940320    .0
2014800119940321    .0
2014800119940322    .0
2014800119940323    .0
2014800119940324    .0
2014800119940325    .0
2014800119940326    .0
2014800119940327    .0
2014800119940328    .0
2014800119940329    .0
2014800119940330    .0
2014800119940331    .0
2014800119940401    .0
2014800119940402    .0
2014800119940403  10.6
2014800119940404    .0
2014800119940405    .0
2014800119940406    .0
2014800119940407   9.2
2014800119940408    .2
2014800119940409    .6
2014800119940410    .0
2014800119940411  12.6
2014800119940412    .0
2014800119940413    .0
2014800119940414    .2
2014800119940415   7.6
2014800119940416  34.8
2014800119940417   9.0
2014800119940418  67.4
2014800119940419   2.8
2014800119940420    .0
2014800119940421    .0
2014800119940422    .0
2014800119940423    .0
2014800119940424   6.2
2014800119940425  24.6
2014800119940426    .0
2014800119940427    .0
2014800119940428    .0
2014800119940429    .0
2014800119940430    .0
2014800119940501    .0
2014800119940502    .0
2014800119940503    .0
2014800119940504    .0
2014800119940505    .0
2014800119940506    .0
2014800119940507    .0
2014800119940508    .2
2014800119940509   6.2
2014800119940510    .0
2014800119940511    .0
2014800119940512    .0
2014800119940513    .2
2014800119940514    .0
2014800119940515    .0
2014800119940516    .0
2014800119940517   9.6
2014800119940518  13.4
2014800119940519    .0
2014800119940520    .0
2014800119940521    .0
2014800119940522    .0
2014800119940523    .0
2014800119940524    .0
2014800119940525    .0
2014800119940526    .0
2014800119940527    .0
2014800119940528    .0
2014800119940529    .0
2014800119940530    .0
2014800119940531    .0
2014800119940601    .0
2014800119940602    .0
2014800119940603    .0
2014800119940604    .0
2014800119940605    .0
2014800119940606    .0
2014800119940607    .0
2014800119940608    .0
2014800119940609   7.0
2014800119940610    .0
2014800119940611 130.8
2014800119940612   4.6
2014800119940613    .0
2014800119940614    .0
2014800119940615    .0
2014800119940616    .0
2014800119940617    .0
2014800119940618    .0
2014800119940619    .0
2014800119940620    .0
2014800119940621    .0
2014800119940622    .0
2014800119940623    .0
2014800119940624    .0
2014800119940625    .0
2014800119940626    .6
2014800119940627    .8
2014800119940628    .0
2014800119940629    .0
2014800119940630    .0
2014800119940701    .0
2014800119940702    .0
2014800119940703    .0
2014800119940704    .0
2014800119940705    .0
2014800119940706    .0
2014800119940707    .0
2014800119940708    .0
2014800119940709    .0
2014800119940710    .0
2014800119940711    .0
2014800119940712    .0
2014800119940713    .0
2014800119940714    .0
2014800119940715    .0
2014800119940716    .0
2014800119940717    .0
2014800119940718    .0
2014800119940719    .0
2014800119940720   9.6
2014800119940721    .0
2014800119940722    .0
2014800119940723    .0
2014800119940724    .0
2014800119940725    .0
2014800119940726    .0
2014800119940727    .0
2014800119940728    .0
2014800119940729    .0
2014800119940730    .0
2014800119940731    .0
2014800119940801    .0
2014800119940802    .0
2014800119940803    .0
2014800119940804    .0
2014800119940805    .0
2014800119940806    .0
2014800119940807    .0
2014800119940808    .0
2014800119940809    .0
2014800119940810    .0
2014800119940811    .0
2014800119940812    .0
2014800119940813    .0
2014800119940814    .0
2014800119940815    .0
2014800119940816    .0
2014800119940817    .0
2014800119940818    .0
2014800119940819    .0
2014800119940820    .0
2014800119940821    .0
2014800119940822    .0
2014800119940823    .0
2014800119940824    .0
2014800119940825    .0
2014800119940826    .0
2014800119940827    .0
2014800119940828    .0
2014800119940829    .0
2014800119940830    .0
2014800119940831   3.4
2014800119940901    .0
2014800119940902    .4
2014800119940903    .0
2014800119940904    .0
2014800119940905    .0
2014800119940906    .0
2014800119940907    .0
2014800119940908    .0
2014800119940909    .0
2014800119940910    .0
2014800119940911    .0
2014800119940912    .0
2014800119940913   2.4
2014800119940914   2.4
2014800119940915    .0
2014800119940916    .6
2014800119940917    .0
2014800119940918  24.8
2014800119940919    .4
2014800119940920    .0
2014800119940921   6.4
2014800119940922   1.0
2014800119940923   2.6
2014800119940924    .0
2014800119940925    .2
2014800119940926   3.8
2014800119940927    .0
2014800119940928    .0
2014800119940929    .0
2014800119940930    .2
2014800119941001    .0
2014800119941002  11.6
2014800119941003   3.0
2014800119941004    .0
2014800119941005    .0
2014800119941006    .0
2014800119941007    .0
2014800119941008    .0
2014800119941009    .0
2014800119941010    .0
2014800119941011    .0
2014800119941012    .0
2014800119941013    .0
2014800119941014    .0
2014800119941015    .0
2014800119941016    .0
2014800119941017    .0
2014800119941018   3.0
2014800119941019  13.0
2014800119941020  35.4
2014800119941021   6.8
2014800119941022    .0
2014800119941023    .4
2014800119941024    .0
2014800119941025    .0
2014800119941026    .0
2014800119941027    .4
2014800119941028   1.6
2014800119941029    .0
2014800119941030    .0
2014800119941031    .0
2014800119941101    .0
2014800119941102   2.8
2014800119941103  15.0
2014800119941104  85.8
2014800119941105  58.4
2014800119941106   1.8
2014800119941107  17.6
2014800119941108    .0
2014800119941109  10.2
2014800119941110    .0
2014800119941111   3.6
2014800119941112    .0
2014800119941113    .0
2014800119941114    .0
2014800119941115    .0
2014800119941116    .0
2014800119941117    .0
2014800119941118    .0
2014800119941119    .0
2014800119941120    .0
2014800119941121    .0
2014800119941122    .0
2014800119941123    .0
2014800119941124    .0
2014800119941125    .0
2014800119941126    .0
2014800119941127    .2
2014800119941128    .0
2014800119941129    .0
2014800119941130    .0
2014800119941201    .0
2014800119941202    .8
2014800119941203    .0
2014800119941204    .0
2014800119941205    .0
2014800119941206    .0
2014800119941207    .0
2014800119941208    .0
2014800119941209    .0
2014800119941210    .0
2014800119941211    .0
2014800119941212    .0
2014800119941213    .0
2014800119941214    .0
2014800119941215    .0
2014800119941216    .0
2014800119941217    .0
2014800119941218    .2
2014800119941219    .0
2014800119941220    .0
2014800119941221   2.6
2014800119941222   4.0
2014800119941223   1.4
2014800119941224    .6
2014800119941225  10.8
2014800119941226    .0
2014800119941227    .0
2014800119941228    .0
2014800119941229    .0
2014800119941230    .0
2014800119941231    .0
2014800119950101    .8
2014800119950102   2.4
2014800119950103    .2
2014800119950104    .0
2014800119950105    .0
2014800119950106    .2
2014800119950107    .0
2014800119950108    .0
2014800119950109    .0
2014800119950110    .0
2014800119950111    .0
2014800119950112    .0
2014800119950113    .0
2014800119950114    .0
2014800119950115    .0
2014800119950116    .0
2014800119950117    .0
2014800119950118    .4
2014800119950119    .0
2014800119950120    .0
2014800119950121    .0
2014800119950122    .0
2014800119950123    .0
2014800119950124    .0
2014800119950125    .0
2014800119950126    .0
2014800119950127    .0
2014800119950128    .0
2014800119950129    .2
2014800119950130   1.8
2014800119950131    .0
2014800119950201    .0
2014800119950202    .0
2014800119950203    .0
2014800119950204    .0
2014800119950205    .0
2014800119950206    .0
2014800119950207    .0
2014800119950208    .0
2014800119950209    .2
2014800119950210    .0
2014800119950211    .0
2014800119950212    .0
2014800119950213    .2
2014800119950214    .0
2014800119950215    .0
2014800119950216    .0
2014800119950217    .0
2014800119950218    .0
2014800119950219    .0
2014800119950220    .0
2014800119950221    .0
2014800119950222    .4
2014800119950223    .0
2014800119950224    .2
2014800119950225    .0
2014800119950226    .8
2014800119950227    .0
2014800119950228    .0
2014800119950301    .0
2014800119950302   7.4
2014800119950303    .0
2014800119950304    .0
2014800119950305    .2
2014800119950306    .0
2014800119950307    .0
2014800119950308   5.8
2014800119950309    .0
2014800119950310    .0
2014800119950311    .0
2014800119950312    .0
2014800119950313    .0
2014800119950314   7.0
2014800119950315    .0
2014800119950316    .0
2014800119950317    .0
2014800119950318    .0
2014800119950319    .0
2014800119950320    .0
2014800119950321    .0
2014800119950322    .0
2014800119950323    .0
2014800119950324    .0
2014800119950325    .0
2014800119950326    .0
2014800119950327   2.0
2014800119950328    .0
2014800119950329   3.2
2014800119950330    .0
2014800119950331    .0
2014800119950401    .0
2014800119950402    .0
2014800119950403    .0
2014800119950404    .0
2014800119950405    .0
2014800119950406    .0
2014800119950407    .0
2014800119950408    .0
2014800119950409    .0
2014800119950410  16.0
2014800119950411   1.2
2014800119950412    .0
2014800119950413  57.8
2014800119950414  11.2
2014800119950415    .0
2014800119950416    .0
2014800119950417    .0
2014800119950418    .0
2014800119950419    .0
2014800119950420    .0
2014800119950421    .4
2014800119950422    .0
2014800119950423  14.4
2014800119950424  50.2
2014800119950425    .0
2014800119950426    .4
2014800119950427   2.2
2014800119950428    .0
2014800119950429    .0
2014800119950430   3.6
2014800119950501    .0
2014800119950502    .0
2014800119950503    .0
2014800119950504    .0
2014800119950505    .0
2014800119950506    .0
2014800119950507    .0
2014800119950508    .0
2014800119950509    .0
2014800119950510   1.4
2014800119950511   2.8
2014800119950512   7.4
2014800119950513    .0
2014800119950514    .0
2014800119950515    .0
2014800119950516    .8
2014800119950517    .0
2014800119950518   2.6
2014800119950519    .0
2014800119950520    .0
2014800119950521    .0
2014800119950522    .0
2014800119950523    .0
2014800119950524    .0
2014800119950525    .2
2014800119950526   2.4
2014800119950527    .0
2014800119950528    .0
2014800119950529    .0
2014800119950530  58.8
2014800119950531   1.0
2014800119950601   2.6
2014800119950602    .0
2014800119950603    .0
2014800119950604    .0
2014800119950605    .0
2014800119950606    .0
2014800119950607    .0
2014800119950608    .0
2014800119950609    .0
2014800119950610   4.6
2014800119950611    .0
2014800119950612    .6
2014800119950613    .0
2014800119950614    .0
2014800119950615    .2
2014800119950616    .0
2014800119950617    .0
2014800119950618    .0
2014800119950619    .0
2014800119950620    .0
2014800119950621    .0
2014800119950622    .0
2014800119950623   2.6
2014800119950624    .0
2014800119950625    .0
2014800119950626    .0
2014800119950627    .0
2014800119950628    .0
2014800119950629    .0
2014800119950630    .0
2014800119950701    .0
2014800119950702    .0
2014800119950703    .0
2014800119950704   7.8
2014800119950705   9.6
2014800119950706    .0
2014800119950707    .0
2014800119950708    .0
2014800119950709    .0
2014800119950710    .0
2014800119950711    .0
2014800119950712    .0
2014800119950713    .0
2014800119950714    .0
2014800119950715    .0
2014800119950716    .0
2014800119950717    .0
2014800119950718    .0
2014800119950719    .0
2014800119950720    .0
2014800119950721    .0
2014800119950722    .0
2014800119950723    .0
2014800119950724    .0
2014800119950725    .0
2014800119950726    .0
2014800119950727    .0
2014800119950728    .0
2014800119950729    .0
2014800119950730    .0
2014800119950731    .0
2014800119950801    .0
2014800119950802    .0
2014800119950803    .0
2014800119950804   4.0
2014800119950805    .0
2014800119950806    .0
2014800119950807    .0
2014800119950808   5.6
2014800119950809    .0
2014800119950810    .0
2014800119950811    .0
2014800119950812  25.2
2014800119950813    .0
2014800119950814    .0
2014800119950815    .0
2014800119950816  10.2
2014800119950817   2.8
2014800119950818    .0
2014800119950819    .0
2014800119950820    .0
2014800119950821    .0
2014800119950822   1.0
2014800119950823    .8
2014800119950824    .0
2014800119950825    .0
2014800119950826    .0
2014800119950827    .0
2014800119950828    .0
2014800119950829    .0
2014800119950830    .0
2014800119950831    .0
2014800119950901    .0
2014800119950902    .0
2014800119950903    .0
2014800119950904    .2
2014800119950905  19.4
2014800119950906   3.0
2014800119950907    .0
2014800119950908    .0
2014800119950909    .0
2014800119950910    .0
2014800119950911    .0
2014800119950912   9.4
2014800119950913  17.2
2014800119950914   1.4
2014800119950915    .2
2014800119950916    .0
2014800119950917    .0
2014800119950918  12.4
2014800119950919    .0
2014800119950920    .2
2014800119950921    .4
2014800119950922   5.0
2014800119950923   8.0
2014800119950924    .2
2014800119950925    .0
2014800119950926    .0
2014800119950927    .0
2014800119950928    .0
2014800119950929    .0
2014800119950930    .0
2014800119951001    .0
2014800119951002    .0
2014800119951003    .0
2014800119951004    .0
2014800119951005   2.0
2014800119951006    .0
2014800119951007    .0
2014800119951008    .0
2014800119951009    .0
2014800119951010    .0
2014800119951011    .0
2014800119951012    .0
2014800119951013    .0
2014800119951014    .0
2014800119951015    .0
2014800119951016    .0
2014800119951017    .0
2014800119951018    .0
2014800119951019    .0
2014800119951020    .0
2014800119951021    .0
2014800119951022    .0
2014800119951023    .0
2014800119951024    .0
2014800119951025    .0
2014800119951026    .0
2014800119951027    .0
2014800119951028    .0
2014800119951029    .0
2014800119951030    .0
2014800119951031    .0
2014800119951101    .0
2014800119951102   2.8
2014800119951103    .0
2014800119951104    .0
2014800119951105    .0
2014800119951106    .0
2014800119951107    .0
2014800119951108    .0
2014800119951109    .0
2014800119951110  16.4
2014800119951111   3.0
2014800119951112   3.4
2014800119951113  35.8
2014800119951114    .0
2014800119951115    .0
2014800119951116    .0
2014800119951117    .0
2014800119951118    .0
2014800119951119    .0
2014800119951120    .0
2014800119951121    .0
2014800119951122    .2
2014800119951123    .0
2014800119951124    .0
2014800119951125  12.8
2014800119951126  26.4
2014800119951127   2.4
2014800119951128    .0
2014800119951129    .0
2014800119951130    .0
2014800119951201    .0
2014800119951202    .0
2014800119951203    .0
2014800119951204    .0
2014800119951205   1.4
2014800119951206    .0
2014800119951207    .0
2014800119951208    .2
2014800119951209    .0
2014800119951210    .0
2014800119951211    .0
2014800119951212  22.8
2014800119951213   9.0
2014800119951214   3.2
2014800119951215  12.4
2014800119951216  64.2
2014800119951217   1.4
2014800119951218    .0
2014800119951219    .0
2014800119951220    .0
2014800119951221    .0
2014800119951222    .0
2014800119951223    .2
2014800119951224    .0
2014800119951225    .0
2014800119951226   1.0
2014800119951227   1.2
2014800119951228   2.2
2014800119951229    .0
2014800119951230   9.4
2014800119951231   2.6
2014800119960101    .4
2014800119960102    .0
2014800119960103    .0
2014800119960104    .0
2014800119960105   6.0
2014800119960106   7.4
2014800119960107   2.0
2014800119960108    .0
2014800119960109   1.0
2014800119960110   5.4
2014800119960111    .0
2014800119960112   7.2
2014800119960113   2.2
2014800119960114    .0
2014800119960115    .0
2014800119960116    .0
2014800119960117    .0
2014800119960118    .0
2014800119960119    .0
2014800119960120    .2
2014800119960121    .0
2014800119960122   5.2
2014800119960123    .2
2014800119960124    .6
2014800119960125    .0
2014800119960126   3.0
2014800119960127    .0
2014800119960128  46.6
2014800119960129  17.4
2014800119960130    .0
2014800119960131   6.4
2014800119960201  45.0
2014800119960202   2.8
2014800119960203    .0
2014800119960204    .0
2014800119960205   3.0
2014800119960206    .0
2014800119960207   3.0
2014800119960208    .0
2014800119960209    .0
2014800119960210    .0
2014800119960211   4.6
2014800119960212   1.4
2014800119960213    .0
2014800119960214  18.6
2014800119960215    .4
2014800119960216    .0
2014800119960217    .0
2014800119960218    .0
2014800119960219   2.0
2014800119960220    .8
2014800119960221   4.2
2014800119960222   9.8
2014800119960223   1.8
2014800119960224    .0
2014800119960225   9.0
2014800119960226  36.4
2014800119960227    .0
2014800119960228    .0
2014800119960229    .0
2014800119960301    .0
2014800119960302   2.8
2014800119960303  19.6
2014800119960304   4.4
2014800119960305    .0
2014800119960306    .0
2014800119960307   8.2
2014800119960308    .0
2014800119960309    .0
2014800119960310    .6
2014800119960311    .4
2014800119960312    .0
2014800119960313    .0
2014800119960314   5.8
2014800119960315  60.2
2014800119960316  49.6
2014800119960317  16.8
2014800119960318    .0
2014800119960319   3.4
2014800119960320    .0
2014800119960321    .0
2014800119960322    .0
2014800119960323    .0
2014800119960324    .0
2014800119960325    .0
2014800119960326   8.0
2014800119960327    .0
2014800119960328   2.6
2014800119960329    .0
2014800119960330    .0
2014800119960331    .0
2014800119960401   9.2
2014800119960402   1.6
2014800119960403  14.6
2014800119960404    .0
2014800119960405    .0
2014800119960406    .0
2014800119960407    .0
2014800119960408    .0
2014800119960409    .2
2014800119960410    .0
2014800119960411    .0
2014800119960412    .0
2014800119960413   1.6
2014800119960414    .4
2014800119960415    .0
2014800119960416    .0
2014800119960417    .0
2014800119960418    .0
2014800119960419    .0
2014800119960420    .0
2014800119960421    .0
2014800119960422    .0
2014800119960423  10.2
2014800119960424  13.6
2014800119960425  15.2
2014800119960426   1.4
2014800119960427   2.0
2014800119960428   4.2
2014800119960429    .0
2014800119960430    .0
2014800119960501   2.0
2014800119960502    .6
2014800119960503    .0
2014800119960504    .0
2014800119960505   1.2
2014800119960506    .0
2014800119960507  22.2
2014800119960508   5.0
2014800119960509   3.0
2014800119960510   1.6
2014800119960511    .0
2014800119960512  16.4
2014800119960513   1.4
2014800119960514    .6
2014800119960515    .0
2014800119960516    .0
2014800119960517    .0
2014800119960518    .0
2014800119960519   1.4
2014800119960520    .4
2014800119960521    .0
2014800119960522    .0
2014800119960523    .0
2014800119960524    .2
2014800119960525    .0
2014800119960526    .0
2014800119960527    .0
2014800119960528    .0
2014800119960529    .0
2014800119960530    .0
2014800119960531    .0
2014800119960601    .0
2014800119960602  17.4
2014800119960603  10.4
2014800119960604    .6
2014800119960605    .0
2014800119960606    .0
2014800119960607    .0
2014800119960608    .0
2014800119960609    .0
2014800119960610    .0
2014800119960611    .0
2014800119960612    .0
2014800119960613    .0
2014800119960614    .0
2014800119960615    .0
2014800119960616    .0
2014800119960617    .0
2014800119960618    .0
2014800119960619    .0
2014800119960620    .0
2014800119960621    .4
2014800119960622    .4
2014800119960623    .0
2014800119960624   9.8
2014800119960625    .2
2014800119960626    .2
2014800119960627    .0
2014800119960628    .0
2014800119960629    .0
2014800119960630    .0
2014800119960701    .0
2014800119960702    .8
2014800119960703    .0
2014800119960704    .0
2014800119960705    .0
2014800119960706    .0
2014800119960707    .0
2014800119960708    .0
2014800119960709    .0
2014800119960710    .0
2014800119960711    .0
2014800119960712    .0
2014800119960713    .0
2014800119960714    .0
2014800119960715    .0
2014800119960716    .0
2014800119960717    .0
2014800119960718    .0
2014800119960719    .0
2014800119960720    .4
2014800119960721    .0
2014800119960722    .0
2014800119960723    .0
2014800119960724    .0
2014800119960725    .0
2014800119960726    .0
2014800119960727    .0
2014800119960728   1.4
2014800119960729    .0
2014800119960730    .0
2014800119960731    .0
2014800119960801    .0
2014800119960802    .0
2014800119960803    .0
2014800119960804    .0
2014800119960805    .0
2014800119960806    .0
2014800119960807    .0
2014800119960808   2.2
2014800119960809    .0
2014800119960810    .0
2014800119960811    .8
2014800119960812    .0
2014800119960813    .0
2014800119960814    .0
2014800119960815    .0
2014800119960816    .0
2014800119960817    .0
2014800119960818    .0
2014800119960819    .0
2014800119960820    .0
2014800119960821    .0
2014800119960822  12.6
2014800119960823    .0
2014800119960824    .0
2014800119960825   2.6
2014800119960826    .0
2014800119960827    .0
2014800119960828    .0
2014800119960829    .0
2014800119960830   1.0
2014800119960831    .0
2014800119960901    .0
2014800119960902  56.0
2014800119960903   1.8
2014800119960904    .0
2014800119960905    .0
2014800119960906    .0
2014800119960907   6.0
2014800119960908    .0
2014800119960909    .0
2014800119960910    .0
2014800119960911  33.8
2014800119960912   9.2
2014800119960913    .0
2014800119960914    .0
2014800119960915    .0
2014800119960916    .0
2014800119960917   3.4
2014800119960918  29.6
2014800119960919  36.0
2014800119960920   1.4
2014800119960921   7.4
2014800119960922    .6
2014800119960923    .0
2014800119960924    .0
2014800119960925    .2
2014800119960926    .0
2014800119960927    .0
2014800119960928    .0
2014800119960929    .0
2014800119960930    .0
2014800119961001    .2
2014800119961002    .0
2014800119961003    .0
2014800119961004    .0
2014800119961005    .0
2014800119961006  27.2
2014800119961007  29.4
2014800119961008   7.6
2014800119961009    .0
2014800119961010    .0
2014800119961011    .0
2014800119961012    .0
2014800119961013  27.2
2014800119961014   5.4
2014800119961015  16.2
2014800119961016   2.0
2014800119961017    .0
2014800119961018    .0
2014800119961019    .0
2014800119961020    .0
2014800119961021    .0
2014800119961022    .4
2014800119961023    .2
2014800119961024    .0
2014800119961025    .0
2014800119961026    .0
2014800119961027    .0
2014800119961028    .0
2014800119961029    .0
2014800119961030    .0
2014800119961031    .0
2014800119961101    .2
2014800119961102    .0
2014800119961103    .0
2014800119961104    .2
2014800119961105    .0
2014800119961106    .0
2014800119961107    .0
2014800119961108    .0
2014800119961109    .2
2014800119961110    .2
2014800119961111    .0
2014800119961112    .2
2014800119961113    .0
2014800119961114    .0
2014800119961115    .2
2014800119961116   8.2
2014800119961117   2.4
2014800119961118    .6
2014800119961119   2.6
2014800119961120    .6
2014800119961121   1.0
2014800119961122    .0
2014800119961123   2.0
2014800119961124    .2
2014800119961125   2.6
2014800119961126    .4
2014800119961127   1.4
2014800119961128   4.0
2014800119961129    .0
2014800119961130    .0
2014800119961201    .0
2014800119961202    .0
2014800119961203    .0
2014800119961204    .0
2014800119961205    .4
2014800119961206  13.6
2014800119961207   4.6
2014800119961208  34.6
2014800119961209  25.0
2014800119961210   1.4
2014800119961211  16.8
2014800119961212    .4
2014800119961213   3.0
2014800119961214    .0
2014800119961215    .2
2014800119961216    .2
2014800119961217    .4
2014800119961218    .2
2014800119961219   2.4
2014800119961220    .2
2014800119961221    .2
2014800119961222   1.2
2014800119961223    .0
2014800119961224   6.6
2014800119961225   5.2
2014800119961226    .0
2014800119961227    .0
2014800119961228  28.5
2014800119961229   1.4
2014800119961230    .0
2014800119961231   1.4
2014800119970101    .0
2014800119970102   1.4
2014800119970103   1.8
2014800119970104   1.4
2014800119970105    .0
2014800119970106   2.0
2014800119970107  11.4
2014800119970108   4.2
2014800119970109   1.2
2014800119970110   1.0
2014800119970111    .0
2014800119970112    .0
2014800119970113    .0
2014800119970114    .0
2014800119970115    .2
2014800119970116    .2
2014800119970117   8.4
2014800119970118   3.0
2014800119970119    .4
2014800119970120    .2
2014800119970121    .0
2014800119970122    .2
2014800119970123    .2
2014800119970124    .0
2014800119970125    .2
2014800119970126    .0
2014800119970127    .0
2014800119970128    .0
2014800119970129    .2
2014800119970130    .0
2014800119970131    .0
2014800119970201    .0
2014800119970202    .0
2014800119970203    .0
2014800119970204    .0
2014800119970205  13.8
2014800119970206   1.4
2014800119970207    .0
2014800119970208    .0
2014800119970209    .2
2014800119970210    .0
2014800119970211    .0
2014800119970212    .2
2014800119970213    .0
2014800119970214   1.6
2014800119970215   2.2
2014800119970216    .0
2014800119970217    .0
2014800119970218    .0
2014800119970219    .0
2014800119970220    .0
2014800119970221    .2
2014800119970222    .0
2014800119970223    .0
2014800119970224    .0
2014800119970225    .2
2014800119970226    .4
2014800119970227    .0
2014800119970228    .0
2014800119970301    .0
2014800119970302    .0
2014800119970303    .2
2014800119970304    .0
2014800119970305    .0
2014800119970306   4.6
2014800119970307    .0
2014800119970308    .0
2014800119970309    .0
2014800119970310    .0
2014800119970311    .0
2014800119970312    .0
2014800119970313    .2
2014800119970314    .0
2014800119970315    .0
2014800119970316    .0
2014800119970317    .2
2014800119970318    .0
2014800119970319    .0
2014800119970320    .0
2014800119970321    .0
2014800119970322    .2
2014800119970323    .0
2014800119970324   1.8
2014800119970325    .0
2014800119970326    .0
2014800119970327    .0
2014800119970328    .8
2014800119970329   1.4
2014800119970330    .0
2014800119970331    .0
2014800119970401    .4
2014800119970402    .0
2014800119970403    .0
2014800119970404    .0
2014800119970405    .0
2014800119970406    .0
2014800119970407    .0
2014800119970408    .0
2014800119970409    .0
2014800119970410    .0
2014800119970411    .0
2014800119970412    .0
2014800119970413    .0
2014800119970414    .0
2014800119970415    .2
2014800119970416    .0
2014800119970417    .0
2014800119970418    .0
2014800119970419    .0
2014800119970420   7.6
2014800119970421  39.0
2014800119970422    .0
2014800119970423    .0
2014800119970424    .0
2014800119970425    .0
2014800119970426    .0
2014800119970427   1.6
2014800119970428    .0
2014800119970429    .6
2014800119970430    .0
2014800119970501    .0
2014800119970502    .0
2014800119970503    .0
2014800119970504    .0
2014800119970505    .8
2014800119970506    .2
2014800119970507   4.8
2014800119970508    .0
2014800119970509    .0
2014800119970510    .0
2014800119970511    .0
2014800119970512    .0
2014800119970513    .0
2014800119970514    .0
2014800119970515    .0
2014800119970516    .0
2014800119970517    .0
2014800119970518    .0
2014800119970519    .0
2014800119970520    .2
2014800119970521    .0
2014800119970522    .0
2014800119970523    .0
2014800119970524    .0
2014800119970525    .0
2014800119970526    .0
2014800119970527    .0
2014800119970528    .0
2014800119970529    .0
2014800119970530    .0
2014800119970531    .0
2014800119970601  80.2
2014800119970602  23.0
2014800119970603    .2
2014800119970604    .0
2014800119970605   6.0
2014800119970606    .4
2014800119970607    .0
2014800119970608    .0
2014800119970609    .2
2014800119970610    .0
2014800119970611    .0
2014800119970612    .0
2014800119970613    .2
2014800119970614    .0
2014800119970615    .0
2014800119970616    .0
2014800119970617    .0
2014800119970618    .0
2014800119970619    .0
2014800119970620    .0
2014800119970621    .0
2014800119970622    .0
2014800119970623    .0
2014800119970624    .0
2014800119970625    .0
2014800119970626    .0
2014800119970627    .0
2014800119970628   2.6
2014800119970629   7.0
2014800119970630    .4
2014800119970701    .0
2014800119970702   8.6
2014800119970703    .0
2014800119970704    .4
2014800119970705    .0
2014800119970706    .0
2014800119970707    .0
2014800119970708    .0
2014800119970709    .0
2014800119970710    .8
2014800119970711    .0
2014800119970712    .0
2014800119970713    .0
2014800119970714    .0
2014800119970715    .0
2014800119970716    .0
2014800119970717    .0
2014800119970718    .0
2014800119970719    .0
2014800119970720    .0
2014800119970721    .0
2014800119970722    .0
2014800119970723    .0
2014800119970724    .0
2014800119970725    .0
2014800119970726    .0
2014800119970727    .0
2014800119970728    .0
2014800119970729    .0
2014800119970730    .0
2014800119970731    .0
2014800119970801    .0
2014800119970802    .0
2014800119970803    .0
2014800119970804    .0
2014800119970805    .0
2014800119970806   2.4
2014800119970807    .0
2014800119970808    .0
2014800119970809    .0
2014800119970810    .0
2014800119970811    .8
2014800119970812    .0
2014800119970813    .0
2014800119970814    .0
2014800119970815    .0
2014800119970816    .0
2014800119970817   9.2
2014800119970818    .0
2014800119970819    .0
2014800119970820    .0
2014800119970821    .0
2014800119970822    .0
2014800119970823    .0
2014800119970824    .0
2014800119970825    .0
2014800119970826   1.0
2014800119970827   3.6
2014800119970828    .4
2014800119970829    .0
2014800119970830    .0
2014800119970831    .0
2014800119970901    .0
2014800119970902    .0
2014800119970903    .8
2014800119970904    .0
2014800119970905    .0
2014800119970906    .0
2014800119970907    .0
2014800119970908    .0
2014800119970909    .0
2014800119970910    .0
2014800119970911    .0
2014800119970912  11.2
2014800119970913    .0
2014800119970914    .0
2014800119970915    .2
2014800119970916    .0
2014800119970917    .0
2014800119970918    .0
2014800119970919    .0
2014800119970920    .0
2014800119970921    .0
2014800119970922    .0
2014800119970923    .0
2014800119970924    .0
2014800119970925    .0
2014800119970926    .0
2014800119970927    .0
2014800119970928    .0
2014800119970929    .0
2014800119970930    .0
2014800119971001    .0
2014800119971002    .0
2014800119971003    .0
2014800119971004    .2
2014800119971005  29.8
2014800119971006  10.6
2014800119971007    .2
2014800119971008    .0
2014800119971009    .2
2014800119971010    .0
2014800119971011    .0
2014800119971012    .0
2014800119971013   9.0
2014800119971014  18.2
2014800119971015    .0
2014800119971016    .0
2014800119971017    .0
2014800119971018    .2
2014800119971019    .0
2014800119971020    .0
2014800119971021  19.0
2014800119971022    .0
2014800119971023  59.6
2014800119971024    .0
2014800119971025    .0
2014800119971026    .0
2014800119971027  10.2
2014800119971028  25.4
2014800119971029    .2
2014800119971030   3.8
2014800119971031    .0
2014800119971101    .2
2014800119971102    .2
2014800119971103    .2
2014800119971104    .2
2014800119971105   7.6
2014800119971106   3.0
2014800119971107    .4
2014800119971108    .0
2014800119971109    .0
2014800119971110   1.0
2014800119971111   8.0
2014800119971112    .0
2014800119971113    .0
2014800119971114   7.0
2014800119971115    .0
2014800119971116    .0
2014800119971117    .0
2014800119971118    .0
2014800119971119  40.2
2014800119971120    .0
2014800119971121  19.2
2014800119971122  47.4
2014800119971123    .0
2014800119971124    .0
2014800119971125    .2
2014800119971126  69.4
2014800119971127   2.4
2014800119971128   2.0
2014800119971129   7.2
2014800119971130    .0
2014800119971201    .0
2014800119971202   2.8
2014800119971203    .6
2014800119971204   1.6
2014800119971205   1.6
2014800119971206    .0
2014800119971207    .0
2014800119971208    .0
2014800119971209    .0
2014800119971210    .0
2014800119971211    .2
2014800119971212    .0
2014800119971213    .0
2014800119971214    .0
2014800119971215  18.0
2014800119971216  18.4
2014800119971217  26.8
2014800119971218   2.2
2014800119971219  15.0
2014800119971220    .0
2014800119971221    .2
2014800119971222    .0
2014800119971223   1.8
2014800119971224    .0
2014800119971225    .2
2014800119971226   1.0
2014800119971227    .0
2014800119971228    .0
2014800119971229    .0
2014800119971230    .0
2014800119971231    .6
2014800119980101    .2
2014800119980102    .4
2014800119980103    .0
2014800119980104    .2
2014800119980105    .0
2014800119980106    .0
2014800119980107    .0
2014800119980108    .2
2014800119980109    .0
2014800119980110    .4
2014800119980111    .2
2014800119980112    .4
2014800119980113    .2
2014800119980114   2.4
2014800119980115    .0
2014800119980116   3.0
2014800119980117    .6
2014800119980118    .0
2014800119980119    .6
2014800119980120   9.2
2014800119980121    .0
2014800119980122    .0
2014800119980123    .2
2014800119980124    .0
2014800119980125  14.8
2014800119980126    .0
2014800119980127    .0
2014800119980128    .0
2014800119980129    .2
2014800119980130    .0
2014800119980131   8.4
2014800119980201    .0
2014800119980202    .8
2014800119980203  32.8
2014800119980204  14.2
2014800119980205    .0
2014800119980206    .0
2014800119980207    .0
2014800119980208    .0
2014800119980209    .0
2014800119980210    .2
2014800119980211    .0
2014800119980212    .2
2014800119980213    .0
2014800119980214    .0
2014800119980215    .2
2014800119980216    .0
2014800119980217    .0
2014800119980218    .0
2014800119980219    .2
2014800119980220    .0
2014800119980221    .0
2014800119980222    .8
2014800119980223  17.4
2014800119980224   5.2
2014800119980225    .0
2014800119980226    .0
2014800119980227    .0
2014800119980228    .2
2014800119980301    .0
2014800119980302    .2
2014800119980303    .0
2014800119980304    .2
2014800119980305    .0
2014800119980306    .0
2014800119980307    .2
2014800119980308    .0
2014800119980309  12.0
2014800119980310    .0
2014800119980311    .0
2014800119980312  40.6
2014800119980313    .2
2014800119980314    .2
2014800119980315    .0
2014800119980316    .0
2014800119980317    .0
2014800119980318    .0
2014800119980319    .2
2014800119980320    .0
2014800119980321   1.0
2014800119980322    .0
2014800119980323   3.8
2014800119980324  10.8
2014800119980325    .0
2014800119980326    .0
2014800119980327    .0
2014800119980328    .0
2014800119980329    .2
2014800119980330    .2
2014800119980331    .0
2014800119980401    .0
2014800119980402    .2
2014800119980403    .2
2014800119980404    .0
2014800119980405    .2
2014800119980406    .0
2014800119980407    .0
2014800119980408   4.0
2014800119980409    .0
2014800119980410   2.8
2014800119980411   4.2
2014800119980412    .4
2014800119980413    .6
2014800119980414    .0
2014800119980415   3.4
2014800119980416    .0
2014800119980417    .0
2014800119980418    .0
2014800119980419    .0
2014800119980420    .0
2014800119980421    .0
2014800119980422    .0
2014800119980423    .0
2014800119980424    .0
2014800119980425    .0
2014800119980426    .0
2014800119980427    .0
2014800119980428    .6
2014800119980429   8.4
2014800119980430  10.8
2014800119980501  18.8
2014800119980502    .2
2014800119980503   9.2
2014800119980504    .2
2014800119980505    .2
2014800119980506    .2
2014800119980507    .0
2014800119980508    .0
2014800119980509    .0
2014800119980510    .0
2014800119980511    .0
2014800119980512    .0
2014800119980513    .0
2014800119980514    .2
2014800119980515    .0
2014800119980516    .0
2014800119980517    .0
2014800119980518    .0
2014800119980519    .0
2014800119980520    .0
2014800119980521    .0
2014800119980522    .0
2014800119980523    .0
2014800119980524    .0
2014800119980525    .0
2014800119980526    .0
2014800119980527   1.8
2014800119980528  39.0
2014800119980529   7.8
2014800119980530    .0
2014800119980531    .2
2014800119980601    .0
2014800119980602    .2
2014800119980603    .0
2014800119980604    .0
2014800119980605    .0
2014800119980606    .0
2014800119980607    .0
2014800119980608    .0
2014800119980609    .2
2014800119980610   1.6
2014800119980611    .0
2014800119980612   2.2
2014800119980613    .0
2014800119980614    .0
2014800119980615    .0
2014800119980616    .0
2014800119980617    .0
2014800119980618    .0
2014800119980619    .0
2014800119980620    .0
2014800119980621    .0
2014800119980622    .0
2014800119980623    .0
2014800119980624    .0
2014800119980625    .0
2014800119980626    .0
2014800119980627    .0
2014800119980628    .0
2014800119980629    .0
2014800119980630    .0
2014800119980701    .0
2014800119980702    .0
2014800119980703    .0
2014800119980704    .0
2014800119980705    .0
2014800119980706    .0
2014800119980707    .0
2014800119980708    .0
2014800119980709    .0
2014800119980710    .0
2014800119980711    .0
2014800119980712    .0
2014800119980713    .0
2014800119980714    .0
2014800119980715    .0
2014800119980716    .0
2014800119980717    .0
2014800119980718    .0
2014800119980719    .0
2014800119980720    .0
2014800119980721    .0
2014800119980722    .0
2014800119980723    .0
2014800119980724    .0
2014800119980725    .0
2014800119980726    .0
2014800119980727    .0
2014800119980728    .0
2014800119980729    .0
2014800119980730    .0
2014800119980731    .0
2014800119980801    .0
2014800119980802    .0
2014800119980803  13.2
2014800119980804   1.2
2014800119980805  22.6
2014800119980806    .0
2014800119980807    .0
2014800119980808    .0
2014800119980809    .0
2014800119980810    .0
2014800119980811    .0
2014800119980812    .0
2014800119980813    .0
2014800119980814    .0
2014800119980815    .0
2014800119980816    .0
2014800119980817    .0
2014800119980818    .4
2014800119980819    .0
2014800119980820    .0
2014800119980821    .0
2014800119980822    .0
2014800119980823    .0
2014800119980824    .0
2014800119980825    .0
2014800119980826    .0
2014800119980827    .0
2014800119980828    .0
2014800119980829    .0
2014800119980830    .0
2014800119980831    .0
2014800119980901    .0
2014800119980902    .0
2014800119980903    .0
2014800119980904    .0
2014800119980905    .0
2014800119980906    .0
2014800119980907    .0
2014800119980908    .0
2014800119980909    .0
2014800119980910    .0
2014800119980911   7.8
2014800119980912    .0
2014800119980913    .0
2014800119980914    .0
2014800119980915    .0
2014800119980916    .0
2014800119980917    .0
2014800119980918    .0
2014800119980919    .0
2014800119980920    .0
2014800119980921    .0
2014800119980922    .0
2014800119980923    .0
2014800119980924  65.8
2014800119980925    .0
2014800119980926  12.4
2014800119980927   2.6
2014800119980928    .0
2014800119980929    .0
2014800119980930   1.0
2014800119981001    .0
2014800119981002   3.8
2014800119981003    .0
2014800119981004   2.2
2014800119981005   1.4
2014800119981006   4.8
2014800119981007  35.8
2014800119981008    .4
2014800119981009   2.4
2014800119981010    .0
2014800119981011    .2
2014800119981012    .0
2014800119981013    .0
2014800119981014    .0
2014800119981015    .0
2014800119981016    .2
2014800119981017    .2
2014800119981018    .2
2014800119981019    .2
2014800119981020    .0
2014800119981021    .0
2014800119981022    .0
2014800119981023    .0
2014800119981024    .0
2014800119981025    .0
2014800119981026    .0
2014800119981027    .0
2014800119981028    .0
2014800119981029    .0
2014800119981030    .0
2014800119981031    .0
2014800119981101    .0
2014800119981102    .0
2014800119981103   1.4
2014800119981104   1.2
2014800119981105    .0
2014800119981106    .0
2014800119981107    .0
2014800119981108    .0
2014800119981109    .0
2014800119981110    .0
2014800119981111    .6
2014800119981112   2.0
2014800119981113    .0
2014800119981114    .0
2014800119981115    .0
2014800119981116    .0
2014800119981117    .0
2014800119981118  25.2
2014800119981119    .0
2014800119981120    .0
2014800119981121    .0
2014800119981122    .0
2014800119981123    .0
2014800119981124    .2
2014800119981125   6.6
2014800119981126   2.0
2014800119981127    .2
2014800119981128    .0
2014800119981129    .0
2014800119981130  15.6
2014800119981201    .2
2014800119981202  17.0
2014800119981203  33.4
2014800119981204   9.8
2014800119981205    .0
2014800119981206   5.2
2014800119981207    .0
2014800119981208    .0
2014800119981209    .0
2014800119981210    .0
2014800119981211   3.0
2014800119981212    .0
2014800119981213    .2
2014800119981214    .0
2014800119981215    .2
2014800119981216    .2
2014800119981217    .0
2014800119981218    .0
2014800119981219    .0
2014800119981220   1.8
2014800119981221  16.8
2014800119981222    .0
2014800119981223    .0
2014800119981224    .0
2014800119981225   1.8
2014800119981226    .0
2014800119981227    .0
2014800119981228    .0
2014800119981229    .8
2014800119981230  21.0
2014800119981231  43.6
