2115400119940101   5.8
2115400119940102   1.2
2115400119940103   9.6
2115400119940104   5.0
2115400119940105  11.8
2115400119940106  14.2
2115400119940107   5.4
2115400119940108    .0
2115400119940109    .0
2115400119940110  12.6
2115400119940111    .8
2115400119940112   1.8
2115400119940113   4.2
2115400119940114   3.2
2115400119940115    .4
2115400119940116    .0
2115400119940117    .0
2115400119940118    .0
2115400119940119    .4
2115400119940120    .0
2115400119940121    .0
2115400119940122    .0
2115400119940123   6.6
2115400119940124  17.4
2115400119940125   3.8
2115400119940126   3.8
2115400119940127  11.0
2115400119940128    .0
2115400119940129    .0
2115400119940130    .6
2115400119940131    .0
2115400119940201   5.2
2115400119940202  21.4
2115400119940203  16.6
2115400119940204    .2
2115400119940205   2.6
2115400119940206    .0
2115400119940207   5.4
2115400119940208    .0
2115400119940209   3.6
2115400119940210    .0
2115400119940211    .0
2115400119940212    .0
2115400119940213    .0
2115400119940214   2.4
2115400119940215    .0
2115400119940216    .0
2115400119940217    .0
2115400119940218    .0
2115400119940219   1.0
2115400119940220  12.2
2115400119940221   2.0
2115400119940222   1.8
2115400119940223   4.2
2115400119940224   5.6
2115400119940225    .2
2115400119940226    .0
2115400119940227   5.4
2115400119940228   2.8
2115400119940301    .0
2115400119940302   5.0
2115400119940303   9.6
2115400119940304    .0
2115400119940305   2.8
2115400119940306    .0
2115400119940307    .0
2115400119940308    .2
2115400119940309    .0
2115400119940310    .0
2115400119940311   2.6
2115400119940312   1.6
2115400119940313   3.0
2115400119940314    .4
2115400119940315   4.6
2115400119940316    .2
2115400119940317    .2
2115400119940318    .4
2115400119940319  11.6
2115400119940320   2.2
2115400119940321   3.0
2115400119940322    .0
2115400119940323    .0
2115400119940324    .0
2115400119940325   2.8
2115400119940326    .0
2115400119940327    .0
2115400119940328    .2
2115400119940329    .0
2115400119940330   1.8
2115400119940331   8.2
2115400119940401   6.0
2115400119940402   6.4
2115400119940403   1.8
2115400119940404   9.0
2115400119940405   2.6
2115400119940406   2.0
2115400119940407   9.0
2115400119940408  12.0
2115400119940409   7.4
2115400119940410   1.0
2115400119940411   4.8
2115400119940412    .2
2115400119940413   1.0
2115400119940414    .0
2115400119940415    .4
2115400119940416   1.6
2115400119940417   6.0
2115400119940418    .0
2115400119940419    .0
2115400119940420    .0
2115400119940421    .2
2115400119940422    .0
2115400119940423    .0
2115400119940424  10.6
2115400119940425    .6
2115400119940426   3.6
2115400119940427   2.0
2115400119940428    .0
2115400119940429    .0
2115400119940430    .0
2115400119940501    .0
2115400119940502    .0
2115400119940503  21.2
2115400119940504   3.6
2115400119940505   3.4
2115400119940506    .4
2115400119940507   2.2
2115400119940508   2.0
2115400119940509    .0
2115400119940510    .2
2115400119940511    .0
2115400119940512    .0
2115400119940513    .8
2115400119940514  10.6
2115400119940515    .0
2115400119940516   1.2
2115400119940517    .2
2115400119940518   9.6
2115400119940519   1.8
2115400119940520   3.8
2115400119940521    .6
2115400119940522  28.0
2115400119940523    .0
2115400119940524   8.2
2115400119940525    .4
2115400119940526   2.4
2115400119940527    .2
2115400119940528    .6
2115400119940529    .0
2115400119940530    .0
2115400119940531    .0
2115400119940601    .0
2115400119940602  17.0
2115400119940603    .6
2115400119940604  22.4
2115400119940605    .0
2115400119940606   1.2
2115400119940607    .2
2115400119940608  13.0
2115400119940609    .0
2115400119940610   5.2
2115400119940611   1.4
2115400119940612    .0
2115400119940613    .0
2115400119940614    .0
2115400119940615    .0
2115400119940616    .0
2115400119940617    .0
2115400119940618    .0
2115400119940619   1.2
2115400119940620    .4
2115400119940621    .0
2115400119940622    .0
2115400119940623    .0
2115400119940624    .0
2115400119940625  32.6
2115400119940626  19.4
2115400119940627    .0
2115400119940628    .0
2115400119940629    .0
2115400119940630    .0
2115400119940701    .0
2115400119940702    .0
2115400119940703    .0
2115400119940704    .0
2115400119940705    .0
2115400119940706    .0
2115400119940707   2.6
2115400119940708   8.0
2115400119940709    .0
2115400119940710    .0
2115400119940711    .0
2115400119940712    .0
2115400119940713  10.0
2115400119940714   5.0
2115400119940715    .0
2115400119940716    .0
2115400119940717   9.4
2115400119940718   1.0
2115400119940719  22.4
2115400119940720    .0
2115400119940721    .0
2115400119940722    .0
2115400119940723    .0
2115400119940724   5.6
2115400119940725    .0
2115400119940726    .0
2115400119940727    .0
2115400119940728    .2
2115400119940729    .0
2115400119940730  17.4
2115400119940731   1.6
2115400119940801    .2
2115400119940802    .0
2115400119940803    .0
2115400119940804    .0
2115400119940805    .0
2115400119940806   1.2
2115400119940807  10.6
2115400119940808    .0
2115400119940809   3.8
2115400119940810   2.2
2115400119940811  15.0
2115400119940812   2.8
2115400119940813    .4
2115400119940814    .0
2115400119940815    .0
2115400119940816    .0
2115400119940817   9.0
2115400119940818    .2
2115400119940819    .6
2115400119940820    .8
2115400119940821    .6
2115400119940822    .0
2115400119940823    .0
2115400119940824    .0
2115400119940825    .0
2115400119940826   1.4
2115400119940827    .0
2115400119940828    .0
2115400119940829    .0
2115400119940830    .0
2115400119940831    .6
2115400119940901    .0
2115400119940902   1.0
2115400119940903    .0
2115400119940904    .0
2115400119940905   3.4
2115400119940906   8.6
2115400119940907  28.0
2115400119940908   4.0
2115400119940909   4.4
2115400119940910   6.2
2115400119940911  18.8
2115400119940912    .6
2115400119940913  10.4
2115400119940914  10.6
2115400119940915   6.8
2115400119940916    .8
2115400119940917   1.8
2115400119940918   4.4
2115400119940919    .4
2115400119940920   7.0
2115400119940921    .4
2115400119940922    .2
2115400119940923    .0
2115400119940924    .2
2115400119940925    .0
2115400119940926    .0
2115400119940927    .0
2115400119940928    .4
2115400119940929    .2
2115400119940930   2.2
2115400119941001    .0
2115400119941002   4.2
2115400119941003  13.8
2115400119941004    .0
2115400119941005    .0
2115400119941006    .0
2115400119941007    .0
2115400119941008    .0
2115400119941009    .0
2115400119941010    .2
2115400119941011    .2
2115400119941012    .0
2115400119941013    .2
2115400119941014    .0
2115400119941015    .0
2115400119941016    .0
2115400119941017    .0
2115400119941018    .0
2115400119941019   5.6
2115400119941020   4.0
2115400119941021    .6
2115400119941022   6.4
2115400119941023   3.6
2115400119941024   5.0
2115400119941025   8.6
2115400119941026   2.0
2115400119941027   1.2
2115400119941028    .4
2115400119941029   5.6
2115400119941030    .2
2115400119941031   5.6
2115400119941101    .0
2115400119941102    .0
2115400119941103    .0
2115400119941104    .2
2115400119941105   5.2
2115400119941106    .0
2115400119941107    .0
2115400119941108    .0
2115400119941109   3.2
2115400119941110   6.8
2115400119941111    .2
2115400119941112   1.0
2115400119941113    .0
2115400119941114    .0
2115400119941115   3.8
2115400119941116    .0
2115400119941117    .4
2115400119941118  27.8
2115400119941119   2.0
2115400119941120    .0
2115400119941121    .0
2115400119941122   1.2
2115400119941123    .0
2115400119941124    .0
2115400119941125    .0
2115400119941126   1.4
2115400119941127    .4
2115400119941128    .0
2115400119941129    .0
2115400119941130    .0
2115400119941201    .0
2115400119941202    .0
2115400119941203   1.6
2115400119941204  16.6
2115400119941205   1.8
2115400119941206    .0
2115400119941207   1.6
2115400119941208   5.0
2115400119941209  28.2
2115400119941210    .2
2115400119941211   1.4
2115400119941212    .0
2115400119941213   1.2
2115400119941214   2.6
2115400119941215    .0
2115400119941216   1.4
2115400119941217    .0
2115400119941218   2.0
2115400119941219   3.0
2115400119941220    .0
2115400119941221    .0
2115400119941222    .0
2115400119941223    .0
2115400119941224    .0
2115400119941225    .0
2115400119941226   4.2
2115400119941227  17.2
2115400119941228    .8
2115400119941229  11.2
2115400119941230   2.2
2115400119941231   5.6
2115400119950101   1.4
2115400119950102    .4
2115400119950103    .0
2115400119950104    .0
2115400119950105    .0
2115400119950106   9.0
2115400119950107    .2
2115400119950108   6.6
2115400119950109   1.4
2115400119950110  29.8
2115400119950111    .4
2115400119950112    .6
2115400119950113    .0
2115400119950114    .8
2115400119950115    .0
2115400119950116    .0
2115400119950117    .0
2115400119950118   4.6
2115400119950119    .0
2115400119950120   1.2
2115400119950121   7.6
2115400119950122  11.8
2115400119950123   2.4
2115400119950124  13.2
2115400119950125  13.6
2115400119950126   8.0
2115400119950127   8.6
2115400119950128  15.8
2115400119950129   5.8
2115400119950130   3.0
2115400119950131    .0
2115400119950201   3.2
2115400119950202    .2
2115400119950203    .0
2115400119950204   7.2
2115400119950205   1.2
2115400119950206    .4
2115400119950207    .8
2115400119950208  17.8
2115400119950209   3.4
2115400119950210   3.0
2115400119950211   4.4
2115400119950212   1.8
2115400119950213   9.6
2115400119950214    .2
2115400119950215  18.8
2115400119950216   1.4
2115400119950217   5.4
2115400119950218    .0
2115400119950219   1.0
2115400119950220    .6
2115400119950221   5.4
2115400119950222   2.4
2115400119950223  11.0
2115400119950224   9.2
2115400119950225  13.0
2115400119950226    .8
2115400119950227    .0
2115400119950228    .0
2115400119950301    .0
2115400119950302   5.0
2115400119950303    .4
2115400119950304    .0
2115400119950305   7.8
2115400119950306   3.0
2115400119950307    .6
2115400119950308   1.4
2115400119950309    .0
2115400119950310    .0
2115400119950311    .0
2115400119950312    .0
2115400119950313    .0
2115400119950314   6.2
2115400119950315   7.4
2115400119950316    .6
2115400119950317  14.6
2115400119950318  10.0
2115400119950319   6.4
2115400119950320    .2
2115400119950321    .0
2115400119950322    .0
2115400119950323    .0
2115400119950324    .0
2115400119950325    .0
2115400119950326   7.0
2115400119950327  10.8
2115400119950328  11.0
2115400119950329   2.8
2115400119950330    .0
2115400119950331   1.4
2115400119950401    .2
2115400119950402    .0
2115400119950403    .0
2115400119950404    .0
2115400119950405    .0
2115400119950406    .0
2115400119950407    .0
2115400119950408    .0
2115400119950409    .0
2115400119950410    .0
2115400119950411    .0
2115400119950412    .0
2115400119950413    .0
2115400119950414    .0
2115400119950415   4.2
2115400119950416    .4
2115400119950417   1.0
2115400119950418  12.6
2115400119950419  14.0
2115400119950420    .8
2115400119950421  22.6
2115400119950422   2.2
2115400119950423    .0
2115400119950424   6.0
2115400119950425  19.6
2115400119950426   9.4
2115400119950427    .6
2115400119950428    .0
2115400119950429  17.2
2115400119950430    .0
2115400119950501    .0
2115400119950502    .0
2115400119950503    .0
2115400119950504    .0
2115400119950505    .0
2115400119950506    .0
2115400119950507    .0
2115400119950508    .0
2115400119950509    .0
2115400119950510    .0
2115400119950511    .0
2115400119950512  31.6
2115400119950513   8.0
2115400119950514    .0
2115400119950515    .0
2115400119950516  26.8
2115400119950517   8.8
2115400119950518  11.2
2115400119950519    .0
2115400119950520    .0
2115400119950521    .0
2115400119950522    .0
2115400119950523    .0
2115400119950524    .2
2115400119950525   5.2
2115400119950526    .2
2115400119950527    .0
2115400119950528   6.6
2115400119950529   5.2
2115400119950530   2.2
2115400119950531   2.0
2115400119950601    .0
2115400119950602   2.4
2115400119950603   2.8
2115400119950604   9.8
2115400119950605   3.6
2115400119950606    .0
2115400119950607   8.8
2115400119950608   2.6
2115400119950609    .0
2115400119950610    .0
2115400119950611    .2
2115400119950612   1.6
2115400119950613   2.6
2115400119950614    .0
2115400119950615    .0
2115400119950616    .6
2115400119950617   2.6
2115400119950618   4.2
2115400119950619    .0
2115400119950620    .0
2115400119950621    .8
2115400119950622    .0
2115400119950623    .0
2115400119950624   4.4
2115400119950625    .0
2115400119950626    .0
2115400119950627    .0
2115400119950628    .0
2115400119950629    .0
2115400119950630    .0
2115400119950701   5.6
2115400119950702   1.4
2115400119950703   1.2
2115400119950704    .0
2115400119950705    .0
2115400119950706    .0
2115400119950707    .0
2115400119950708    .0
2115400119950709    .0
2115400119950710    .6
2115400119950711   1.2
2115400119950712    .0
2115400119950713    .0
2115400119950714   4.8
2115400119950715   4.2
2115400119950716    .0
2115400119950717    .0
2115400119950718    .0
2115400119950719    .0
2115400119950720    .0
2115400119950721    .0
2115400119950722  23.4
2115400119950723    .0
2115400119950724    .0
2115400119950725    .0
2115400119950726   8.2
2115400119950727    .0
2115400119950728    .0
2115400119950729    .0
2115400119950730    .0
2115400119950731    .0
2115400119950801    .0
2115400119950802    .0
2115400119950803    .0
2115400119950804    .0
2115400119950805    .0
2115400119950806  13.4
2115400119950807  15.2
2115400119950808   3.4
2115400119950809    .0
2115400119950810    .0
2115400119950811    .0
2115400119950812    .0
2115400119950813   5.2
2115400119950814    .0
2115400119950815    .0
2115400119950816    .0
2115400119950817    .0
2115400119950818    .0
2115400119950819    .0
2115400119950820   9.2
2115400119950821   1.8
2115400119950822    .0
2115400119950823  10.4
2115400119950824    .2
2115400119950825    .2
2115400119950826    .0
2115400119950827   2.4
2115400119950828    .8
2115400119950829    .4
2115400119950830    .0
2115400119950831    .0
2115400119950901    .0
2115400119950902   6.0
2115400119950903   5.0
2115400119950904    .0
2115400119950905    .2
2115400119950906    .6
2115400119950907  19.4
2115400119950908   6.0
2115400119950909    .0
2115400119950910  18.4
2115400119950911   1.0
2115400119950912   1.4
2115400119950913   4.2
2115400119950914    .6
2115400119950915    .2
2115400119950916   3.0
2115400119950917   5.4
2115400119950918   2.8
2115400119950919  10.8
2115400119950920    .6
2115400119950921    .0
2115400119950922    .0
2115400119950923    .0
2115400119950924  17.4
2115400119950925   1.0
2115400119950926    .0
2115400119950927   8.8
2115400119950928    .0
2115400119950929    .0
2115400119950930    .0
2115400119951001    .6
2115400119951002   1.8
2115400119951003   6.8
2115400119951004   6.2
2115400119951005   1.8
2115400119951006    .4
2115400119951007    .0
2115400119951008    .0
2115400119951009    .0
2115400119951010    .0
2115400119951011    .0
2115400119951012    .2
2115400119951013    .0
2115400119951014    .0
2115400119951015    .0
2115400119951016    .0
2115400119951017    .0
2115400119951018    .0
2115400119951019    .0
2115400119951020    .0
2115400119951021    .0
2115400119951022    .0
2115400119951023    .0
2115400119951024    .4
2115400119951025   2.8
2115400119951026    .0
2115400119951027    .4
2115400119951028   4.8
2115400119951029   1.6
2115400119951030    .4
2115400119951031    .0
2115400119951101   1.2
2115400119951102    .0
2115400119951103    .0
2115400119951104    .0
2115400119951105    .0
2115400119951106    .0
2115400119951107    .0
2115400119951108    .0
2115400119951109    .0
2115400119951110    .0
2115400119951111    .0
2115400119951112   5.8
2115400119951113    .0
2115400119951114   1.2
2115400119951115   8.4
2115400119951116  12.8
2115400119951117   2.2
2115400119951118    .0
2115400119951119    .4
2115400119951120    .0
2115400119951121    .0
2115400119951122   2.2
2115400119951123    .0
2115400119951124    .0
2115400119951125    .6
2115400119951126   9.6
2115400119951127   1.4
2115400119951128    .0
2115400119951129    .0
2115400119951130    .0
2115400119951201    .6
2115400119951202   4.4
2115400119951203    .4
2115400119951204    .0
2115400119951205    .0
2115400119951206    .2
2115400119951207    .8
2115400119951208   4.2
2115400119951209    .0
2115400119951210    .0
2115400119951211    .0
2115400119951212    .0
2115400119951213    .0
2115400119951214    .0
2115400119951215    .0
2115400119951216   3.4
2115400119951217    .0
2115400119951218    .0
2115400119951219    .0
2115400119951220   8.8
2115400119951221   3.0
2115400119951222  11.4
2115400119951223   8.6
2115400119951224   8.4
2115400119951225   3.2
2115400119951226    .2
2115400119951227    .0
2115400119951228    .0
2115400119951229    .0
2115400119951230   3.4
2115400119951231   2.4
2115400119960101    .8
2115400119960102   1.0
2115400119960103    .0
2115400119960104    .0
2115400119960105    .6
2115400119960106   5.8
2115400119960107    .2
2115400119960108    .0
2115400119960109   4.8
2115400119960110   2.6
2115400119960111    .6
2115400119960112   3.0
2115400119960113    .0
2115400119960114    .0
2115400119960115    .0
2115400119960116    .0
2115400119960117    .0
2115400119960118    .0
2115400119960119    .0
2115400119960120    .0
2115400119960121    .0
2115400119960122   4.6
2115400119960123    .4
2115400119960124    .0
2115400119960125    .0
2115400119960126   1.6
2115400119960127    .0
2115400119960128    .8
2115400119960129    .0
2115400119960130    .0
2115400119960131    .0
2115400119960201  10.2
2115400119960202   2.4
2115400119960203    .0
2115400119960204    .0
2115400119960205    .0
2115400119960206    .2
2115400119960207   2.8
2115400119960208   4.0
2115400119960209    .2
2115400119960210   2.0
2115400119960211   1.4
2115400119960212  21.2
2115400119960213   5.4
2115400119960214    .0
2115400119960215    .0
2115400119960216    .6
2115400119960217    .8
2115400119960218  12.0
2115400119960219   2.0
2115400119960220    .4
2115400119960221    .0
2115400119960222    .0
2115400119960223    .0
2115400119960224    .0
2115400119960225    .0
2115400119960226   4.6
2115400119960227   5.2
2115400119960228    .0
2115400119960229    .0
2115400119960301    .6
2115400119960302    .0
2115400119960303    .0
2115400119960304    .0
2115400119960305    .0
2115400119960306    .0
2115400119960307   1.4
2115400119960308    .0
2115400119960309    .0
2115400119960310    .0
2115400119960311    .0
2115400119960312    .0
2115400119960313    .0
2115400119960314    .0
2115400119960315    .0
2115400119960316    .0
2115400119960317    .0
2115400119960318    .0
2115400119960319    .0
2115400119960320    .0
2115400119960321    .8
2115400119960322    .8
2115400119960323    .0
2115400119960324    .0
2115400119960325    .0
2115400119960326    .0
2115400119960327    .0
2115400119960328    .0
2115400119960329    .6
2115400119960330    .0
2115400119960331    .0
2115400119960401    .0
2115400119960402    .0
2115400119960403    .0
2115400119960404    .0
2115400119960405    .0
2115400119960406    .0
2115400119960407    .0
2115400119960408    .0
2115400119960409    .0
2115400119960410    .0
2115400119960411    .0
2115400119960412   2.0
2115400119960413    .2
2115400119960414    .0
2115400119960415    .0
2115400119960416    .0
2115400119960417   2.2
2115400119960418    .0
2115400119960419    .0
2115400119960420    .0
2115400119960421    .0
2115400119960422   4.0
2115400119960423   4.2
2115400119960424    .0
2115400119960425    .0
2115400119960426    .0
2115400119960427    .0
2115400119960428    .0
2115400119960429    .0
2115400119960430    .0
2115400119960501    .0
2115400119960502   1.2
2115400119960503   1.4
2115400119960504    .0
2115400119960505    .0
2115400119960506   3.2
2115400119960507    .2
2115400119960508   9.6
2115400119960509    .0
2115400119960510    .0
2115400119960511    .0
2115400119960512    .0
2115400119960513    .2
2115400119960514    .0
2115400119960515    .0
2115400119960516   3.2
2115400119960517  20.6
2115400119960518  19.0
2115400119960519   3.2
2115400119960520   3.6
2115400119960521   1.2
2115400119960522   3.4
2115400119960523   2.6
2115400119960524   2.8
2115400119960525  17.8
2115400119960526   1.4
2115400119960527   7.0
2115400119960528    .0
2115400119960529    .0
2115400119960530    .0
2115400119960531   9.8
2115400119960601   1.4
2115400119960602   1.0
2115400119960603    .0
2115400119960604    .0
2115400119960605    .0
2115400119960606    .0
2115400119960607    .0
2115400119960608    .0
2115400119960609    .0
2115400119960610    .0
2115400119960611    .0
2115400119960612    .0
2115400119960613    .0
2115400119960614    .0
2115400119960615    .0
2115400119960616    .0
2115400119960617    .0
2115400119960618    .0
2115400119960619   9.2
2115400119960620   1.0
2115400119960621   4.4
2115400119960622    .4
2115400119960623    .0
2115400119960624    .0
2115400119960625    .0
2115400119960626    .0
2115400119960627    .0
2115400119960628    .0
2115400119960629    .2
2115400119960630   2.6
2115400119960701    .0
2115400119960702    .0
2115400119960703   7.2
2115400119960704   3.6
2115400119960705  14.0
2115400119960706    .0
2115400119960707   6.6
2115400119960708   1.2
2115400119960709    .2
2115400119960710    .8
2115400119960711    .2
2115400119960712    .0
2115400119960713    .2
2115400119960714    .0
2115400119960715    .0
2115400119960716    .0
2115400119960717    .0
2115400119960718    .0
2115400119960719    .0
2115400119960720    .0
2115400119960721    .0
2115400119960722    .0
2115400119960723   1.4
2115400119960724    .0
2115400119960725    .0
2115400119960726    .0
2115400119960727    .0
2115400119960728    .0
2115400119960729    .0
2115400119960730    .0
2115400119960731    .0
2115400119960801    .0
2115400119960802    .0
2115400119960803    .0
2115400119960804    .0
2115400119960805    .8
2115400119960806   2.4
2115400119960807    .2
2115400119960808    .0
2115400119960809    .0
2115400119960810  12.2
2115400119960811  11.8
2115400119960812   3.2
2115400119960813  16.6
2115400119960814   1.2
2115400119960815    .2
2115400119960816    .0
2115400119960817    .2
2115400119960818    .0
2115400119960819    .0
2115400119960820    .6
2115400119960821   8.0
2115400119960822    .4
2115400119960823    .0
2115400119960824   4.0
2115400119960825   2.0
2115400119960826   1.0
2115400119960827   4.4
2115400119960828   6.2
2115400119960829   1.4
2115400119960830    .2
2115400119960831    .0
2115400119960901    .0
2115400119960902    .0
2115400119960903    .0
2115400119960904    .0
2115400119960905    .0
2115400119960906    .2
2115400119960907    .0
2115400119960908    .0
2115400119960909    .0
2115400119960910    .0
2115400119960911    .0
2115400119960912    .2
2115400119960913   2.4
2115400119960914    .4
2115400119960915    .0
2115400119960916    .0
2115400119960917    .0
2115400119960918  11.6
2115400119960919   6.0
2115400119960920    .6
2115400119960921    .2
2115400119960922    .2
2115400119960923    .0
2115400119960924    .2
2115400119960925    .2
2115400119960926    .8
2115400119960927   3.0
2115400119960928    .2
2115400119960929    .0
2115400119960930   4.2
2115400119961001  22.6
2115400119961002   2.4
2115400119961003    .0
2115400119961004   2.0
2115400119961005    .4
2115400119961006    .0
2115400119961007    .0
2115400119961008    .0
2115400119961009   1.4
2115400119961010    .0
2115400119961011    .2
2115400119961012    .0
2115400119961013    .0
2115400119961014   2.4
2115400119961015   1.6
2115400119961016    .0
2115400119961017   7.8
2115400119961018   2.8
2115400119961019    .0
2115400119961020   3.0
2115400119961021   1.2
2115400119961022    .0
2115400119961023    .0
2115400119961024    .2
2115400119961025    .4
2115400119961026   3.8
2115400119961027    .0
2115400119961028   2.2
2115400119961029   8.0
2115400119961030    .0
2115400119961031   2.2
2115400119961101   1.4
2115400119961102    .0
2115400119961103    .0
2115400119961104  13.0
2115400119961105    .8
2115400119961106  14.0
2115400119961107  27.2
2115400119961108    .0
2115400119961109    .0
2115400119961110   4.8
2115400119961111  25.0
2115400119961112  18.8
2115400119961113    .6
2115400119961114    .0
2115400119961115    .0
2115400119961116    .0
2115400119961117   1.4
2115400119961118  24.4
2115400119961119   5.2
2115400119961120   8.0
2115400119961121    .0
2115400119961122    .0
2115400119961123   1.8
2115400119961124   2.4
2115400119961125   5.6
2115400119961126    .4
2115400119961127  13.8
2115400119961128    .0
2115400119961129  27.8
2115400119961130   7.2
2115400119961201   1.0
2115400119961202   1.4
2115400119961203    .2
2115400119961204   1.0
2115400119961205  14.4
2115400119961206    .0
2115400119961207    .0
2115400119961208    .0
2115400119961209    .0
2115400119961210    .0
2115400119961211    .0
2115400119961212   1.2
2115400119961213    .8
2115400119961214    .0
2115400119961215    .0
2115400119961216    .0
2115400119961217    .0
2115400119961218    .4
2115400119961219   1.4
2115400119961220    .2
2115400119961221  10.2
2115400119961222   4.4
2115400119961223   6.0
2115400119961224   1.2
2115400119961225    .0
2115400119961226    .0
2115400119961227    .0
2115400119961228    .0
2115400119961229   2.0
2115400119961230   1.6
2115400119961231    .6
2115400119970101    .0
2115400119970102    .8
2115400119970103    .0
2115400119970104    .6
2115400119970105    .0
2115400119970106    .0
2115400119970107    .0
2115400119970108   3.0
2115400119970109    .4
2115400119970110    .0
2115400119970111    .0
2115400119970112    .0
2115400119970113    .0
2115400119970114    .0
2115400119970115    .0
2115400119970116    .0
2115400119970117   1.0
2115400119970118   6.0
2115400119970119   2.8
2115400119970120    .0
2115400119970121    .0
2115400119970122   3.2
2115400119970123    .6
2115400119970124    .0
2115400119970125    .0
2115400119970126    .0
2115400119970127    .0
2115400119970128    .0
2115400119970129    .0
2115400119970130    .0
2115400119970131    .0
2115400119970201    .0
2115400119970202    .0
2115400119970203    .0
2115400119970204   1.6
2115400119970205   4.2
2115400119970206    .0
2115400119970207    .0
2115400119970208    .0
2115400119970209    .0
2115400119970210   4.4
2115400119970211   3.0
2115400119970212   1.6
2115400119970213   7.8
2115400119970214  13.8
2115400119970215    .2
2115400119970216    .0
2115400119970217   2.8
2115400119970218   3.0
2115400119970219   2.4
2115400119970220   1.2
2115400119970221    .0
2115400119970222    .0
2115400119970223   3.0
2115400119970224   5.2
2115400119970225  15.6
2115400119970226   5.8
2115400119970227    .0
2115400119970228    .0
2115400119970301    .0
2115400119970302    .2
2115400119970303    .0
2115400119970304    .0
2115400119970305   3.0
2115400119970306    .2
2115400119970307    .0
2115400119970308    .0
2115400119970309    .0
2115400119970310    .0
2115400119970311    .0
2115400119970312    .0
2115400119970313    .0
2115400119970314    .2
2115400119970315   1.0
2115400119970316    .0
2115400119970317    .0
2115400119970318   3.8
2115400119970319   7.6
2115400119970320    .0
2115400119970321    .0
2115400119970322    .0
2115400119970323    .0
2115400119970324   1.2
2115400119970325   1.4
2115400119970326    .2
2115400119970327   1.4
2115400119970328    .2
2115400119970329    .0
2115400119970330    .0
2115400119970331    .0
2115400119970401    .0
2115400119970402    .0
2115400119970403    .0
2115400119970404    .0
2115400119970405    .4
2115400119970406    .0
2115400119970407    .0
2115400119970408    .0
2115400119970409    .0
2115400119970410    .0
2115400119970411    .0
2115400119970412    .0
2115400119970413    .0
2115400119970414    .0
2115400119970415    .0
2115400119970416    .0
2115400119970417    .0
2115400119970418    .0
2115400119970419    .0
2115400119970420    .0
2115400119970421    .0
2115400119970422    .0
2115400119970423    .0
2115400119970424    .0
2115400119970425   3.4
2115400119970426   8.0
2115400119970427   4.0
2115400119970428   7.8
2115400119970429   4.0
2115400119970430    .0
2115400119970501    .0
2115400119970502    .0
2115400119970503    .2
2115400119970504  13.6
2115400119970505   6.2
2115400119970506   5.4
2115400119970507   3.6
2115400119970508  11.0
2115400119970509   4.2
2115400119970510   4.4
2115400119970511   2.6
2115400119970512    .4
2115400119970513   1.0
2115400119970514    .0
2115400119970515   1.8
2115400119970516    .8
2115400119970517   3.6
2115400119970518    .8
2115400119970519   5.2
2115400119970520   2.4
2115400119970521   9.2
2115400119970522   2.4
2115400119970523    .2
2115400119970524    .0
2115400119970525    .0
2115400119970526    .0
2115400119970527    .0
2115400119970528    .0
2115400119970529    .0
2115400119970530    .0
2115400119970531    .0
2115400119970601    .0
2115400119970602    .0
2115400119970603    .0
2115400119970604    .0
2115400119970605   8.6
2115400119970606    .0
2115400119970607  11.0
2115400119970608   4.2
2115400119970609    .2
2115400119970610    .0
2115400119970611   6.2
2115400119970612    .6
2115400119970613    .4
2115400119970614   3.0
2115400119970615    .0
2115400119970616   7.0
2115400119970617   8.6
2115400119970618    .2
2115400119970619  12.0
2115400119970620   4.8
2115400119970621   3.4
2115400119970622    .4
2115400119970623   9.4
2115400119970624    .4
2115400119970625   7.6
2115400119970626   8.0
2115400119970627   3.2
2115400119970628   6.8
2115400119970629   5.4
2115400119970630  11.4
2115400119970701   3.2
2115400119970702   8.2
2115400119970703    .8
2115400119970704   1.2
2115400119970705   2.4
2115400119970706    .0
2115400119970707    .2
2115400119970708    .2
2115400119970709    .0
2115400119970710    .2
2115400119970711    .0
2115400119970712    .2
2115400119970713  10.6
2115400119970714  43.0
2115400119970715    .2
2115400119970716    .0
2115400119970717   3.8
2115400119970718   1.6
2115400119970719   3.8
2115400119970720    .2
2115400119970721    .2
2115400119970722    .0
2115400119970723    .0
2115400119970724   1.8
2115400119970725   6.6
2115400119970726    .2
2115400119970727    .4
2115400119970728    .0
2115400119970729    .0
2115400119970730    .0
2115400119970731   2.0
2115400119970801   1.4
2115400119970802    .2
2115400119970803   2.8
2115400119970804    .2
2115400119970805   2.2
2115400119970806    .2
2115400119970807  18.0
2115400119970808    .2
2115400119970809    .0
2115400119970810    .0
2115400119970811  36.0
2115400119970812    .2
2115400119970813    .0
2115400119970814    .2
2115400119970815    .0
2115400119970816    .2
2115400119970817    .0
2115400119970818    .0
2115400119970819    .2
2115400119970820    .0
2115400119970821    .0
2115400119970822    .0
2115400119970823    .0
2115400119970824    .0
2115400119970825   1.2
2115400119970826   1.8
2115400119970827  18.0
2115400119970828   3.4
2115400119970829   3.6
2115400119970830   3.2
2115400119970831    .0
2115400119970901  11.4
2115400119970902   4.2
2115400119970903    .2
2115400119970904    .2
2115400119970905    .0
2115400119970906    .0
2115400119970907    .2
2115400119970908    .2
2115400119970909    .2
2115400119970910    .0
2115400119970911    .0
2115400119970912  24.8
2115400119970913    .0
2115400119970914    .0
2115400119970915    .0
2115400119970916    .2
2115400119970917    .2
2115400119970918    .2
2115400119970919    .0
2115400119970920    .2
2115400119970921    .2
2115400119970922    .0
2115400119970923    .2
2115400119970924    .2
2115400119970925    .0
2115400119970926    .2
2115400119970927    .2
2115400119970928    .2
2115400119970929    .0
2115400119970930    .0
2115400119971001    .2
2115400119971002    .4
2115400119971003    .0
2115400119971004    .0
2115400119971005    .0
2115400119971006   5.8
2115400119971007   1.6
2115400119971008    .6
2115400119971009    .8
2115400119971010  12.2
2115400119971011  18.6
2115400119971012   8.4
2115400119971013   1.8
2115400119971014   4.2
2115400119971015   8.0
2115400119971016    .2
2115400119971017    .2
2115400119971018    .0
2115400119971019    .4
2115400119971020    .0
2115400119971021    .0
2115400119971022    .0
2115400119971023    .0
2115400119971024    .0
2115400119971025    .0
2115400119971026    .0
2115400119971027    .0
2115400119971028    .0
2115400119971029    .0
2115400119971030    .0
2115400119971031    .0
2115400119971101    .0
2115400119971102    .0
2115400119971103    .0
2115400119971104   7.4
2115400119971105  10.0
2115400119971106  21.8
2115400119971107    .6
2115400119971108   5.2
2115400119971109   2.6
2115400119971110   3.0
2115400119971111   5.4
2115400119971112   3.8
2115400119971113    .0
2115400119971114    .0
2115400119971115  20.4
2115400119971116   3.0
2115400119971117    .0
2115400119971118   1.4
2115400119971119   4.8
2115400119971120   2.6
2115400119971121    .0
2115400119971122    .2
2115400119971123    .0
2115400119971124    .0
2115400119971125    .0
2115400119971126    .0
2115400119971127    .6
2115400119971128   3.8
2115400119971129   3.2
2115400119971130   7.8
2115400119971201   5.8
2115400119971202   6.6
2115400119971203    .8
2115400119971204    .0
2115400119971205    .0
2115400119971206    .0
2115400119971207    .0
2115400119971208    .2
2115400119971209    .2
2115400119971210  11.6
2115400119971211  14.4
2115400119971212   3.2
2115400119971213    .0
2115400119971214   1.2
2115400119971215    .0
2115400119971216   3.0
2115400119971217   9.2
2115400119971218  15.8
2115400119971219    .2
2115400119971220    .0
2115400119971221    .6
2115400119971222    .0
2115400119971223    .6
2115400119971224   2.2
2115400119971225    .4
2115400119971226   2.2
2115400119971227   3.6
2115400119971228    .0
2115400119971229    .0
2115400119971230    .6
2115400119971231   3.4
2115400119980101   4.2
2115400119980102   6.8
2115400119980103   5.0
2115400119980104   2.2
2115400119980105  10.0
2115400119980106   2.6
2115400119980107    .2
2115400119980108    .0
2115400119980109    .0
2115400119980110    .0
2115400119980111    .0
2115400119980112    .0
2115400119980113    .2
2115400119980114    .2
2115400119980115   9.2
2115400119980116   9.2
2115400119980117    .0
2115400119980118  16.2
2115400119980119   6.4
2115400119980120    .8
2115400119980121    .0
2115400119980122    .0
2115400119980123    .0
2115400119980124    .0
2115400119980125    .0
2115400119980126    .0
2115400119980127    .0
2115400119980128    .0
2115400119980129    .0
2115400119980130    .0
2115400119980131    .0
2115400119980201    .0
2115400119980202    .0
2115400119980203    .0
2115400119980204    .0
2115400119980205    .0
2115400119980206    .0
2115400119980207   2.0
2115400119980208    .0
2115400119980209    .0
2115400119980210    .0
2115400119980211    .0
2115400119980212    .0
2115400119980213    .0
2115400119980214    .0
2115400119980215    .0
2115400119980216    .0
2115400119980217    .0
2115400119980218    .0
2115400119980219    .0
2115400119980220    .0
2115400119980221   6.8
2115400119980222   4.4
2115400119980223    .0
2115400119980224    .0
2115400119980225    .0
2115400119980226    .0
2115400119980227    .2
2115400119980228   3.4
2115400119980301    .0
2115400119980302    .0
2115400119980303    .0
2115400119980304   6.8
2115400119980305    .0
2115400119980306    .0
2115400119980307  10.2
2115400119980308   3.4
2115400119980309    .0
2115400119980310   2.6
2115400119980311   7.2
2115400119980312    .2
2115400119980313    .0
2115400119980314    .0
2115400119980315    .0
2115400119980316    .0
2115400119980317    .0
2115400119980318    .0
2115400119980319    .0
2115400119980320    .0
2115400119980321    .0
2115400119980322    .0
2115400119980323   2.8
2115400119980324    .0
2115400119980325    .0
2115400119980326    .0
2115400119980327    .0
2115400119980328    .0
2115400119980329    .0
2115400119980330    .0
2115400119980331    .0
2115400119980401    .2
2115400119980402  10.8
2115400119980403  13.6
2115400119980404   1.6
2115400119980405    .6
2115400119980406  21.4
2115400119980407   8.2
2115400119980408   3.6
2115400119980409   2.8
2115400119980410  11.0
2115400119980411    .2
2115400119980412   4.6
2115400119980413    .4
2115400119980414   1.2
2115400119980415  10.6
2115400119980416   6.6
2115400119980417  16.8
2115400119980418   7.2
2115400119980419    .2
2115400119980420   5.6
2115400119980421    .0
2115400119980422    .0
2115400119980423    .2
2115400119980424    .0
2115400119980425  11.4
2115400119980426  35.0
2115400119980427   8.4
2115400119980428    .0
2115400119980429    .0
2115400119980430    .2
2115400119980501  10.0
2115400119980502   6.2
2115400119980503    .4
2115400119980504    .0
2115400119980505   1.2
2115400119980506    .0
2115400119980507    .2
2115400119980508    .0
2115400119980509    .0
2115400119980510    .0
2115400119980511    .0
2115400119980512    .0
2115400119980513    .2
2115400119980514    .0
2115400119980515    .0
2115400119980516    .0
2115400119980517    .0
2115400119980518    .0
2115400119980519    .0
2115400119980520    .2
2115400119980521    .0
2115400119980522    .0
2115400119980523    .0
2115400119980524    .2
2115400119980525   1.8
2115400119980526    .0
2115400119980527    .8
2115400119980528   5.4
2115400119980529    .2
2115400119980530    .6
2115400119980531  11.2
2115400119980601    .4
2115400119980602   6.2
2115400119980603    .2
2115400119980604    .0
2115400119980605    .0
2115400119980606   2.6
2115400119980607   4.4
2115400119980608    .0
2115400119980609  12.2
2115400119980610   1.0
2115400119980611   3.2
2115400119980612   1.6
2115400119980613   2.0
2115400119980614   7.4
2115400119980615   5.8
2115400119980616    .8
2115400119980617    .0
2115400119980618    .0
2115400119980619    .0
2115400119980620    .0
2115400119980621    .0
2115400119980622    .0
2115400119980623    .0
2115400119980624    .0
2115400119980625   1.6
2115400119980626    .0
2115400119980627   1.0
2115400119980628    .0
2115400119980629    .0
2115400119980630    .0
2115400119980701   1.4
2115400119980702    .2
2115400119980703    .0
2115400119980704    .0
2115400119980705    .0
2115400119980706    .0
2115400119980707    .0
2115400119980708    .0
2115400119980709   1.4
2115400119980710   1.2
2115400119980711    .0
2115400119980712    .0
2115400119980713   5.6
2115400119980714    .0
2115400119980715    .0
2115400119980716   7.4
2115400119980717    .2
2115400119980718    .8
2115400119980719    .0
2115400119980720    .0
2115400119980721   7.0
2115400119980722    .0
2115400119980723    .0
2115400119980724    .0
2115400119980725    .0
2115400119980726    .0
2115400119980727   1.2
2115400119980728   1.8
2115400119980729   1.2
2115400119980730   2.2
2115400119980731    .0
2115400119980801   4.6
2115400119980802   1.0
2115400119980803    .0
2115400119980804    .2
2115400119980805    .0
2115400119980806    .0
2115400119980807    .0
2115400119980808    .0
2115400119980809    .0
2115400119980810    .0
2115400119980811    .0
2115400119980812    .0
2115400119980813    .0
2115400119980814    .0
2115400119980815    .0
2115400119980816    .0
2115400119980817    .0
2115400119980818    .0
2115400119980819    .0
2115400119980820    .0
2115400119980821   3.0
2115400119980822  11.4
2115400119980823   5.4
2115400119980824   6.2
2115400119980825    .0
2115400119980826    .0
2115400119980827    .0
2115400119980828    .0
2115400119980829    .0
2115400119980830    .0
2115400119980831    .0
2115400119980901    .4
2115400119980902   8.2
2115400119980903   4.6
2115400119980904   4.8
2115400119980905  11.2
2115400119980906    .0
2115400119980907   2.2
2115400119980908    .6
2115400119980909    .2
2115400119980910   1.0
2115400119980911  20.0
2115400119980912   4.0
2115400119980913  12.0
2115400119980914   1.2
2115400119980915   2.4
2115400119980916    .0
2115400119980917    .0
2115400119980918    .0
2115400119980919    .0
2115400119980920    .2
2115400119980921    .0
2115400119980922    .0
2115400119980923    .2
2115400119980924    .4
2115400119980925    .0
2115400119980926   5.4
2115400119980927   4.2
2115400119980928   6.6
2115400119980929   6.0
2115400119980930    .8
2115400119981001    .2
2115400119981002    .2
2115400119981003    .6
2115400119981004   2.6
2115400119981005    .0
2115400119981006   7.4
2115400119981007   1.6
2115400119981008   3.8
2115400119981009    .0
2115400119981010   4.6
2115400119981011  12.0
2115400119981012    .2
2115400119981013   2.4
2115400119981014   3.2
2115400119981015   2.4
2115400119981016    .2
2115400119981017   5.4
2115400119981018   8.8
2115400119981019    .0
2115400119981020    .2
2115400119981021    .0
2115400119981022    .0
2115400119981023  16.0
2115400119981024  37.0
2115400119981025   3.4
2115400119981026   7.8
2115400119981027   1.2
2115400119981028  17.8
2115400119981029   9.2
2115400119981030   5.6
2115400119981031  16.0
2115400119981101    .2
2115400119981102   4.0
2115400119981103   3.0
2115400119981104    .2
2115400119981105    .0
2115400119981106    .8
2115400119981107    .2
2115400119981108    .0
2115400119981109   1.2
2115400119981110   2.4
2115400119981111    .0
2115400119981112   3.8
2115400119981113   2.8
2115400119981114   7.2
2115400119981115   3.0
2115400119981116    .8
2115400119981117    .0
2115400119981118    .0
2115400119981119    .0
2115400119981120    .0
2115400119981121    .0
2115400119981122    .0
2115400119981123    .0
2115400119981124    .0
2115400119981125   1.0
2115400119981126   5.8
2115400119981127    .0
2115400119981128   5.6
2115400119981129   5.6
2115400119981130    .0
2115400119981201    .0
2115400119981202    .0
2115400119981203    .0
2115400119981204   1.2
2115400119981205   2.0
2115400119981206    .0
2115400119981207    .0
2115400119981208    .2
2115400119981209   3.2
2115400119981210   8.4
2115400119981211   1.2
2115400119981212  10.4
2115400119981213    .0
2115400119981214    .0
2115400119981215    .0
2115400119981216    .2
2115400119981217    .0
2115400119981218   4.6
2115400119981219   1.4
2115400119981220    .4
2115400119981221    .0
2115400119981222    .0
2115400119981223   1.2
2115400119981224   1.4
2115400119981225   1.2
2115400119981226   4.8
2115400119981227    .0
2115400119981228   2.4
2115400119981229    .0
2115400119981230    .4
2115400119981231    .8
