2201600119940101  12.8
2201600119940102   3.3
2201600119940103   5.5
2201600119940104   8.5
2201600119940105   4.5
2201600119940106   1.2
2201600119940107   4.5
2201600119940108   3.2
2201600119940109   7.9
2201600119940110    .7
2201600119940111    .0
2201600119940112   1.8
2201600119940113   1.1
2201600119940114   1.2
2201600119940115   6.5
2201600119940116   1.5
2201600119940117    .0
2201600119940118   3.1
2201600119940119   1.2
2201600119940120   1.1
2201600119940121    .0
2201600119940122    .3
2201600119940123   3.2
2201600119940124   4.9
2201600119940125   2.9
2201600119940126    .1
2201600119940127   2.1
2201600119940128   1.3
2201600119940129    .0
2201600119940130    .5
2201600119940131    .0
2201600119940201   2.4
2201600119940202   5.3
2201600119940203   2.0
2201600119940204    .0
2201600119940205    .2
2201600119940206   5.8
2201600119940207    .6
2201600119940208   4.6
2201600119940209   7.0
2201600119940210   6.4
2201600119940211   3.7
2201600119940212    .1
2201600119940213    .0
2201600119940214    .0
2201600119940215   3.1
2201600119940216    .0
2201600119940217   8.6
2201600119940218   9.7
2201600119940219   4.2
2201600119940220   1.4
2201600119940221    .9
2201600119940222    .0
2201600119940223   5.0
2201600119940224   2.1
2201600119940225    .2
2201600119940226    .0
2201600119940227   1.3
2201600119940228   1.5
2201600119940301   2.7
2201600119940302    .3
2201600119940303    .2
2201600119940304    .0
2201600119940305    .0
2201600119940306    .0
2201600119940307    .0
2201600119940308    .0
2201600119940309    .0
2201600119940310    .0
2201600119940311    .0
2201600119940312   1.0
2201600119940313    .4
2201600119940314    .1
2201600119940315   1.7
2201600119940316    .8
2201600119940317   4.0
2201600119940318    .6
2201600119940319   5.9
2201600119940320   4.8
2201600119940321    .6
2201600119940322    .0
2201600119940323    .0
2201600119940324    .0
2201600119940325    .1
2201600119940326    .0
2201600119940327    .2
2201600119940328    .3
2201600119940329    .0
2201600119940330   9.8
2201600119940331   7.6
2201600119940401  10.6
2201600119940402   2.7
2201600119940403  10.7
2201600119940404   8.1
2201600119940405   5.2
2201600119940406   6.9
2201600119940407    .6
2201600119940408   8.6
2201600119940409   6.0
2201600119940410   1.2
2201600119940411    .0
2201600119940412   1.1
2201600119940413    .7
2201600119940414    .0
2201600119940415   5.5
2201600119940416   1.0
2201600119940417    .0
2201600119940418    .0
2201600119940419    .0
2201600119940420    .4
2201600119940421    .0
2201600119940422    .1
2201600119940423    .1
2201600119940424    .7
2201600119940425   1.5
2201600119940426   1.0
2201600119940427    .0
2201600119940428    .0
2201600119940429    .0
2201600119940430    .0
2201600119940501    .0
2201600119940502    .0
2201600119940503    .1
2201600119940504    .5
2201600119940505    .0
2201600119940506    .6
2201600119940507    .0
2201600119940508   2.7
2201600119940509   7.0
2201600119940510    .0
2201600119940511   9.2
2201600119940512    .0
2201600119940513    .0
2201600119940514   3.5
2201600119940515    .0
2201600119940516   9.1
2201600119940517   6.6
2201600119940518    .0
2201600119940519   8.3
2201600119940520  25.0
2201600119940521   3.5
2201600119940522   3.4
2201600119940523   4.8
2201600119940524   4.9
2201600119940525   6.5
2201600119940526    .0
2201600119940527    .0
2201600119940528    .6
2201600119940529    .3
2201600119940530    .0
2201600119940531    .0
2201600119940601   2.3
2201600119940602   3.7
2201600119940603   3.0
2201600119940604   4.8
2201600119940605    .0
2201600119940606    .0
2201600119940607    .0
2201600119940608   1.1
2201600119940609    .0
2201600119940610    .0
2201600119940611    .0
2201600119940612    .0
2201600119940613    .0
2201600119940614    .0
2201600119940615    .0
2201600119940616    .0
2201600119940617    .0
2201600119940618    .0
2201600119940619    .0
2201600119940620    .0
2201600119940621    .4
2201600119940622    .3
2201600119940623    .0
2201600119940624    .6
2201600119940625    .0
2201600119940626    .0
2201600119940627    .0
2201600119940628    .0
2201600119940629    .0
2201600119940630    .0
2201600119940701    .0
2201600119940702    .0
2201600119940703    .0
2201600119940704    .1
2201600119940705    .0
2201600119940706    .5
2201600119940707   4.7
2201600119940708    .0
2201600119940709    .0
2201600119940710    .0
2201600119940711    .0
2201600119940712    .0
2201600119940713    .0
2201600119940714    .0
2201600119940715    .0
2201600119940716    .2
2201600119940717   1.0
2201600119940718   9.5
2201600119940719    .0
2201600119940720    .0
2201600119940721    .0
2201600119940722    .0
2201600119940723    .0
2201600119940724    .0
2201600119940725    .0
2201600119940726    .0
2201600119940727    .2
2201600119940728    .0
2201600119940729    .0
2201600119940730    .1
2201600119940731    .5
2201600119940801   2.5
2201600119940802    .8
2201600119940803   1.1
2201600119940804    .1
2201600119940805    .0
2201600119940806    .0
2201600119940807    .0
2201600119940808    .0
2201600119940809  44.7
2201600119940810  17.7
2201600119940811    .0
2201600119940812    .0
2201600119940813    .0
2201600119940814    .0
2201600119940815    .0
2201600119940816    .0
2201600119940817   2.3
2201600119940818    .3
2201600119940819   2.1
2201600119940820    .0
2201600119940821    .0
2201600119940822    .0
2201600119940823    .1
2201600119940824   2.0
2201600119940825   1.4
2201600119940826    .2
2201600119940827   1.8
2201600119940828    .0
2201600119940829   1.5
2201600119940830   4.8
2201600119940831  18.5
2201600119940901   1.9
2201600119940902    .0
2201600119940903   1.7
2201600119940904    .0
2201600119940905    .3
2201600119940906   1.6
2201600119940907    .9
2201600119940908   7.3
2201600119940909    .2
2201600119940910    .0
2201600119940911   1.7
2201600119940912    .2
2201600119940913   2.5
2201600119940914   1.6
2201600119940915   8.8
2201600119940916   6.0
2201600119940917    .0
2201600119940918   8.4
2201600119940919   1.2
2201600119940920   2.0
2201600119940921   1.9
2201600119940922    .0
2201600119940923  12.6
2201600119940924   7.9
2201600119940925   2.2
2201600119940926    .0
2201600119940927    .0
2201600119940928    .0
2201600119940929    .0
2201600119940930    .0
2201600119941001    .0
2201600119941002    .3
2201600119941003    .2
2201600119941004    .0
2201600119941005    .0
2201600119941006    .0
2201600119941007    .0
2201600119941008    .0
2201600119941009    .0
2201600119941010    .0
2201600119941011    .0
2201600119941012    .0
2201600119941013    .0
2201600119941014    .0
2201600119941015    .0
2201600119941016    .0
2201600119941017    .0
2201600119941018   3.4
2201600119941019   5.5
2201600119941020    .3
2201600119941021   1.0
2201600119941022   4.4
2201600119941023  12.4
2201600119941024   7.7
2201600119941025   7.5
2201600119941026   7.0
2201600119941027   2.2
2201600119941028   9.6
2201600119941029   4.1
2201600119941030  17.3
2201600119941031   4.7
2201600119941101    .0
2201600119941102   1.3
2201600119941103   2.2
2201600119941104    .0
2201600119941105    .3
2201600119941106    .3
2201600119941107    .2
2201600119941108   1.4
2201600119941109    .6
2201600119941110   1.5
2201600119941111   3.1
2201600119941112   2.2
2201600119941113    .0
2201600119941114   9.8
2201600119941115    .0
2201600119941116    .0
2201600119941117   2.2
2201600119941118   5.9
2201600119941119    .0
2201600119941120   1.3
2201600119941121    .6
2201600119941122    .0
2201600119941123    .0
2201600119941124    .0
2201600119941125    .0
2201600119941126    .0
2201600119941127    .0
2201600119941128    .1
2201600119941129    .0
2201600119941130    .0
2201600119941201    .0
2201600119941202    .0
2201600119941203   4.4
2201600119941204    .0
2201600119941205   4.1
2201600119941206   5.6
2201600119941207   5.2
2201600119941208  29.3
2201600119941209   8.8
2201600119941210    .0
2201600119941211    .0
2201600119941212    .0
2201600119941213    .6
2201600119941214    .0
2201600119941215    .4
2201600119941216    .0
2201600119941217   1.0
2201600119941218   7.8
2201600119941219   6.8
2201600119941220   6.6
2201600119941221   2.2
2201600119941222    .0
2201600119941223    .0
2201600119941224    .0
2201600119941225    .4
2201600119941226   1.1
2201600119941227  16.8
2201600119941228   8.9
2201600119941229   8.4
2201600119941230  16.1
2201600119941231   8.8
2201600119950101   3.1
2201600119950102    .1
2201600119950103    .0
2201600119950104   5.4
2201600119950105   4.6
2201600119950106    .6
2201600119950107    .1
2201600119950108   1.3
2201600119950109    .0
2201600119950110    .0
2201600119950111    .5
2201600119950112    .0
2201600119950113    .0
2201600119950114    .0
2201600119950115    .0
2201600119950116   8.0
2201600119950117  14.8
2201600119950118   1.1
2201600119950119  12.3
2201600119950120    .9
2201600119950121  13.2
2201600119950122  22.4
2201600119950123  10.0
2201600119950124  12.9
2201600119950125  16.5
2201600119950126  11.1
2201600119950127  10.6
2201600119950128   3.4
2201600119950129   6.0
2201600119950130    .0
2201600119950131    .1
2201600119950201  18.3
2201600119950202    .0
2201600119950203   8.7
2201600119950204    .6
2201600119950205    .1
2201600119950206    .2
2201600119950207   1.6
2201600119950208   1.8
2201600119950209   1.2
2201600119950210   3.0
2201600119950211   4.5
2201600119950212    .0
2201600119950213   8.2
2201600119950214   8.2
2201600119950215  10.5
2201600119950216   8.7
2201600119950217   7.6
2201600119950218   3.2
2201600119950219   4.9
2201600119950220   8.5
2201600119950221    .5
2201600119950222  11.1
2201600119950223   9.0
2201600119950224   2.7
2201600119950225   2.2
2201600119950226    .1
2201600119950227    .0
2201600119950228    .5
2201600119950301   8.4
2201600119950302   9.6
2201600119950303   7.8
2201600119950304    .4
2201600119950305   6.9
2201600119950306    .4
2201600119950307  13.5
2201600119950308   1.5
2201600119950309    .0
2201600119950310    .0
2201600119950311   1.1
2201600119950312    .0
2201600119950313    .0
2201600119950314    .8
2201600119950315   2.4
2201600119950316   2.3
2201600119950317    .8
2201600119950318  14.0
2201600119950319   1.0
2201600119950320    .1
2201600119950321    .0
2201600119950322    .0
2201600119950323    .0
2201600119950324    .0
2201600119950325    .0
2201600119950326    .7
2201600119950327    .7
2201600119950328   6.0
2201600119950329    .0
2201600119950330    .0
2201600119950331    .1
2201600119950401    .1
2201600119950402    .0
2201600119950403    .0
2201600119950404    .2
2201600119950405    .0
2201600119950406    .1
2201600119950407    .0
2201600119950408    .0
2201600119950409    .0
2201600119950410    .0
2201600119950411    .0
2201600119950412    .0
2201600119950413    .0
2201600119950414    .0
2201600119950415    .0
2201600119950416    .0
2201600119950417   6.6
2201600119950418   3.6
2201600119950419  12.0
2201600119950420   3.6
2201600119950421  10.5
2201600119950422   7.9
2201600119950423    .0
2201600119950424   1.0
2201600119950425   4.7
2201600119950426    .0
2201600119950427    .0
2201600119950428   3.7
2201600119950429   6.8
2201600119950430    .0
2201600119950501    .0
2201600119950502    .0
2201600119950503    .0
2201600119950504    .0
2201600119950505    .0
2201600119950506    .0
2201600119950507    .0
2201600119950508    .0
2201600119950509    .0
2201600119950510    .0
2201600119950511   9.3
2201600119950512   6.8
2201600119950513    .0
2201600119950514    .0
2201600119950515   2.0
2201600119950516   7.9
2201600119950517    .1
2201600119950518    .0
2201600119950519    .1
2201600119950520    .0
2201600119950521    .0
2201600119950522    .0
2201600119950523    .4
2201600119950524   7.5
2201600119950525   1.2
2201600119950526    .2
2201600119950527    .0
2201600119950528   1.3
2201600119950529    .8
2201600119950530    .0
2201600119950531    .0
2201600119950601    .2
2201600119950602    .1
2201600119950603   3.2
2201600119950604    .1
2201600119950605    .0
2201600119950606    .0
2201600119950607    .3
2201600119950608    .0
2201600119950609    .0
2201600119950610    .0
2201600119950611    .5
2201600119950612    .0
2201600119950613    .0
2201600119950614    .0
2201600119950615    .0
2201600119950616    .0
2201600119950617   4.0
2201600119950618    .1
2201600119950619    .0
2201600119950620    .0
2201600119950621    .0
2201600119950622    .0
2201600119950623    .0
2201600119950624    .0
2201600119950625    .0
2201600119950626    .0
2201600119950627    .0
2201600119950628    .0
2201600119950629    .0
2201600119950630    .0
2201600119950701    .7
2201600119950702  10.0
2201600119950703    .0
2201600119950704    .0
2201600119950705    .0
2201600119950706    .0
2201600119950707    .0
2201600119950708    .0
2201600119950709  10.0
2201600119950710   3.0
2201600119950711    .8
2201600119950712   2.2
2201600119950713    .0
2201600119950714    .1
2201600119950715   1.1
2201600119950716    .6
2201600119950717   1.0
2201600119950718    .0
2201600119950719    .0
2201600119950720    .0
2201600119950721    .0
2201600119950722    .0
2201600119950723    .0
2201600119950724    .0
2201600119950725   1.1
2201600119950726   7.0
2201600119950727   5.5
2201600119950728    .0
2201600119950729    .0
2201600119950730    .0
2201600119950731    .0
2201600119950801    .0
2201600119950802    .0
2201600119950803    .0
2201600119950804    .7
2201600119950805  13.6
2201600119950806    .9
2201600119950807    .3
2201600119950808    .0
2201600119950809    .0
2201600119950810    .0
2201600119950811    .0
2201600119950812    .6
2201600119950813    .0
2201600119950814    .0
2201600119950815    .0
2201600119950816    .0
2201600119950817    .0
2201600119950818    .0
2201600119950819    .0
2201600119950820    .0
2201600119950821    .0
2201600119950822    .0
2201600119950823    .6
2201600119950824    .0
2201600119950825    .0
2201600119950826    .0
2201600119950827    .0
2201600119950828    .0
2201600119950829    .0
2201600119950830    .0
2201600119950831    .0
2201600119950901    .0
2201600119950902    .0
2201600119950903    .3
2201600119950904    .0
2201600119950905    .0
2201600119950906  16.9
2201600119950907   1.3
2201600119950908    .0
2201600119950909   3.5
2201600119950910  11.0
2201600119950911   3.0
2201600119950912   4.3
2201600119950913    .5
2201600119950914   6.6
2201600119950915   1.7
2201600119950916    .3
2201600119950917   8.5
2201600119950918   3.0
2201600119950919    .0
2201600119950920    .0
2201600119950921    .0
2201600119950922    .0
2201600119950923    .2
2201600119950924   1.0
2201600119950925    .0
2201600119950926   4.8
2201600119950927   1.1
2201600119950928    .4
2201600119950929    .5
2201600119950930   1.6
2201600119951001    .2
2201600119951002   1.4
2201600119951003   1.1
2201600119951004   4.7
2201600119951005   1.8
2201600119951006    .0
2201600119951007    .0
2201600119951008    .0
2201600119951009    .0
2201600119951010    .0
2201600119951011    .0
2201600119951012    .0
2201600119951013    .0
2201600119951014    .0
2201600119951015    .0
2201600119951016    .0
2201600119951017    .9
2201600119951018    .0
2201600119951019    .3
2201600119951020   1.0
2201600119951021    .0
2201600119951022    .0
2201600119951023    .0
2201600119951024   5.5
2201600119951025   1.0
2201600119951026   1.0
2201600119951027    .3
2201600119951028   1.7
2201600119951029    .0
2201600119951030    .0
2201600119951031    .0
2201600119951101    .0
2201600119951102    .0
2201600119951103    .0
2201600119951104    .0
2201600119951105    .0
2201600119951106    .0
2201600119951107    .0
2201600119951108    .0
2201600119951109    .0
2201600119951110   6.6
2201600119951111  13.2
2201600119951112    .0
2201600119951113    .4
2201600119951114   4.4
2201600119951115    .0
2201600119951116    .5
2201600119951117    .9
2201600119951118    .0
2201600119951119    .0
2201600119951120    .0
2201600119951121   1.3
2201600119951122    .3
2201600119951123    .0
2201600119951124   1.4
2201600119951125   7.3
2201600119951126   4.0
2201600119951127    .0
2201600119951128   5.3
2201600119951129    .0
2201600119951130   1.4
2201600119951201   1.0
2201600119951202   4.3
2201600119951203   4.5
2201600119951204    .3
2201600119951205   3.1
2201600119951206    .3
2201600119951207    .0
2201600119951208    .0
2201600119951209    .0
2201600119951210    .0
2201600119951211    .0
2201600119951212    .0
2201600119951213   4.3
2201600119951214   1.2
2201600119951215   4.1
2201600119951216  14.0
2201600119951217    .0
2201600119951218   2.2
2201600119951219   6.4
2201600119951220   4.1
2201600119951221   5.1
2201600119951222  22.7
2201600119951223   5.4
2201600119951224    .1
2201600119951225   2.2
2201600119951226    .0
2201600119951227    .1
2201600119951228    .0
2201600119951229  11.4
2201600119951230    .7
2201600119951231   1.0
2201600119960101    .2
2201600119960102   1.6
2201600119960103    .0
2201600119960104    .1
2201600119960105   4.7
2201600119960106   1.4
2201600119960107   1.6
2201600119960108    .0
2201600119960109   1.6
2201600119960110   1.1
2201600119960111   2.7
2201600119960112   1.1
2201600119960113   1.2
2201600119960114    .1
2201600119960115    .2
2201600119960116    .0
2201600119960117    .0
2201600119960118    .0
2201600119960119    .0
2201600119960120    .0
2201600119960121    .0
2201600119960122   3.4
2201600119960123   7.9
2201600119960124    .1
2201600119960125    .0
2201600119960126    .8
2201600119960127    .0
2201600119960128    .0
2201600119960129    .0
2201600119960130    .0
2201600119960131    .0
2201600119960201    .0
2201600119960202    .0
2201600119960203    .0
2201600119960204   1.1
2201600119960205   5.0
2201600119960206   9.3
2201600119960207  16.0
2201600119960208   3.5
2201600119960209   4.1
2201600119960210   5.1
2201600119960211   4.7
2201600119960212   5.1
2201600119960213    .2
2201600119960214    .0
2201600119960215    .0
2201600119960216    .0
2201600119960217   1.0
2201600119960218  10.2
2201600119960219   1.4
2201600119960220    .5
2201600119960221    .2
2201600119960222   4.2
2201600119960223    .0
2201600119960224  10.8
2201600119960225   4.0
2201600119960226    .5
2201600119960227    .0
2201600119960228    .0
2201600119960229    .0
2201600119960301    .0
2201600119960302    .0
2201600119960303    .0
2201600119960304    .0
2201600119960305    .0
2201600119960306    .0
2201600119960307   1.7
2201600119960308    .0
2201600119960309    .0
2201600119960310    .0
2201600119960311    .0
2201600119960312    .0
2201600119960313    .0
2201600119960314    .0
2201600119960315    .0
2201600119960316    .0
2201600119960317    .4
2201600119960318    .0
2201600119960319   4.4
2201600119960320   2.7
2201600119960321   1.0
2201600119960322   1.4
2201600119960323    .0
2201600119960324   2.4
2201600119960325   1.0
2201600119960326  10.3
2201600119960327    .0
2201600119960328    .0
2201600119960329    .2
2201600119960330    .0
2201600119960331    .0
2201600119960401    .0
2201600119960402    .0
2201600119960403    .0
2201600119960404    .0
2201600119960405    .0
2201600119960406    .0
2201600119960407    .0
2201600119960408    .0
2201600119960409   3.0
2201600119960410   1.3
2201600119960411    .0
2201600119960412   6.4
2201600119960413    .0
2201600119960414   2.7
2201600119960415    .7
2201600119960416   4.1
2201600119960417    .0
2201600119960418    .0
2201600119960419    .0
2201600119960420   3.4
2201600119960421    .0
2201600119960422   9.7
2201600119960423   1.5
2201600119960424    .4
2201600119960425    .0
2201600119960426    .0
2201600119960427    .0
2201600119960428    .0
2201600119960429    .0
2201600119960430   7.0
2201600119960501   1.9
2201600119960502   1.9
2201600119960503    .0
2201600119960504    .0
2201600119960505   1.0
2201600119960506   2.7
2201600119960507   2.3
2201600119960508    .0
2201600119960509    .0
2201600119960510    .0
2201600119960511    .0
2201600119960512    .0
2201600119960513    .0
2201600119960514    .0
2201600119960515    .2
2201600119960516  14.4
2201600119960517   3.4
2201600119960518  27.3
2201600119960519   2.7
2201600119960520    .6
2201600119960521    .5
2201600119960522   7.3
2201600119960523    .0
2201600119960524   3.2
2201600119960525   1.2
2201600119960526   1.9
2201600119960527    .5
2201600119960528    .0
2201600119960529    .0
2201600119960530    .0
2201600119960531    .0
2201600119960601    .0
2201600119960602    .0
2201600119960603    .0
2201600119960604    .3
2201600119960605    .0
2201600119960606    .0
2201600119960607   1.9
2201600119960608    .0
2201600119960609    .0
2201600119960610    .0
2201600119960611    .0
2201600119960612    .0
2201600119960613    .0
2201600119960614    .0
2201600119960615    .0
2201600119960616    .0
2201600119960617    .0
2201600119960618    .0
2201600119960619   3.0
2201600119960620    .0
2201600119960621    .0
2201600119960622    .0
2201600119960623    .0
2201600119960624    .0
2201600119960625    .0
2201600119960626    .0
2201600119960627    .0
2201600119960628   1.7
2201600119960629    .0
2201600119960630    .5
2201600119960701   1.9
2201600119960702    .0
2201600119960703   1.1
2201600119960704    .0
2201600119960705    .0
2201600119960706   4.3
2201600119960707    .0
2201600119960708    .0
2201600119960709    .3
2201600119960710    .0
2201600119960711    .0
2201600119960712   3.5
2201600119960713    .8
2201600119960714    .0
2201600119960715    .0
2201600119960716    .0
2201600119960717    .0
2201600119960718    .0
2201600119960719    .0
2201600119960720    .0
2201600119960721    .0
2201600119960722    .0
2201600119960723    .0
2201600119960724    .0
2201600119960725    .0
2201600119960726    .2
2201600119960727    .4
2201600119960728    .7
2201600119960729    .1
2201600119960730    .0
2201600119960731    .0
2201600119960801    .0
2201600119960802    .0
2201600119960803    .0
2201600119960804    .0
2201600119960805    .0
2201600119960806    .0
2201600119960807    .0
2201600119960808   2.6
2201600119960809  16.4
2201600119960810   6.9
2201600119960811   1.9
2201600119960812    .0
2201600119960813    .0
2201600119960814    .0
2201600119960815    .0
2201600119960816    .0
2201600119960817    .0
2201600119960818    .0
2201600119960819   2.3
2201600119960820    .0
2201600119960821    .0
2201600119960822  27.4
2201600119960823    .3
2201600119960824    .2
2201600119960825    .0
2201600119960826    .1
2201600119960827   5.0
2201600119960828    .0
2201600119960829    .0
2201600119960830    .0
2201600119960831    .0
2201600119960901    .0
2201600119960902    .0
2201600119960903    .0
2201600119960904    .0
2201600119960905    .0
2201600119960906    .0
2201600119960907    .0
2201600119960908    .0
2201600119960909    .0
2201600119960910    .0
2201600119960911    .0
2201600119960912    .6
2201600119960913    .0
2201600119960914    .0
2201600119960915    .0
2201600119960916    .0
2201600119960917    .0
2201600119960918    .0
2201600119960919   3.8
2201600119960920    .2
2201600119960921    .0
2201600119960922    .0
2201600119960923    .0
2201600119960924   4.4
2201600119960925    .2
2201600119960926   5.2
2201600119960927    .4
2201600119960928    .0
2201600119960929   1.4
2201600119960930  30.4
2201600119961001   4.3
2201600119961002    .0
2201600119961003    .7
2201600119961004   1.2
2201600119961005   1.5
2201600119961006   2.3
2201600119961007   3.4
2201600119961008   4.3
2201600119961009    .4
2201600119961010    .0
2201600119961011    .0
2201600119961012    .0
2201600119961013    .0
2201600119961014   8.9
2201600119961015   1.2
2201600119961016   2.6
2201600119961017    .0
2201600119961018    .7
2201600119961019    .0
2201600119961020   3.2
2201600119961021    .0
2201600119961022    .0
2201600119961023    .0
2201600119961024    .2
2201600119961025    .3
2201600119961026    .0
2201600119961027    .4
2201600119961028   4.7
2201600119961029   1.7
2201600119961030    .0
2201600119961031   2.0
2201600119961101    .1
2201600119961102    .0
2201600119961103   2.8
2201600119961104   7.5
2201600119961105    .0
2201600119961106   2.8
2201600119961107    .3
2201600119961108    .0
2201600119961109   2.6
2201600119961110   1.0
2201600119961111  11.6
2201600119961112   2.3
2201600119961113    .0
2201600119961114    .0
2201600119961115    .0
2201600119961116    .0
2201600119961117   2.9
2201600119961118   3.9
2201600119961119  26.5
2201600119961120   5.6
2201600119961121    .2
2201600119961122   3.0
2201600119961123   1.1
2201600119961124   8.4
2201600119961125   6.5
2201600119961126    .7
2201600119961127  20.4
2201600119961128   8.2
2201600119961129   6.3
2201600119961130   1.8
2201600119961201   1.3
2201600119961202    .3
2201600119961203   6.0
2201600119961204    .0
2201600119961205    .6
2201600119961206    .0
2201600119961207    .0
2201600119961208    .0
2201600119961209    .0
2201600119961210    .0
2201600119961211    .0
2201600119961212   1.3
2201600119961213   1.0
2201600119961214    .0
2201600119961215    .0
2201600119961216   9.7
2201600119961217   1.1
2201600119961218  15.6
2201600119961219   1.1
2201600119961220    .0
2201600119961221   1.4
2201600119961222   1.7
2201600119961223    .0
2201600119961224    .0
2201600119961225    .0
2201600119961226    .0
2201600119961227    .2
2201600119961228    .0
2201600119961229    .0
2201600119961230   5.4
2201600119961231   4.0
2201600119970101    .0
2201600119970102    .0
2201600119970103    .0
2201600119970104   1.0
2201600119970105   1.1
2201600119970106    .0
2201600119970107    .0
2201600119970108    .0
2201600119970109    .6
2201600119970110    .5
2201600119970111   1.2
2201600119970112    .0
2201600119970113    .0
2201600119970114    .0
2201600119970115    .0
2201600119970116    .0
2201600119970117    .4
2201600119970118    .2
2201600119970119    .6
2201600119970120    .0
2201600119970121    .6
2201600119970122   1.0
2201600119970123    .0
2201600119970124    .0
2201600119970125    .0
2201600119970126    .0
2201600119970127    .0
2201600119970128    .0
2201600119970129    .0
2201600119970130    .0
2201600119970131    .0
2201600119970201    .9
2201600119970202    .7
2201600119970203    .0
2201600119970204   5.6
2201600119970205    .0
2201600119970206    .6
2201600119970207    .4
2201600119970208    .0
2201600119970209    .0
2201600119970210   5.7
2201600119970211   5.3
2201600119970212  10.2
2201600119970213   9.7
2201600119970214   4.4
2201600119970215    .0
2201600119970216    .0
2201600119970217   1.5
2201600119970218   3.5
2201600119970219   1.2
2201600119970220    .0
2201600119970221    .0
2201600119970222    .0
2201600119970223   4.7
2201600119970224  19.9
2201600119970225   1.7
2201600119970226   5.7
2201600119970227    .0
2201600119970228   1.2
2201600119970301    .1
2201600119970302   1.9
2201600119970303   2.3
2201600119970304   8.0
2201600119970305   1.0
2201600119970306    .1
2201600119970307    .0
2201600119970308    .0
2201600119970309    .0
2201600119970310    .0
2201600119970311    .0
2201600119970312    .0
2201600119970313    .0
2201600119970314    .0
2201600119970315    .1
2201600119970316    .1
2201600119970317    .0
2201600119970318   1.8
2201600119970319    .1
2201600119970320    .0
2201600119970321    .0
2201600119970322    .0
2201600119970323    .0
2201600119970324    .4
2201600119970325    .0
2201600119970326   1.2
2201600119970327    .0
2201600119970328    .0
2201600119970329    .0
2201600119970330    .0
2201600119970331    .0
2201600119970401    .0
2201600119970402    .0
2201600119970403    .0
2201600119970404    .0
2201600119970405    .0
2201600119970406    .0
2201600119970407    .0
2201600119970408    .0
2201600119970409    .0
2201600119970410    .0
2201600119970411    .0
2201600119970412    .0
2201600119970413    .0
2201600119970414    .0
2201600119970415    .0
2201600119970416    .0
2201600119970417    .0
2201600119970418    .0
2201600119970419    .0
2201600119970420    .0
2201600119970421    .0
2201600119970422    .0
2201600119970423    .0
2201600119970424    .3
2201600119970425   7.5
2201600119970426   9.2
2201600119970427   3.3
2201600119970428    .0
2201600119970429    .0
2201600119970430    .0
2201600119970501    .0
2201600119970502    .0
2201600119970503    .0
2201600119970504   3.9
2201600119970505  11.0
2201600119970506   3.0
2201600119970507   8.1
2201600119970508  11.4
2201600119970509    .2
2201600119970510    .6
2201600119970511  12.0
2201600119970512   1.2
2201600119970513   4.4
2201600119970514    .1
2201600119970515    .2
2201600119970516   3.3
2201600119970517   7.4
2201600119970518   1.1
2201600119970519   1.6
2201600119970520   4.5
2201600119970521    .2
2201600119970522    .5
2201600119970523    .0
2201600119970524    .0
2201600119970525    .0
2201600119970526    .0
2201600119970527    .0
2201600119970528    .0
2201600119970529    .0
2201600119970530    .0
2201600119970531    .0
2201600119970601    .0
2201600119970602   4.8
2201600119970603    .0
2201600119970604   2.1
2201600119970605   8.5
2201600119970606   2.5
2201600119970607    .0
2201600119970608   2.3
2201600119970609    .2
2201600119970610   1.8
2201600119970611    .1
2201600119970612  20.7
2201600119970613   5.7
2201600119970614    .0
2201600119970615    .0
2201600119970616    .0
2201600119970617    .3
2201600119970618   1.0
2201600119970619   3.6
2201600119970620   4.6
2201600119970621   2.5
2201600119970622    .2
2201600119970623    .0
2201600119970624   2.8
2201600119970625   4.7
2201600119970626  32.1
2201600119970627   3.1
2201600119970628    .3
2201600119970629    .8
2201600119970630    .7
2201600119970701   2.5
2201600119970702   3.6
2201600119970703   8.5
2201600119970704    .7
2201600119970705    .3
2201600119970706    .3
2201600119970707    .0
2201600119970708    .0
2201600119970709    .0
2201600119970710    .2
2201600119970711    .0
2201600119970712    .0
2201600119970713    .0
2201600119970714    .0
2201600119970715    .7
2201600119970716    .2
2201600119970717    .2
2201600119970718    .2
2201600119970719    .2
2201600119970720    .0
2201600119970721    .0
2201600119970722    .0
2201600119970723    .2
2201600119970724   2.5
2201600119970725   5.6
2201600119970726   1.2
2201600119970727    .0
2201600119970728    .1
2201600119970729   1.6
2201600119970730   1.6
2201600119970731    .0
2201600119970801    .0
2201600119970802    .0
2201600119970803    .2
2201600119970804   1.1
2201600119970805    .0
2201600119970806    .1
2201600119970807    .1
2201600119970808    .2
2201600119970809    .2
2201600119970810    .6
2201600119970811    .1
2201600119970812   1.9
2201600119970813    .2
2201600119970814    .2
2201600119970815    .0
2201600119970816  22.4
2201600119970817    .0
2201600119970818    .0
2201600119970819    .0
2201600119970820    .0
2201600119970821    .0
2201600119970822    .0
2201600119970823    .0
2201600119970824  13.9
2201600119970825    .6
2201600119970826   2.0
2201600119970827  10.8
2201600119970828  14.7
2201600119970829   2.3
2201600119970830    .2
2201600119970831    .0
2201600119970901    .3
2201600119970902    .0
2201600119970903    .4
2201600119970904    .0
2201600119970905    .0
2201600119970906    .0
2201600119970907    .0
2201600119970908    .0
2201600119970909    .0
2201600119970910    .0
2201600119970911    .4
2201600119970912   9.4
2201600119970913    .5
2201600119970914    .0
2201600119970915    .1
2201600119970916    .3
2201600119970917    .0
2201600119970918    .0
2201600119970919    .0
2201600119970920    .0
2201600119970921    .0
2201600119970922    .0
2201600119970923    .0
2201600119970924    .0
2201600119970925    .0
2201600119970926    .0
2201600119970927    .0
2201600119970928    .0
2201600119970929    .4
2201600119970930    .3
2201600119971001    .0
2201600119971002    .6
2201600119971003    .0
2201600119971004    .2
2201600119971005    .0
2201600119971006   3.1
2201600119971007   6.7
2201600119971008  25.0
2201600119971009   6.5
2201600119971010    .6
2201600119971011   3.4
2201600119971012    .7
2201600119971013   1.1
2201600119971014   2.8
2201600119971015   1.4
2201600119971016   1.3
2201600119971017    .0
2201600119971018    .0
2201600119971019   5.7
2201600119971020   3.6
2201600119971021    .1
2201600119971022    .2
2201600119971023    .0
2201600119971024    .0
2201600119971025    .0
2201600119971026    .0
2201600119971027    .0
2201600119971028    .0
2201600119971029    .0
2201600119971030    .0
2201600119971031    .0
2201600119971101    .0
2201600119971102    .0
2201600119971103   7.8
2201600119971104    .3
2201600119971105   4.7
2201600119971106   3.4
2201600119971107  10.2
2201600119971108   6.0
2201600119971109   6.5
2201600119971110    .7
2201600119971111   2.0
2201600119971112   1.3
2201600119971113    .6
2201600119971114    .1
2201600119971115    .0
2201600119971116    .1
2201600119971117   1.3
2201600119971118   2.3
2201600119971119   7.0
2201600119971120   5.8
2201600119971121    .2
2201600119971122    .1
2201600119971123   3.0
2201600119971124   2.1
2201600119971125    .1
2201600119971126   5.3
2201600119971127   7.3
2201600119971128   2.1
2201600119971129   8.9
2201600119971130   1.7
2201600119971201  21.5
2201600119971202   1.0
2201600119971203   7.1
2201600119971204   2.3
2201600119971205    .0
2201600119971206    .0
2201600119971207    .6
2201600119971208   4.2
2201600119971209   3.1
2201600119971210   2.2
2201600119971211   1.4
2201600119971212    .4
2201600119971213    .0
2201600119971214    .0
2201600119971215    .0
2201600119971216   5.8
2201600119971217    .9
2201600119971218    .4
2201600119971219    .8
2201600119971220  15.3
2201600119971221    .3
2201600119971222  12.8
2201600119971223   3.5
2201600119971224   5.0
2201600119971225   2.6
2201600119971226   9.6
2201600119971227   3.7
2201600119971228    .0
2201600119971229   5.1
2201600119971230   3.8
2201600119971231    .0
2201600119980101  12.1
2201600119980102   2.8
2201600119980103   7.0
2201600119980104   7.7
2201600119980105   5.0
2201600119980106   6.4
2201600119980107   9.4
2201600119980108    .0
2201600119980109    .2
2201600119980110    .0
2201600119980111    .0
2201600119980112   1.0
2201600119980113  13.3
2201600119980114   4.0
2201600119980115   4.9
2201600119980116   5.6
2201600119980117   5.0
2201600119980118  18.6
2201600119980119   2.0
2201600119980120    .0
2201600119980121    .3
2201600119980122    .0
2201600119980123    .0
2201600119980124   1.0
2201600119980125    .4
2201600119980126    .0
2201600119980127    .0
2201600119980128    .0
2201600119980129    .0
2201600119980130    .0
2201600119980131    .0
2201600119980201    .0
2201600119980202    .0
2201600119980203    .0
2201600119980204    .0
2201600119980205    .0
2201600119980206    .6
2201600119980207    .2
2201600119980208    .2
2201600119980209    .2
2201600119980210    .0
2201600119980211    .2
2201600119980212    .2
2201600119980213    .3
2201600119980214    .1
2201600119980215    .0
2201600119980216    .0
2201600119980217    .3
2201600119980218    .0
2201600119980219    .0
2201600119980220    .2
2201600119980221   5.1
2201600119980222    .3
2201600119980223    .2
2201600119980224    .0
2201600119980225    .2
2201600119980226    .0
2201600119980227   5.3
2201600119980228    .2
2201600119980301    .8
2201600119980302    .0
2201600119980303  12.9
2201600119980304   3.4
2201600119980305    .0
2201600119980306    .8
2201600119980307   3.0
2201600119980308   5.5
2201600119980309    .0
2201600119980310   3.9
2201600119980311    .2
2201600119980312    .1
2201600119980313    .0
2201600119980314    .0
2201600119980315    .0
2201600119980316    .0
2201600119980317    .0
2201600119980318    .0
2201600119980319    .0
2201600119980320    .0
2201600119980321    .0
2201600119980322    .0
2201600119980323    .0
2201600119980324    .0
2201600119980325   4.8
2201600119980326   1.2
2201600119980327   8.0
2201600119980328    .4
2201600119980329    .0
2201600119980330    .2
2201600119980331    .0
2201600119980401   7.0
2201600119980402  10.6
2201600119980403   9.4
2201600119980404   3.4
2201600119980405   3.4
2201600119980406   1.8
2201600119980407   2.6
2201600119980408    .6
2201600119980409   6.4
2201600119980410  10.2
2201600119980411  11.2
2201600119980412   5.0
2201600119980413    .6
2201600119980414  21.4
2201600119980415   1.2
2201600119980416  14.8
2201600119980417   1.2
2201600119980418   2.6
2201600119980419  31.2
2201600119980420    .2
2201600119980421    .0
2201600119980422   4.4
2201600119980423   2.4
2201600119980424   2.1
2201600119980425   3.6
2201600119980426   8.0
2201600119980427   1.2
2201600119980428   6.6
2201600119980429   2.6
2201600119980430    .6
2201600119980501    .0
2201600119980502    .0
2201600119980503   1.0
2201600119980504    .0
2201600119980505    .0
2201600119980506    .0
2201600119980507    .0
2201600119980508    .0
2201600119980509    .0
2201600119980510   2.8
2201600119980511    .2
2201600119980512    .0
2201600119980513   1.4
2201600119980514    .2
2201600119980515    .2
2201600119980516    .0
2201600119980517    .0
2201600119980518    .0
2201600119980519    .0
2201600119980520    .0
2201600119980521    .2
2201600119980522    .0
2201600119980523    .0
2201600119980524    .0
2201600119980525    .0
2201600119980526    .0
2201600119980527    .0
2201600119980528   1.0
2201600119980529   5.2
2201600119980530   1.2
2201600119980531   1.6
2201600119980601   2.8
2201600119980602   5.0
2201600119980603    .4
2201600119980604    .0
2201600119980605    .0
2201600119980606    .0
2201600119980607    .0
2201600119980608   2.6
2201600119980609   6.4
2201600119980610   6.6
2201600119980611   3.4
2201600119980612   2.4
2201600119980613   4.2
2201600119980614    .6
2201600119980615    .0
2201600119980616    .0
2201600119980617    .0
2201600119980618    .0
2201600119980619    .0
2201600119980620    .0
2201600119980621    .2
2201600119980622    .0
2201600119980623    .2
2201600119980624   2.6
2201600119980625    .0
2201600119980626   6.4
2201600119980627   2.6
2201600119980628    .0
2201600119980629    .0
2201600119980630    .2
2201600119980701    .2
2201600119980702    .0
2201600119980703    .0
2201600119980704    .0
2201600119980705    .2
2201600119980706    .4
2201600119980707    .0
2201600119980708    .0
2201600119980709   1.2
2201600119980710    .2
2201600119980711    .2
2201600119980712   2.8
2201600119980713    .2
2201600119980714    .2
2201600119980715   1.2
2201600119980716    .2
2201600119980717    .0
2201600119980718    .0
2201600119980719    .0
2201600119980720    .0
2201600119980721   4.0
2201600119980722   2.4
2201600119980723    .2
2201600119980724    .0
2201600119980725    .2
2201600119980726    .0
2201600119980727    .2
2201600119980728   6.2
2201600119980729    .2
2201600119980730    .0
2201600119980731    .0
2201600119980801    .0
2201600119980802    .0
2201600119980803   2.0
2201600119980804    .0
2201600119980805    .2
2201600119980806    .2
2201600119980807    .4
2201600119980808    .2
2201600119980809    .2
2201600119980810    .0
2201600119980811    .2
2201600119980812    .0
2201600119980813    .2
2201600119980814    .0
2201600119980815    .0
2201600119980816    .0
2201600119980817    .2
2201600119980818    .2
2201600119980819    .0
2201600119980820   5.0
2201600119980821    .4
2201600119980822   2.0
2201600119980823   3.4
2201600119980824    .0
2201600119980825    .2
2201600119980826    .0
2201600119980827    .4
2201600119980828    .0
2201600119980829    .0
2201600119980830    .0
2201600119980831    .0
2201600119980901    .8
2201600119980902  39.8
2201600119980903   1.4
2201600119980904   8.2
2201600119980905    .2
2201600119980906    .0
2201600119980907   2.0
2201600119980908   6.4
2201600119980909   1.8
2201600119980910   1.0
2201600119980911   6.6
2201600119980912   6.2
2201600119980913    .8
2201600119980914   2.6
2201600119980915   4.4
2201600119980916    .0
2201600119980917    .2
2201600119980918    .2
2201600119980919    .2
2201600119980920    .0
2201600119980921    .0
2201600119980922    .0
2201600119980923    .0
2201600119980924    .4
2201600119980925  15.4
2201600119980926    .0
2201600119980927    .6
2201600119980928    .2
2201600119980929   2.6
2201600119980930   4.6
2201600119981001  11.4
2201600119981002   3.2
2201600119981003    .0
2201600119981004   5.6
2201600119981005  11.2
2201600119981006   3.8
2201600119981007    .2
2201600119981008    .0
2201600119981009   2.0
2201600119981010    .0
2201600119981011   3.2
2201600119981012    .0
2201600119981013   5.6
2201600119981014   3.4
2201600119981015    .0
2201600119981016   8.4
2201600119981017    .6
2201600119981018   1.8
2201600119981019   1.0
2201600119981020    .0
2201600119981021   4.4
2201600119981022   8.8
2201600119981023  17.8
2201600119981024  28.2
2201600119981025   1.8
2201600119981026    .8
2201600119981027    .6
2201600119981028  11.6
2201600119981029   3.8
2201600119981030   1.4
2201600119981031   9.4
2201600119981101    .0
2201600119981102   3.8
2201600119981103  14.0
2201600119981104   1.0
2201600119981105    .4
2201600119981106   1.4
2201600119981107    .0
2201600119981108  10.2
2201600119981109   1.6
2201600119981110   1.8
2201600119981111   9.2
2201600119981112   1.2
2201600119981113   9.6
2201600119981114   4.6
2201600119981115    .0
2201600119981116    .0
2201600119981117    .0
2201600119981118    .0
2201600119981119    .0
2201600119981120    .0
2201600119981121    .0
2201600119981122    .0
2201600119981123    .2
2201600119981124   3.6
2201600119981125   1.0
2201600119981126    .0
2201600119981127   1.6
2201600119981128   6.8
2201600119981129   1.6
2201600119981130    .0
2201600119981201    .0
2201600119981202   1.4
2201600119981203   1.6
2201600119981204    .2
2201600119981205   1.4
2201600119981206    .2
2201600119981207    .0
2201600119981208  15.4
2201600119981209    .4
2201600119981210   3.0
2201600119981211   1.4
2201600119981212   2.4
2201600119981213    .1
2201600119981214    .0
2201600119981215   1.3
2201600119981216    .0
2201600119981217   1.4
2201600119981218   3.0
2201600119981219  25.6
2201600119981220   1.8
2201600119981221    .2
2201600119981222    .4
2201600119981223   9.2
2201600119981224    .2
2201600119981225   4.8
2201600119981226  17.6
2201600119981227  10.8
2201600119981228    .2
2201600119981229    .0
2201600119981230    .0
2201600119981231   1.0
