2226600119940101  20.4
2226600119940102   5.2
2226600119940103  11.6
2226600119940104  18.8
2226600119940105   4.2
2226600119940106   4.2
2226600119940107    .0
2226600119940108   7.2
2226600119940109  21.0
2226600119940110   1.4
2226600119940111   6.4
2226600119940112  16.6
2226600119940113   7.8
2226600119940114  14.0
2226600119940115   3.4
2226600119940116   4.0
2226600119940117    .0
2226600119940118   1.8
2226600119940119   7.4
2226600119940120   1.2
2226600119940121    .0
2226600119940122    .4
2226600119940123   1.4
2226600119940124   5.2
2226600119940125   1.0
2226600119940126    .6
2226600119940127   6.0
2226600119940128    .0
2226600119940129    .0
2226600119940130   2.0
2226600119940131    .4
2226600119940201  10.4
2226600119940202  24.6
2226600119940203   8.6
2226600119940204    .0
2226600119940205    .0
2226600119940206   9.4
2226600119940207    .4
2226600119940208  10.2
2226600119940209  10.6
2226600119940210   5.2
2226600119940211  11.8
2226600119940212    .2
2226600119940213    .0
2226600119940214    .0
2226600119940215   1.0
2226600119940216    .0
2226600119940217   9.0
2226600119940218   3.2
2226600119940219   9.8
2226600119940220   8.0
2226600119940221   1.6
2226600119940222   3.2
2226600119940223  17.6
2226600119940224   1.0
2226600119940225    .8
2226600119940226    .0
2226600119940227  10.8
2226600119940228    .0
2226600119940301   4.6
2226600119940302   1.4
2226600119940303    .6
2226600119940304    .8
2226600119940305   4.8
2226600119940306    .0
2226600119940307    .0
2226600119940308    .0
2226600119940309    .0
2226600119940310    .0
2226600119940311    .0
2226600119940312   3.8
2226600119940313   1.4
2226600119940314    .4
2226600119940315    .8
2226600119940316    .2
2226600119940317    .0
2226600119940318   5.2
2226600119940319   4.2
2226600119940320   4.6
2226600119940321    .2
2226600119940322    .8
2226600119940323    .6
2226600119940324    .2
2226600119940325   1.4
2226600119940326    .0
2226600119940327   2.0
2226600119940328   2.8
2226600119940329    .0
2226600119940330  16.0
2226600119940331  22.8
2226600119940401  11.2
2226600119940402   7.2
2226600119940403  20.6
2226600119940404   5.0
2226600119940405   8.2
2226600119940406  13.8
2226600119940407   1.6
2226600119940408  20.0
2226600119940409   5.8
2226600119940410   2.4
2226600119940411    .0
2226600119940412    .8
2226600119940413   1.0
2226600119940414    .4
2226600119940415   4.4
2226600119940416   1.8
2226600119940417    .0
2226600119940418    .0
2226600119940419    .0
2226600119940420    .8
2226600119940421    .0
2226600119940422    .6
2226600119940423   3.2
2226600119940424    .6
2226600119940425   8.4
2226600119940426   1.6
2226600119940427    .0
2226600119940428    .0
2226600119940429    .0
2226600119940430    .0
2226600119940501    .0
2226600119940502    .0
2226600119940503   1.6
2226600119940504   1.0
2226600119940505   1.6
2226600119940506   1.2
2226600119940507    .8
2226600119940508    .0
2226600119940509    .6
2226600119940510    .0
2226600119940511  15.4
2226600119940512    .0
2226600119940513  10.2
2226600119940514    .0
2226600119940515    .0
2226600119940516  47.2
2226600119940517   5.2
2226600119940518    .4
2226600119940519   7.0
2226600119940520  21.0
2226600119940521   2.2
2226600119940522   7.8
2226600119940523   4.0
2226600119940524   4.8
2226600119940525  18.2
2226600119940526   3.2
2226600119940527    .4
2226600119940528    .0
2226600119940529    .0
2226600119940530    .0
2226600119940531    .0
2226600119940601   5.4
2226600119940602   4.6
2226600119940603   6.0
2226600119940604  12.8
2226600119940605    .2
2226600119940606    .2
2226600119940607    .0
2226600119940608    .2
2226600119940609    .0
2226600119940610    .0
2226600119940611    .0
2226600119940612    .0
2226600119940613    .0
2226600119940614    .0
2226600119940615    .0
2226600119940616    .0
2226600119940617    .0
2226600119940618    .0
2226600119940619    .0
2226600119940620    .0
2226600119940621   1.8
2226600119940622    .2
2226600119940623    .0
2226600119940624    .0
2226600119940625    .0
2226600119940626    .0
2226600119940627    .0
2226600119940628    .0
2226600119940629    .0
2226600119940630    .0
2226600119940701    .0
2226600119940702    .0
2226600119940703   1.6
2226600119940704    .0
2226600119940705    .0
2226600119940706   4.2
2226600119940707   5.4
2226600119940708    .0
2226600119940709    .0
2226600119940710    .0
2226600119940711    .0
2226600119940712    .0
2226600119940713    .0
2226600119940714    .0
2226600119940715    .0
2226600119940716    .6
2226600119940717    .6
2226600119940718  27.8
2226600119940719    .0
2226600119940720    .0
2226600119940721    .0
2226600119940722    .0
2226600119940723   2.0
2226600119940724    .0
2226600119940725    .0
2226600119940726    .0
2226600119940727    .0
2226600119940728    .0
2226600119940729    .0
2226600119940730    .0
2226600119940731   2.0
2226600119940801   2.2
2226600119940802   1.2
2226600119940803    .4
2226600119940804    .0
2226600119940805    .0
2226600119940806    .0
2226600119940807    .0
2226600119940808    .0
2226600119940809   8.8
2226600119940810   4.0
2226600119940811    .0
2226600119940812    .0
2226600119940813    .0
2226600119940814    .0
2226600119940815    .0
2226600119940816    .0
2226600119940817   1.8
2226600119940818    .6
2226600119940819   1.0
2226600119940820    .0
2226600119940821    .0
2226600119940822    .0
2226600119940823   1.6
2226600119940824   3.2
2226600119940825   2.8
2226600119940826   1.8
2226600119940827   2.4
2226600119940828    .0
2226600119940829    .0
2226600119940830   1.8
2226600119940831   8.0
2226600119940901    .4
2226600119940902    .0
2226600119940903    .6
2226600119940904   1.2
2226600119940905   2.8
2226600119940906   9.6
2226600119940907  13.0
2226600119940908   6.0
2226600119940909    .0
2226600119940910    .2
2226600119940911   3.2
2226600119940912    .4
2226600119940913   9.4
2226600119940914   4.2
2226600119940915   3.4
2226600119940916    .6
2226600119940917    .6
2226600119940918   8.6
2226600119940919   4.8
2226600119940920   2.6
2226600119940921    .2
2226600119940922   7.4
2226600119940923  16.2
2226600119940924  17.6
2226600119940925  39.2
2226600119940926    .2
2226600119940927    .0
2226600119940928    .0
2226600119940929    .0
2226600119940930    .0
2226600119941001    .0
2226600119941002    .8
2226600119941003    .2
2226600119941004    .0
2226600119941005    .0
2226600119941006    .0
2226600119941007    .0
2226600119941008    .0
2226600119941009    .0
2226600119941010    .0
2226600119941011    .0
2226600119941012    .0
2226600119941013    .0
2226600119941014    .0
2226600119941015    .0
2226600119941016    .0
2226600119941017    .0
2226600119941018  12.4
2226600119941019  15.4
2226600119941020   8.6
2226600119941021   7.2
2226600119941022   7.0
2226600119941023   4.2
2226600119941024  11.2
2226600119941025   6.2
2226600119941026    .8
2226600119941027   3.2
2226600119941028  10.0
2226600119941029   8.6
2226600119941030  24.8
2226600119941031   7.8
2226600119941101    .0
2226600119941102   5.2
2226600119941103   4.0
2226600119941104    .4
2226600119941105    .4
2226600119941106    .8
2226600119941107   2.6
2226600119941108   7.2
2226600119941109   4.0
2226600119941110   1.0
2226600119941111   8.4
2226600119941112   2.4
2226600119941113   2.2
2226600119941114  20.0
2226600119941115    .0
2226600119941116    .0
2226600119941117   7.2
2226600119941118   2.4
2226600119941119    .2
2226600119941120    .6
2226600119941121    .2
2226600119941122    .0
2226600119941123    .0
2226600119941124    .0
2226600119941125    .0
2226600119941126    .0
2226600119941127   2.8
2226600119941128    .0
2226600119941129    .0
2226600119941130    .0
2226600119941201    .0
2226600119941202    .2
2226600119941203  13.8
2226600119941204  11.2
2226600119941205   4.2
2226600119941206  11.8
2226600119941207   5.2
2226600119941208  36.4
2226600119941209   5.4
2226600119941210    .6
2226600119941211    .0
2226600119941212    .0
2226600119941213   1.2
2226600119941214   1.4
2226600119941215   1.2
2226600119941216    .6
2226600119941217   6.6
2226600119941218   8.4
2226600119941219   1.0
2226600119941220   8.2
2226600119941221   4.0
2226600119941222    .0
2226600119941223    .0
2226600119941224    .0
2226600119941225   4.8
2226600119941226   5.0
2226600119941227  40.8
2226600119941228  47.4
2226600119941229  18.4
2226600119941230   5.8
2226600119941231   3.2
2226600119950101   6.2
2226600119950102    .0
2226600119950103    .0
2226600119950104   5.2
2226600119950105   6.8
2226600119950106   1.4
2226600119950107    .0
2226600119950108   2.8
2226600119950109    .0
2226600119950110   2.2
2226600119950111   4.2
2226600119950112    .0
2226600119950113    .0
2226600119950114    .0
2226600119950115    .0
2226600119950116  15.6
2226600119950117  34.2
2226600119950118   2.6
2226600119950119  39.6
2226600119950120   3.4
2226600119950121  50.2
2226600119950122  35.2
2226600119950123   4.2
2226600119950124  37.8
2226600119950125  44.6
2226600119950126  15.8
2226600119950127  28.2
2226600119950128   4.6
2226600119950129   3.8
2226600119950130    .8
2226600119950131   3.8
2226600119950201  13.4
2226600119950202    .0
2226600119950203   2.8
2226600119950204   2.0
2226600119950205    .2
2226600119950206    .6
2226600119950207  15.8
2226600119950208   1.8
2226600119950209  11.8
2226600119950210  18.4
2226600119950211  18.2
2226600119950212   2.8
2226600119950213  14.0
2226600119950214  17.0
2226600119950215   2.4
2226600119950216  15.4
2226600119950217    .4
2226600119950218   4.6
2226600119950219  20.6
2226600119950220   6.6
2226600119950221    .2
2226600119950222  10.8
2226600119950223   7.0
2226600119950224  15.0
2226600119950225   2.0
2226600119950226   2.8
2226600119950227    .2
2226600119950228   4.2
2226600119950301   9.0
2226600119950302  18.0
2226600119950303   3.8
2226600119950304    .8
2226600119950305  10.0
2226600119950306   1.4
2226600119950307  20.6
2226600119950308   2.0
2226600119950309    .0
2226600119950310    .0
2226600119950311    .2
2226600119950312    .0
2226600119950313    .0
2226600119950314    .6
2226600119950315   3.8
2226600119950316   4.0
2226600119950317   3.6
2226600119950318  21.4
2226600119950319   1.0
2226600119950320    .0
2226600119950321    .0
2226600119950322    .0
2226600119950323    .0
2226600119950324    .0
2226600119950325    .0
2226600119950326    .8
2226600119950327    .4
2226600119950328  12.4
2226600119950329    .0
2226600119950330    .0
2226600119950331    .2
2226600119950401    .2
2226600119950402    .0
2226600119950403    .0
2226600119950404    .0
2226600119950405    .0
2226600119950406    .2
2226600119950407    .0
2226600119950408    .0
2226600119950409    .0
2226600119950410    .0
2226600119950411    .0
2226600119950412    .0
2226600119950413    .0
2226600119950414    .0
2226600119950415    .0
2226600119950416    .0
2226600119950417   1.4
2226600119950418   4.0
2226600119950419    .8
2226600119950420  10.4
2226600119950421  12.8
2226600119950422   1.2
2226600119950423    .2
2226600119950424    .8
2226600119950425   2.6
2226600119950426    .2
2226600119950427    .0
2226600119950428   6.2
2226600119950429   2.6
2226600119950430    .0
2226600119950501    .0
2226600119950502    .0
2226600119950503    .0
2226600119950504    .0
2226600119950505    .0
2226600119950506    .0
2226600119950507    .0
2226600119950508    .0
2226600119950509    .4
2226600119950510    .2
2226600119950511   3.2
2226600119950512   4.6
2226600119950513    .0
2226600119950514    .0
2226600119950515   4.2
2226600119950516  32.6
2226600119950517   8.2
2226600119950518    .0
2226600119950519    .0
2226600119950520    .0
2226600119950521    .0
2226600119950522    .0
2226600119950523    .6
2226600119950524   5.8
2226600119950525    .8
2226600119950526   2.4
2226600119950527   6.2
2226600119950528   4.0
2226600119950529   1.4
2226600119950530    .2
2226600119950531    .0
2226600119950601   4.6
2226600119950602    .6
2226600119950603   4.0
2226600119950604   1.0
2226600119950605    .0
2226600119950606    .0
2226600119950607    .2
2226600119950608    .0
2226600119950609    .0
2226600119950610    .0
2226600119950611   1.0
2226600119950612    .0
2226600119950613    .0
2226600119950614    .0
2226600119950615    .0
2226600119950616    .0
2226600119950617   5.8
2226600119950618    .6
2226600119950619    .0
2226600119950620    .2
2226600119950621    .0
2226600119950622    .0
2226600119950623    .0
2226600119950624    .0
2226600119950625    .0
2226600119950626    .2
2226600119950627    .0
2226600119950628    .0
2226600119950629    .0
2226600119950630    .0
2226600119950701 143.9
2226600119950702  16.7
2226600119950703    .0
2226600119950704    .0
2226600119950705    .0
2226600119950706    .0
2226600119950707    .0
2226600119950708    .0
2226600119950709    .0
2226600119950710   1.4
2226600119950711   1.6
2226600119950712   1.0
2226600119950713    .4
2226600119950714   2.0
2226600119950715    .4
2226600119950716    .8
2226600119950717   6.4
2226600119950718    .0
2226600119950719    .4
2226600119950720    .0
2226600119950721    .0
2226600119950722    .0
2226600119950723    .0
2226600119950724    .0
2226600119950725    .4
2226600119950726  17.2
2226600119950727   1.4
2226600119950728    .0
2226600119950729    .0
2226600119950730   5.6
2226600119950731    .0
2226600119950801   1.0
2226600119950802   8.0
2226600119950803    .0
2226600119950804   1.3
2226600119950805  13.2
2226600119950806   1.6
2226600119950807   1.2
2226600119950808    .0
2226600119950809    .0
2226600119950810    .0
2226600119950811    .0
2226600119950812    .4
2226600119950813    .0
2226600119950814    .0
2226600119950815    .0
2226600119950816    .0
2226600119950817    .0
2226600119950818    .0
2226600119950819    .0
2226600119950820    .0
2226600119950821    .0
2226600119950822    .0
2226600119950823    .2
2226600119950824    .6
2226600119950825    .4
2226600119950826   1.0
2226600119950827    .0
2226600119950828    .0
2226600119950829    .2
2226600119950830    .2
2226600119950831    .0
2226600119950901    .0
2226600119950902   1.0
2226600119950903    .0
2226600119950904    .0
2226600119950905    .0
2226600119950906  40.4
2226600119950907  36.0
2226600119950908   1.2
2226600119950909   1.8
2226600119950910  14.4
2226600119950911   2.2
2226600119950912   3.0
2226600119950913   4.0
2226600119950914  19.8
2226600119950915   2.6
2226600119950916    .2
2226600119950917  10.0
2226600119950918  10.9
2226600119950919    .2
2226600119950920    .2
2226600119950921    .0
2226600119950922    .2
2226600119950923   5.4
2226600119950924   4.4
2226600119950925    .2
2226600119950926   8.2
2226600119950927   5.6
2226600119950928    .0
2226600119950929   7.0
2226600119950930   1.0
2226600119951001   1.2
2226600119951002   7.2
2226600119951003   6.4
2226600119951004  21.4
2226600119951005    .2
2226600119951006   2.6
2226600119951007    .0
2226600119951008    .0
2226600119951009    .0
2226600119951010    .0
2226600119951011    .0
2226600119951012    .0
2226600119951013    .0
2226600119951014    .0
2226600119951015    .0
2226600119951016    .0
2226600119951017   2.4
2226600119951018    .0
2226600119951019    .0
2226600119951020    .2
2226600119951021    .0
2226600119951022    .0
2226600119951023    .0
2226600119951024  17.4
2226600119951025   1.0
2226600119951026   1.4
2226600119951027   1.6
2226600119951028   2.0
2226600119951029    .4
2226600119951030    .0
2226600119951031    .0
2226600119951101    .0
2226600119951102    .0
2226600119951103    .0
2226600119951104    .0
2226600119951105    .0
2226600119951106    .0
2226600119951107    .0
2226600119951108    .0
2226600119951109    .0
2226600119951110  22.2
2226600119951111  14.6
2226600119951112    .4
2226600119951113    .6
2226600119951114   8.2
2226600119951115   4.0
2226600119951116   4.0
2226600119951117    .0
2226600119951118    .0
2226600119951119    .0
2226600119951120    .0
2226600119951121   5.2
2226600119951122    .0
2226600119951123    .6
2226600119951124   7.8
2226600119951125  11.6
2226600119951126   8.6
2226600119951127   5.8
2226600119951128   6.4
2226600119951129    .0
2226600119951130  17.2
2226600119951201   3.8
2226600119951202   7.4
2226600119951203   2.0
2226600119951204   1.6
2226600119951205    .4
2226600119951206   1.0
2226600119951207    .0
2226600119951208    .0
2226600119951209    .0
2226600119951210    .0
2226600119951211    .0
2226600119951212    .0
2226600119951213    .0
2226600119951214    .2
2226600119951215   1.8
2226600119951216   1.2
2226600119951217   1.0
2226600119951218   2.0
2226600119951219   4.2
2226600119951220   8.8
2226600119951221  32.6
2226600119951222   9.0
2226600119951223   4.0
2226600119951224    .0
2226600119951225   1.0
2226600119951226    .0
2226600119951227    .0
2226600119951228    .0
2226600119951229   8.8
2226600119951230   6.2
2226600119951231    .8
2226600119960101   2.0
2226600119960102   2.8
2226600119960103    .0
2226600119960104   2.2
2226600119960105    .8
2226600119960106   3.6
2226600119960107   3.8
2226600119960108  20.2
2226600119960109   2.6
2226600119960110   3.6
2226600119960111  15.8
2226600119960112   1.4
2226600119960113    .4
2226600119960114    .2
2226600119960115    .0
2226600119960116    .0
2226600119960117    .0
2226600119960118    .0
2226600119960119    .2
2226600119960120   3.4
2226600119960121    .0
2226600119960122   2.4
2226600119960123   6.8
2226600119960124    .2
2226600119960125    .0
2226600119960126    .0
2226600119960127    .0
2226600119960128    .0
2226600119960129    .0
2226600119960130    .0
2226600119960131    .0
2226600119960201    .0
2226600119960202    .0
2226600119960203    .0
2226600119960204    .0
2226600119960205  13.4
2226600119960206   4.6
2226600119960207  19.6
2226600119960208    .6
2226600119960209  12.2
2226600119960210   1.6
2226600119960211   9.6
2226600119960212   4.6
2226600119960213   1.0
2226600119960214    .0
2226600119960215    .0
2226600119960216    .0
2226600119960217    .8
2226600119960218  15.8
2226600119960219   3.0
2226600119960220   4.8
2226600119960221    .2
2226600119960222   6.2
2226600119960223   3.8
2226600119960224  27.2
2226600119960225   7.6
2226600119960226    .2
2226600119960227    .0
2226600119960228    .0
2226600119960229    .0
2226600119960301    .0
2226600119960302   1.4
2226600119960303    .8
2226600119960304    .0
2226600119960305    .0
2226600119960306    .0
2226600119960307    .8
2226600119960308   1.4
2226600119960309    .0
2226600119960310    .0
2226600119960311    .0
2226600119960312    .0
2226600119960313    .0
2226600119960314    .0
2226600119960315    .0
2226600119960316    .0
2226600119960317  10.0
2226600119960318    .0
2226600119960319   4.0
2226600119960320   6.0
2226600119960321   1.4
2226600119960322   1.8
2226600119960323    .0
2226600119960324   1.2
2226600119960325   2.2
2226600119960326   7.0
2226600119960327    .0
2226600119960328    .0
2226600119960329    .0
2226600119960330    .0
2226600119960331    .8
2226600119960401    .0
2226600119960402    .0
2226600119960403    .0
2226600119960404    .0
2226600119960405    .0
2226600119960406    .2
2226600119960407    .0
2226600119960408    .0
2226600119960409  11.0
2226600119960410    .2
2226600119960411    .2
2226600119960412   4.8
2226600119960413   1.6
2226600119960414   2.6
2226600119960415    .6
2226600119960416   3.6
2226600119960417    .6
2226600119960418   1.4
2226600119960419    .0
2226600119960420   2.6
2226600119960421   2.8
2226600119960422  15.4
2226600119960423   2.2
2226600119960424    .0
2226600119960425    .0
2226600119960426    .0
2226600119960427    .0
2226600119960428    .0
2226600119960429    .0
2226600119960430   2.8
2226600119960501  12.0
2226600119960502   3.6
2226600119960503    .4
2226600119960504    .0
2226600119960505    .0
2226600119960506  15.0
2226600119960507   2.2
2226600119960508    .0
2226600119960509    .0
2226600119960510    .0
2226600119960511    .0
2226600119960512    .0
2226600119960513    .0
2226600119960514    .0
2226600119960515    .4
2226600119960516  14.0
2226600119960517   2.6
2226600119960518  25.0
2226600119960519    .4
2226600119960520    .0
2226600119960521    .8
2226600119960522  12.0
2226600119960523    .4
2226600119960524  10.6
2226600119960525   4.2
2226600119960526   2.8
2226600119960527    .2
2226600119960528    .0
2226600119960529    .0
2226600119960530    .0
2226600119960531    .0
2226600119960601    .2
2226600119960602    .8
2226600119960603    .0
2226600119960604    .0
2226600119960605    .0
2226600119960606    .0
2226600119960607   1.0
2226600119960608    .2
2226600119960609    .0
2226600119960610    .0
2226600119960611   1.0
2226600119960612    .0
2226600119960613    .0
2226600119960614    .0
2226600119960615    .0
2226600119960616    .0
2226600119960617    .0
2226600119960618    .0
2226600119960619    .4
2226600119960620    .0
2226600119960621   1.2
2226600119960622    .0
2226600119960623    .0
2226600119960624    .0
2226600119960625    .0
2226600119960626    .4
2226600119960627    .0
2226600119960628   1.4
2226600119960629    .0
2226600119960630   1.8
2226600119960701    .0
2226600119960702    .0
2226600119960703   5.4
2226600119960704    .5
2226600119960705    .8
2226600119960706    .2
2226600119960707    .0
2226600119960708    .2
2226600119960709    .2
2226600119960710    .2
2226600119960711    .0
2226600119960712    .4
2226600119960713    .0
2226600119960714    .2
2226600119960715    .0
2226600119960716    .2
2226600119960717    .0
2226600119960718    .0
2226600119960719    .0
2226600119960720    .0
2226600119960721    .0
2226600119960722    .0
2226600119960723    .0
2226600119960724    .2
2226600119960725    .0
2226600119960726    .0
2226600119960727    .2
2226600119960728   1.6
2226600119960729    .4
2226600119960730    .0
2226600119960731   3.4
2226600119960801    .2
2226600119960802    .2
2226600119960803    .0
2226600119960804    .0
2226600119960805   4.6
2226600119960806    .0
2226600119960807    .2
2226600119960808   6.2
2226600119960809  19.0
2226600119960810   6.6
2226600119960811   2.4
2226600119960812    .2
2226600119960813    .2
2226600119960814    .2
2226600119960815    .2
2226600119960816    .0
2226600119960817    .0
2226600119960818    .0
2226600119960819   8.6
2226600119960820    .0
2226600119960821    .2
2226600119960822  26.2
2226600119960823   6.2
2226600119960824   2.2
2226600119960825    .8
2226600119960826    .8
2226600119960827    .2
2226600119960828    .2
2226600119960829    .0
2226600119960830    .4
2226600119960831    .0
2226600119960901    .4
2226600119960902    .0
2226600119960903    .2
2226600119960904    .2
2226600119960905    .2
2226600119960906    .4
2226600119960907    .2
2226600119960908    .0
2226600119960909    .2
2226600119960910    .4
2226600119960911    .2
2226600119960912    .4
2226600119960913    .0
2226600119960914    .0
2226600119960915    .0
2226600119960916    .0
2226600119960917    .0
2226600119960918    .0
2226600119960919   3.2
2226600119960920    .4
2226600119960921    .0
2226600119960922    .2
2226600119960923    .0
2226600119960924   5.2
2226600119960925    .2
2226600119960926  16.0
2226600119960927   2.8
2226600119960928    .0
2226600119960929   2.8
2226600119960930  35.4
2226600119961001   8.2
2226600119961002    .4
2226600119961003   3.2
2226600119961004   1.2
2226600119961005   6.6
2226600119961006   2.0
2226600119961007    .2
2226600119961008   3.8
2226600119961009    .0
2226600119961010   1.2
2226600119961011    .2
2226600119961012    .0
2226600119961013    .8
2226600119961014   8.8
2226600119961015   1.8
2226600119961016   2.6
2226600119961017   1.0
2226600119961018   7.4
2226600119961019    .2
2226600119961020   4.2
2226600119961021    .6
2226600119961022    .4
2226600119961023    .0
2226600119961024   1.0
2226600119961025   3.0
2226600119961026    .0
2226600119961027   3.4
2226600119961028   2.6
2226600119961029    .2
2226600119961030    .0
2226600119961031   4.0
2226600119961101    .2
2226600119961102    .4
2226600119961103  21.2
2226600119961104  12.4
2226600119961105   2.4
2226600119961106   8.2
2226600119961107   1.4
2226600119961108   1.6
2226600119961109   4.4
2226600119961110    .2
2226600119961111   4.4
2226600119961112   8.2
2226600119961113    .0
2226600119961114    .0
2226600119961115    .0
2226600119961116    .0
2226600119961117   3.2
2226600119961118  28.6
2226600119961119   9.0
2226600119961120   5.0
2226600119961121    .0
2226600119961122   7.2
2226600119961123   1.8
2226600119961124  16.2
2226600119961125   3.0
2226600119961126   7.6
2226600119961127   5.2
2226600119961128   4.2
2226600119961129   4.6
2226600119961130   5.4
2226600119961201   1.2
2226600119961202   3.2
2226600119961203  18.6
2226600119961204    .0
2226600119961205    .0
2226600119961206   2.4
2226600119961207    .0
2226600119961208    .0
2226600119961209    .0
2226600119961210    .0
2226600119961211    .2
2226600119961212   1.0
2226600119961213    .0
2226600119961214    .0
2226600119961215    .0
2226600119961216   3.6
2226600119961217   1.4
2226600119961218  10.8
2226600119961219   2.0
2226600119961220    .0
2226600119961221   6.0
2226600119961222   1.0
2226600119961223    .0
2226600119961224   2.0
2226600119961225    .4
2226600119961226    .0
2226600119961227    .0
2226600119961228    .2
2226600119961229    .0
2226600119961230   2.8
2226600119961231    .0
2226600119970101    .0
2226600119970102    .0
2226600119970103    .0
2226600119970104   2.8
2226600119970105    .4
2226600119970106    .0
2226600119970107    .0
2226600119970108    .0
2226600119970109    .0
2226600119970110    .6
2226600119970111    .6
2226600119970112    .0
2226600119970113    .0
2226600119970114    .0
2226600119970115    .0
2226600119970116    .8
2226600119970117   1.8
2226600119970118   6.4
2226600119970119   5.4
2226600119970120    .0
2226600119970121   2.4
2226600119970122   4.0
2226600119970123    .0
2226600119970124    .0
2226600119970125    .0
2226600119970126    .0
2226600119970127    .0
2226600119970128    .0
2226600119970129    .0
2226600119970130    .0
2226600119970131    .2
2226600119970201    .2
2226600119970202   4.0
2226600119970203    .0
2226600119970204  11.6
2226600119970205    .0
2226600119970206    .2
2226600119970207    .4
2226600119970208    .2
2226600119970209    .0
2226600119970210  17.8
2226600119970211   9.4
2226600119970212  13.0
2226600119970213  12.2
2226600119970214  11.0
2226600119970215    .0
2226600119970216   3.6
2226600119970217  13.6
2226600119970218   3.8
2226600119970219   4.2
2226600119970220    .0
2226600119970221    .2
2226600119970222    .0
2226600119970223   8.0
2226600119970224  25.2
2226600119970225  17.4
2226600119970226   5.8
2226600119970227    .0
2226600119970228   1.0
2226600119970301   1.2
2226600119970302   5.4
2226600119970303    .8
2226600119970304   4.0
2226600119970305   1.2
2226600119970306    .0
2226600119970307    .0
2226600119970308    .0
2226600119970309    .0
2226600119970310    .0
2226600119970311    .0
2226600119970312    .0
2226600119970313    .0
2226600119970314    .8
2226600119970315    .0
2226600119970316    .2
2226600119970317    .0
2226600119970318   1.6
2226600119970319    .4
2226600119970320    .0
2226600119970321    .0
2226600119970322    .0
2226600119970323    .0
2226600119970324   1.0
2226600119970325    .0
2226600119970326   1.0
2226600119970327    .0
2226600119970328    .0
2226600119970329    .0
2226600119970330    .0
2226600119970331    .0
2226600119970401    .0
2226600119970402    .0
2226600119970403    .0
2226600119970404    .0
2226600119970405    .0
2226600119970406    .0
2226600119970407    .0
2226600119970408    .0
2226600119970409    .0
2226600119970410    .0
2226600119970411    .0
2226600119970412    .0
2226600119970413    .0
2226600119970414    .0
2226600119970415    .0
2226600119970416    .0
2226600119970417    .0
2226600119970418    .0
2226600119970419    .0
2226600119970420    .0
2226600119970421    .0
2226600119970422    .0
2226600119970423    .0
2226600119970424    .4
2226600119970425   4.4
2226600119970426  13.2
2226600119970427   1.8
2226600119970428    .0
2226600119970429    .0
2226600119970430    .0
2226600119970501    .0
2226600119970502    .0
2226600119970503   1.6
2226600119970504  22.4
2226600119970505   8.0
2226600119970506    .8
2226600119970507   2.4
2226600119970508   8.6
2226600119970509   3.8
2226600119970510  12.4
2226600119970511   3.8
2226600119970512   2.6
2226600119970513   1.6
2226600119970514    .0
2226600119970515   1.0
2226600119970516    .6
2226600119970517  15.4
2226600119970518    .6
2226600119970519   5.6
2226600119970520  12.4
2226600119970521    .2
2226600119970522    .0
2226600119970523    .0
2226600119970524    .0
2226600119970525    .0
2226600119970526    .0
2226600119970527    .0
2226600119970528    .0
2226600119970529    .0
2226600119970530    .0
2226600119970531    .0
2226600119970601    .0
2226600119970602    .2
2226600119970603    .0
2226600119970604   9.4
2226600119970605   2.4
2226600119970606   4.2
2226600119970607    .8
2226600119970608   8.0
2226600119970609    .2
2226600119970610   5.0
2226600119970611   1.2
2226600119970612   2.0
2226600119970613   4.8
2226600119970614    .6
2226600119970615    .2
2226600119970616   1.2
2226600119970617    .0
2226600119970618    .2
2226600119970619   3.2
2226600119970620   4.2
2226600119970621  12.2
2226600119970622   1.0
2226600119970623    .6
2226600119970624   1.8
2226600119970625  10.0
2226600119970626  10.8
2226600119970627   4.0
2226600119970628    .2
2226600119970629   1.0
2226600119970630   1.2
2226600119970701   3.4
2226600119970702   3.0
2226600119970703   7.0
2226600119970704   2.8
2226600119970705    .2
2226600119970706    .0
2226600119970707    .0
2226600119970708    .0
2226600119970709    .2
2226600119970710    .2
2226600119970711    .2
2226600119970712   2.6
2226600119970713    .0
2226600119970714    .0
2226600119970715    .0
2226600119970716    .2
2226600119970717    .0
2226600119970718    .2
2226600119970719    .0
2226600119970720    .0
2226600119970721    .0
2226600119970722    .0
2226600119970723    .0
2226600119970724   3.4
2226600119970725   3.2
2226600119970726   3.0
2226600119970727    .2
2226600119970728    .0
2226600119970729    .0
2226600119970730    .4
2226600119970731    .2
2226600119970801    .0
2226600119970802    .4
2226600119970803    .0
2226600119970804    .0
2226600119970805    .4
2226600119970806    .0
2226600119970807  11.6
2226600119970808    .0
2226600119970809    .0
2226600119970810   1.6
2226600119970811    .0
2226600119970812    .6
2226600119970813    .2
2226600119970814    .0
2226600119970815    .0
2226600119970816  39.0
2226600119970817    .0
2226600119970818    .0
2226600119970819    .0
2226600119970820    .0
2226600119970821    .2
2226600119970822    .4
2226600119970823    .0
2226600119970824  10.0
2226600119970825    .2
2226600119970826   4.2
2226600119970827  12.4
2226600119970828  12.4
2226600119970829  17.4
2226600119970830    .4
2226600119970831    .2
2226600119970901    .4
2226600119970902    .2
2226600119970903   3.0
2226600119970904    .0
2226600119970905    .4
2226600119970906    .2
2226600119970907    .0
2226600119970908    .0
2226600119970909    .4
2226600119970910    .0
2226600119970911    .0
2226600119970912   5.2
2226600119970913    .0
2226600119970914    .0
2226600119970915    .0
2226600119970916    .2
2226600119970917    .2
2226600119970918    .0
2226600119970919    .0
2226600119970920    .0
2226600119970921    .0
2226600119970922    .0
2226600119970923    .0
2226600119970924    .2
2226600119970925    .4
2226600119970926    .2
2226600119970927    .2
2226600119970928    .2
2226600119970929    .0
2226600119970930    .0
2226600119971001    .2
2226600119971002    .2
2226600119971003    .4
2226600119971004    .0
2226600119971005    .2
2226600119971006   4.2
2226600119971007  11.6
2226600119971008  58.4
2226600119971009   4.4
2226600119971010   1.2
2226600119971011   7.6
2226600119971012    .6
2226600119971013    .4
2226600119971014   2.0
2226600119971015   2.8
2226600119971016   2.0
2226600119971017    .0
2226600119971018    .2
2226600119971019  15.0
2226600119971020   1.6
2226600119971021   1.6
2226600119971022   7.0
2226600119971023    .6
2226600119971024    .0
2226600119971025    .0
2226600119971026    .0
2226600119971027    .0
2226600119971028    .0
2226600119971029    .0
2226600119971030    .0
2226600119971031    .0
2226600119971101    .0
2226600119971102    .0
2226600119971103   3.2
2226600119971104   6.4
2226600119971105  13.2
2226600119971106    .4
2226600119971107  15.8
2226600119971108  15.0
2226600119971109   5.2
2226600119971110   3.6
2226600119971111    .4
2226600119971112    .0
2226600119971113    .0
2226600119971114   2.0
2226600119971115   2.8
2226600119971116    .6
2226600119971117   4.4
2226600119971118   6.8
2226600119971119  20.2
2226600119971120   3.4
2226600119971121   1.2
2226600119971122    .4
2226600119971123   3.2
2226600119971124   3.0
2226600119971125   1.2
2226600119971126   4.2
2226600119971127  11.6
2226600119971128   4.6
2226600119971129   2.2
2226600119971130   1.6
2226600119971201   7.6
2226600119971202   2.4
2226600119971203    .0
2226600119971204    .6
2226600119971205    .0
2226600119971206    .0
2226600119971207  11.2
2226600119971208  13.0
2226600119971209  12.2
2226600119971210  15.0
2226600119971211   2.6
2226600119971212    .0
2226600119971213    .0
2226600119971214    .0
2226600119971215    .0
2226600119971216   3.0
2226600119971217   7.2
2226600119971218    .2
2226600119971219   7.6
2226600119971220   9.8
2226600119971221    .0
2226600119971222   5.2
2226600119971223  13.2
2226600119971224  27.6
2226600119971225  25.6
2226600119971226   5.4
2226600119971227   2.0
2226600119971228    .0
2226600119971229   5.4
2226600119971230  13.0
2226600119971231    .8
2226600119980101  23.6
2226600119980102  10.8
2226600119980103   9.0
2226600119980104  14.8
2226600119980105  20.4
2226600119980106  14.8
2226600119980107   8.0
2226600119980108    .0
2226600119980109    .0
2226600119980110    .0
2226600119980111    .0
2226600119980112   2.2
2226600119980113  29.4
2226600119980114  16.2
2226600119980115   7.0
2226600119980116   3.8
2226600119980117  11.0
2226600119980118  15.6
2226600119980119   3.0
2226600119980120    .0
2226600119980121    .2
2226600119980122    .0
2226600119980123    .0
2226600119980124   2.4
2226600119980125    .2
2226600119980126    .0
2226600119980127    .0
2226600119980128    .0
2226600119980129    .0
2226600119980130    .0
2226600119980131    .0
2226600119980201    .0
2226600119980202    .0
2226600119980203    .0
2226600119980204    .0
2226600119980205    .0
2226600119980206    .2
2226600119980207    .8
2226600119980208    .0
2226600119980209    .0
2226600119980210    .0
2226600119980211    .2
2226600119980212    .2
2226600119980213    .0
2226600119980214    .0
2226600119980215    .0
2226600119980216    .0
2226600119980217    .0
2226600119980218    .0
2226600119980219    .2
2226600119980220   3.0
2226600119980221   9.4
2226600119980222   1.2
2226600119980223    .0
2226600119980224    .0
2226600119980225    .0
2226600119980226    .0
2226600119980227    .4
2226600119980228   1.0
2226600119980301    .2
2226600119980302   5.2
2226600119980303  16.8
2226600119980304  10.6
2226600119980305    .2
2226600119980306   2.0
2226600119980307   9.2
2226600119980308   5.2
2226600119980309    .0
2226600119980310   8.4
2226600119980311   1.0
2226600119980312   1.4
2226600119980313    .4
2226600119980314    .0
2226600119980315    .0
2226600119980316    .0
2226600119980317    .0
2226600119980318    .0
2226600119980319    .0
2226600119980320    .0
2226600119980321    .0
2226600119980322    .0
2226600119980323    .0
2226600119980324    .0
2226600119980325   1.2
2226600119980326   1.6
2226600119980327   7.8
2226600119980328   3.0
2226600119980329    .2
2226600119980330    .2
2226600119980331    .0
2226600119980401  14.0
2226600119980402  20.0
2226600119980403  16.4
2226600119980404   6.8
2226600119980405   3.6
2226600119980406    .6
2226600119980407   7.4
2226600119980408   2.6
2226600119980409    .0
2226600119980410   2.4
2226600119980411   5.2
2226600119980412   3.0
2226600119980413    .6
2226600119980414  11.2
2226600119980415   4.0
2226600119980416  24.8
2226600119980417   1.2
2226600119980418   6.6
2226600119980419  11.4
2226600119980420    .0
2226600119980421    .0
2226600119980422   5.8
2226600119980423   3.8
2226600119980424   5.8
2226600119980425  13.4
2226600119980426   2.0
2226600119980427   5.6
2226600119980428   6.8
2226600119980429   7.6
2226600119980430   1.4
2226600119980501    .0
2226600119980502    .0
2226600119980503    .4
2226600119980504    .0
2226600119980505    .0
2226600119980506    .2
2226600119980507    .0
2226600119980508    .0
2226600119980509    .0
2226600119980510   7.4
2226600119980511    .4
2226600119980512    .2
2226600119980513    .0
2226600119980514    .2
2226600119980515    .0
2226600119980516    .0
2226600119980517    .0
2226600119980518    .0
2226600119980519    .0
2226600119980520    .0
2226600119980521    .0
2226600119980522    .0
2226600119980523    .2
2226600119980524    .0
2226600119980525    .0
2226600119980526    .6
2226600119980527    .0
2226600119980528   8.0
2226600119980529  15.4
2226600119980530  25.8
2226600119980531   5.6
2226600119980601   3.4
2226600119980602   5.0
2226600119980603    .4
2226600119980604    .0
2226600119980605    .2
2226600119980606   1.0
2226600119980607    .6
2226600119980608   2.4
2226600119980609  20.0
2226600119980610  15.6
2226600119980611   1.0
2226600119980612  12.0
2226600119980613   4.0
2226600119980614   3.6
2226600119980615    .2
2226600119980616    .2
2226600119980617    .0
2226600119980618    .2
2226600119980619    .0
2226600119980620    .0
2226600119980621    .0
2226600119980622    .2
2226600119980623    .2
2226600119980624   4.6
2226600119980625    .2
2226600119980626   2.2
2226600119980627   5.2
2226600119980628    .0
2226600119980629    .2
2226600119980630    .2
2226600119980701   1.2
2226600119980702   7.6
2226600119980703    .0
2226600119980704    .0
2226600119980705    .2
2226600119980706   1.2
2226600119980707    .2
2226600119980708    .0
2226600119980709   2.0
2226600119980710    .6
2226600119980711    .8
2226600119980712   8.2
2226600119980713    .2
2226600119980714    .0
2226600119980715   2.2
2226600119980716   2.0
2226600119980717    .4
2226600119980718    .2
2226600119980719    .0
2226600119980720   2.2
2226600119980721    .6
2226600119980722   4.6
2226600119980723   1.6
2226600119980724    .2
2226600119980725    .0
2226600119980726    .2
2226600119980727    .4
2226600119980728   5.0
2226600119980729    .4
2226600119980730    .2
2226600119980731    .0
2226600119980801   1.8
2226600119980802    .2
2226600119980803   2.2
2226600119980804    .0
2226600119980805    .4
2226600119980806    .2
2226600119980807    .0
2226600119980808    .0
2226600119980809    .0
2226600119980810    .0
2226600119980811    .0
2226600119980812    .2
2226600119980813    .2
2226600119980814    .2
2226600119980815    .2
2226600119980816    .2
2226600119980817    .2
2226600119980818    .4
2226600119980819    .2
2226600119980820    .8
2226600119980821   3.4
2226600119980822   3.4
2226600119980823   1.4
2226600119980824   1.4
2226600119980825    .2
2226600119980826    .0
2226600119980827    .0
2226600119980828    .4
2226600119980829    .0
2226600119980830    .0
2226600119980831    .4
2226600119980901   3.0
2226600119980902  24.2
2226600119980903  13.2
2226600119980904  26.0
2226600119980905   3.4
2226600119980906   2.4
2226600119980907   8.4
2226600119980908  23.2
2226600119980909   4.6
2226600119980910   8.8
2226600119980911   5.8
2226600119980912   6.8
2226600119980913    .2
2226600119980914    .4
2226600119980915   4.4
2226600119980916    .0
2226600119980917    .4
2226600119980918    .2
2226600119980919    .0
2226600119980920    .4
2226600119980921    .2
2226600119980922    .2
2226600119980923    .2
2226600119980924    .0
2226600119980925  23.2
2226600119980926    .2
2226600119980927    .0
2226600119980928    .2
2226600119980929   6.6
2226600119980930  25.4
2226600119981001  17.0
2226600119981002    .2
2226600119981003    .2
2226600119981004    .4
2226600119981005    .2
2226600119981006    .2
2226600119981007   1.0
2226600119981008    .0
2226600119981009   4.2
2226600119981010    .4
2226600119981011   3.4
2226600119981012    .0
2226600119981013   9.2
2226600119981014   7.8
2226600119981015   3.8
2226600119981016  11.0
2226600119981017    .2
2226600119981018    .2
2226600119981019    .0
2226600119981020   3.2
2226600119981021  12.6
2226600119981022   6.6
2226600119981023  17.0
2226600119981024  51.4
2226600119981025   6.8
2226600119981026    .6
2226600119981027   7.2
2226600119981028  16.4
2226600119981029    .8
2226600119981030   3.6
2226600119981031  17.0
2226600119981101    .0
2226600119981102   4.2
2226600119981103   3.0
2226600119981104   2.6
2226600119981105    .4
2226600119981106   1.8
2226600119981107    .6
2226600119981108  15.0
2226600119981109   1.6
2226600119981110    .8
2226600119981111  11.8
2226600119981112   2.6
2226600119981113   8.6
2226600119981114   3.0
2226600119981115    .0
2226600119981116    .0
2226600119981117    .0
2226600119981118    .0
2226600119981119    .0
2226600119981120    .0
2226600119981121    .0
2226600119981122    .0
2226600119981123    .0
2226600119981124   3.8
2226600119981125    .8
2226600119981126    .0
2226600119981127    .8
2226600119981128   5.2
2226600119981129   2.8
2226600119981130    .0
2226600119981201    .0
2226600119981202    .0
2226600119981203    .2
2226600119981204   1.2
2226600119981205    .6
2226600119981206    .0
2226600119981207   1.2
2226600119981208   6.4
2226600119981209   4.6
2226600119981210   8.4
2226600119981211   5.2
2226600119981212   6.4
2226600119981213    .8
2226600119981214    .2
2226600119981215    .8
2226600119981216    .0
2226600119981217   3.2
2226600119981218   3.8
2226600119981219  24.6
2226600119981220   2.6
2226600119981221    .0
2226600119981222   1.0
2226600119981223   5.8
2226600119981224    .8
2226600119981225   7.8
2226600119981226  41.8
2226600119981227  11.6
2226600119981228    .2
2226600119981229   1.2
2226600119981230    .6
2226600119981231   8.2
