2505600119940101   1.4
2505600119940102   3.6
2505600119940103   9.6
2505600119940104   3.8
2505600119940105   7.6
2505600119940106  33.4
2505600119940107   4.2
2505600119940108    .0
2505600119940109    .0
2505600119940110   9.6
2505600119940111   5.8
2505600119940112    .8
2505600119940113  28.2
2505600119940114   9.2
2505600119940115    .0
2505600119940116   3.2
2505600119940117   3.0
2505600119940118    .0
2505600119940119    .0
2505600119940120    .0
2505600119940121    .0
2505600119940122    .0
2505600119940123   8.0
2505600119940124  24.2
2505600119940125  20.8
2505600119940126   2.8
2505600119940127   7.8
2505600119940128    .2
2505600119940129    .0
2505600119940130   2.0
2505600119940131    .0
2505600119940201   1.8
2505600119940202   5.2
2505600119940203   7.6
2505600119940204    .0
2505600119940205  10.2
2505600119940206   9.4
2505600119940207   3.2
2505600119940208   2.2
2505600119940209   6.6
2505600119940210    .8
2505600119940211    .0
2505600119940212    .0
2505600119940213    .0
2505600119940214   4.6
2505600119940215    .8
2505600119940216    .0
2505600119940217    .0
2505600119940218    .0
2505600119940219    .0
2505600119940220  20.0
2505600119940221    .6
2505600119940222    .6
2505600119940223   5.6
2505600119940224   6.4
2505600119940225    .2
2505600119940226    .0
2505600119940227  24.6
2505600119940228   3.4
2505600119940301   2.8
2505600119940302   4.0
2505600119940303   2.6
2505600119940304    .0
2505600119940305   1.8
2505600119940306   2.6
2505600119940307    .0
2505600119940308    .4
2505600119940309    .0
2505600119940310    .2
2505600119940311    .0
2505600119940312  19.6
2505600119940313   5.6
2505600119940314    .0
2505600119940315   1.4
2505600119940316   2.8
2505600119940317   3.4
2505600119940318    .0
2505600119940319  11.8
2505600119940320   5.6
2505600119940321   1.0
2505600119940322    .0
2505600119940323    .0
2505600119940324    .0
2505600119940325   3.0
2505600119940326    .0
2505600119940327    .0
2505600119940328    .2
2505600119940329   2.4
2505600119940330    .2
2505600119940331   1.6
2505600119940401  10.0
2505600119940402   7.2
2505600119940403    .2
2505600119940404   8.2
2505600119940405   7.8
2505600119940406   8.2
2505600119940407  14.2
2505600119940408   7.6
2505600119940409   6.6
2505600119940410   1.2
2505600119940411   1.4
2505600119940412  11.8
2505600119940413   5.6
2505600119940414    .4
2505600119940415    .2
2505600119940416    .2
2505600119940417   4.0
2505600119940418    .0
2505600119940419    .0
2505600119940420    .2
2505600119940421    .4
2505600119940422    .0
2505600119940423    .0
2505600119940424   3.2
2505600119940425  11.8
2505600119940426    .0
2505600119940427    .4
2505600119940428    .0
2505600119940429    .0
2505600119940430    .0
2505600119940501    .0
2505600119940502    .0
2505600119940503   8.0
2505600119940504   7.6
2505600119940505    .6
2505600119940506    .0
2505600119940507    .0
2505600119940508   9.4
2505600119940509   2.4
2505600119940510    .0
2505600119940511   1.8
2505600119940512   4.4
2505600119940513   1.4
2505600119940514   1.2
2505600119940515    .0
2505600119940516   1.0
2505600119940517   1.2
2505600119940518  31.0
2505600119940519  10.2
2505600119940520   5.8
2505600119940521   3.4
2505600119940522   7.2
2505600119940523    .0
2505600119940524   8.2
2505600119940525   2.4
2505600119940526   6.6
2505600119940527    .6
2505600119940528    .2
2505600119940529    .0
2505600119940530    .0
2505600119940531    .0
2505600119940601    .0
2505600119940602   9.4
2505600119940603   6.6
2505600119940604   8.0
2505600119940605    .0
2505600119940606    .8
2505600119940607    .0
2505600119940608  18.0
2505600119940609    .4
2505600119940610   4.6
2505600119940611    .0
2505600119940612    .0
2505600119940613    .0
2505600119940614    .0
2505600119940615    .0
2505600119940616    .0
2505600119940617    .0
2505600119940618   2.4
2505600119940619  15.2
2505600119940620   2.4
2505600119940621    .0
2505600119940622    .0
2505600119940623    .0
2505600119940624    .0
2505600119940625    .4
2505600119940626  16.8
2505600119940627    .0
2505600119940628    .0
2505600119940629   4.6
2505600119940630    .0
2505600119940701    .0
2505600119940702    .0
2505600119940703    .0
2505600119940704    .2
2505600119940705    .0
2505600119940706    .0
2505600119940707    .0
2505600119940708   7.8
2505600119940709    .0
2505600119940710    .0
2505600119940711    .0
2505600119940712    .0
2505600119940713    .0
2505600119940714    .0
2505600119940715    .0
2505600119940716    .0
2505600119940717   6.4
2505600119940718   6.4
2505600119940719   7.8
2505600119940720    .2
2505600119940721    .0
2505600119940722    .0
2505600119940723    .0
2505600119940724    .0
2505600119940725    .0
2505600119940726    .0
2505600119940727    .0
2505600119940728    .0
2505600119940729    .0
2505600119940730   2.8
2505600119940731  15.0
2505600119940801    .0
2505600119940802    .0
2505600119940803    .0
2505600119940804    .0
2505600119940805    .0
2505600119940806    .0
2505600119940807   3.8
2505600119940808    .0
2505600119940809    .0
2505600119940810    .8
2505600119940811   9.2
2505600119940812   1.4
2505600119940813   3.2
2505600119940814    .0
2505600119940815    .0
2505600119940816  12.2
2505600119940817   4.8
2505600119940818    .0
2505600119940819    .0
2505600119940820    .0
2505600119940821    .0
2505600119940822    .0
2505600119940823    .6
2505600119940824    .2
2505600119940825    .0
2505600119940826   2.0
2505600119940827    .0
2505600119940828    .0
2505600119940829    .0
2505600119940830   4.8
2505600119940831  19.8
2505600119940901    .0
2505600119940902    .0
2505600119940903    .0
2505600119940904    .0
2505600119940905    .0
2505600119940906  14.8
2505600119940907  52.4
2505600119940908  12.6
2505600119940909   2.8
2505600119940910    .2
2505600119940911   7.2
2505600119940912   8.2
2505600119940913  22.4
2505600119940914   6.2
2505600119940915   8.2
2505600119940916   2.4
2505600119940917   1.0
2505600119940918   8.4
2505600119940919    .0
2505600119940920   6.8
2505600119940921    .4
2505600119940922    .2
2505600119940923    .0
2505600119940924    .0
2505600119940925    .0
2505600119940926    .8
2505600119940927    .0
2505600119940928    .0
2505600119940929    .0
2505600119940930    .4
2505600119941001    .4
2505600119941002  11.2
2505600119941003  33.6
2505600119941004    .2
2505600119941005    .0
2505600119941006    .0
2505600119941007    .0
2505600119941008    .0
2505600119941009    .0
2505600119941010    .0
2505600119941011    .0
2505600119941012    .0
2505600119941013    .0
2505600119941014    .0
2505600119941015    .0
2505600119941016    .0
2505600119941017    .0
2505600119941018    .0
2505600119941019    .2
2505600119941020    .0
2505600119941021    .0
2505600119941022   8.6
2505600119941023   9.4
2505600119941024   1.2
2505600119941025  10.0
2505600119941026   5.2
2505600119941027   2.2
2505600119941028   8.8
2505600119941029   4.8
2505600119941030    .6
2505600119941031   7.2
2505600119941101    .2
2505600119941102    .0
2505600119941103    .0
2505600119941104    .0
2505600119941105   3.8
2505600119941106    .8
2505600119941107    .2
2505600119941108    .0
2505600119941109   7.8
2505600119941110   3.4
2505600119941111    .0
2505600119941112   1.2
2505600119941113   1.0
2505600119941114    .0
2505600119941115   6.4
2505600119941116    .0
2505600119941117    .6
2505600119941118  13.6
2505600119941119   5.2
2505600119941120    .0
2505600119941121    .0
2505600119941122    .0
2505600119941123    .0
2505600119941124    .0
2505600119941125    .0
2505600119941126    .0
2505600119941127    .0
2505600119941128    .0
2505600119941129    .0
2505600119941130    .0
2505600119941201    .0
2505600119941202    .0
2505600119941203    .2
2505600119941204   8.8
2505600119941205  10.0
2505600119941206    .0
2505600119941207   2.2
2505600119941208   3.6
2505600119941209  22.8
2505600119941210    .0
2505600119941211    .2
2505600119941212    .2
2505600119941213    .6
2505600119941214   2.2
2505600119941215    .0
2505600119941216    .2
2505600119941217    .0
2505600119941218   1.6
2505600119941219   1.0
2505600119941220   3.2
2505600119941221    .0
2505600119941222    .0
2505600119941223    .0
2505600119941224    .0
2505600119941225    .0
2505600119941226   6.2
2505600119941227  19.2
2505600119941228   8.4
2505600119941229   6.0
2505600119941230  12.0
2505600119941231   6.4
2505600119950101   3.2
2505600119950102   5.8
2505600119950103    .2
2505600119950104    .0
2505600119950105    .0
2505600119950106   2.8
2505600119950107    .4
2505600119950108   5.0
2505600119950109   4.4
2505600119950110  38.2
2505600119950111   3.2
2505600119950112    .8
2505600119950113    .0
2505600119950114    .0
2505600119950115    .0
2505600119950116    .0
2505600119950117    .0
2505600119950118  14.6
2505600119950119    .0
2505600119950120  12.8
2505600119950121   6.0
2505600119950122   3.2
2505600119950123  14.0
2505600119950124   6.8
2505600119950125  19.4
2505600119950126   6.0
2505600119950127   2.8
2505600119950128   7.0
2505600119950129   5.8
2505600119950130   6.4
2505600119950131    .0
2505600119950201    .6
2505600119950202   4.4
2505600119950203    .0
2505600119950204   2.8
2505600119950205    .4
2505600119950206    .4
2505600119950207    .0
2505600119950208  10.4
2505600119950209   3.4
2505600119950210   5.6
2505600119950211   4.8
2505600119950212    .0
2505600119950213   9.8
2505600119950214    .2
2505600119950215  22.2
2505600119950216   4.0
2505600119950217  19.8
2505600119950218   8.8
2505600119950219    .0
2505600119950220    .6
2505600119950221   3.8
2505600119950222    .0
2505600119950223   8.2
2505600119950224  18.2
2505600119950225  18.4
2505600119950226    .2
2505600119950227    .0
2505600119950228    .0
2505600119950301    .0
2505600119950302   1.6
2505600119950303   8.3
2505600119950304    .0
2505600119950305   6.2
2505600119950306   6.4
2505600119950307    .0
2505600119950308   5.8
2505600119950309    .0
2505600119950310    .0
2505600119950311    .0
2505600119950312    .0
2505600119950313    .0
2505600119950314    .8
2505600119950315  11.6
2505600119950316    .0
2505600119950317  26.4
2505600119950318   8.4
2505600119950319  43.2
2505600119950320    .4
2505600119950321    .0
2505600119950322    .0
2505600119950323    .0
2505600119950324    .0
2505600119950325    .0
2505600119950326   8.2
2505600119950327  16.2
2505600119950328   6.2
2505600119950329    .4
2505600119950330    .0
2505600119950331    .8
2505600119950401   1.0
2505600119950402    .0
2505600119950403    .0
2505600119950404    .0
2505600119950405    .0
2505600119950406    .0
2505600119950407    .0
2505600119950408    .0
2505600119950409    .0
2505600119950410    .2
2505600119950411    .0
2505600119950412    .0
2505600119950413    .0
2505600119950414    .0
2505600119950415   7.4
2505600119950416   1.0
2505600119950417    .2
2505600119950418    .4
2505600119950419  20.6
2505600119950420    .2
2505600119950421   3.8
2505600119950422   3.0
2505600119950423    .0
2505600119950424   2.6
2505600119950425  10.0
2505600119950426  17.8
2505600119950427    .0
2505600119950428    .0
2505600119950429   6.8
2505600119950430   1.8
2505600119950501    .0
2505600119950502    .0
2505600119950503    .0
2505600119950504    .0
2505600119950505    .0
2505600119950506    .0
2505600119950507    .0
2505600119950508   5.6
2505600119950509    .0
2505600119950510    .0
2505600119950511    .2
2505600119950512  19.4
2505600119950513  29.6
2505600119950514    .0
2505600119950515   2.8
2505600119950516  13.2
2505600119950517  10.0
2505600119950518  10.8
2505600119950519    .0
2505600119950520    .0
2505600119950521    .0
2505600119950522    .0
2505600119950523    .0
2505600119950524    .0
2505600119950525  12.0
2505600119950526  10.6
2505600119950527    .0
2505600119950528   8.0
2505600119950529  16.2
2505600119950530  19.4
2505600119950531  13.8
2505600119950601    .0
2505600119950602    .2
2505600119950603   5.8
2505600119950604   3.6
2505600119950605   4.4
2505600119950606    .0
2505600119950607    .0
2505600119950608   6.4
2505600119950609    .0
2505600119950610    .0
2505600119950611   3.2
2505600119950612   8.6
2505600119950613   1.4
2505600119950614    .2
2505600119950615    .0
2505600119950616    .0
2505600119950617   6.2
2505600119950618   3.4
2505600119950619    .0
2505600119950620  11.4
2505600119950621    .0
2505600119950622    .0
2505600119950623    .0
2505600119950624    .0
2505600119950625    .0
2505600119950626    .0
2505600119950627    .0
2505600119950628    .0
2505600119950629    .0
2505600119950630    .0
2505600119950701    .2
2505600119950702  21.4
2505600119950703   7.6
2505600119950704    .0
2505600119950705    .0
2505600119950706    .0
2505600119950707    .0
2505600119950708    .0
2505600119950709    .0
2505600119950710    .2
2505600119950711    .8
2505600119950712    .0
2505600119950713    .6
2505600119950714    .2
2505600119950715   4.6
2505600119950716   8.8
2505600119950717    .0
2505600119950718    .0
2505600119950719    .0
2505600119950720    .0
2505600119950721    .0
2505600119950722  23.0
2505600119950723    .0
2505600119950724    .0
2505600119950725    .0
2505600119950726   1.6
2505600119950727   7.6
2505600119950728    .0
2505600119950729    .0
2505600119950730    .0
2505600119950731    .0
2505600119950801    .0
2505600119950802    .0
2505600119950803    .0
2505600119950804    .0
2505600119950805    .0
2505600119950806   1.6
2505600119950807  14.4
2505600119950808 110.0
2505600119950809    .0
2505600119950810    .5
2505600119950811   8.0
2505600119950812    .2
2505600119950813    .0
2505600119950814    .0
2505600119950815    .0
2505600119950816    .0
2505600119950817    .0
2505600119950818    .0
2505600119950819    .6
2505600119950820   1.8
2505600119950821    .1
2505600119950822    .4
2505600119950823   7.0
2505600119950824   2.4
2505600119950825   1.4
2505600119950826    .2
2505600119950827  16.6
2505600119950828  10.0
2505600119950829    .4
2505600119950830    .0
2505600119950831    .0
2505600119950901    .0
2505600119950902    .0
2505600119950903  22.4
2505600119950904    .4
2505600119950905   1.6
2505600119950906    .2
2505600119950907  28.0
2505600119950908  26.6
2505600119950909    .0
2505600119950910   3.4
2505600119950911    .6
2505600119950912  18.0
2505600119950913  22.6
2505600119950914   1.0
2505600119950915   1.4
2505600119950916   1.2
2505600119950917    .0
2505600119950918    .6
2505600119950919  11.4
2505600119950920   5.6
2505600119950921    .4
2505600119950922    .0
2505600119950923    .0
2505600119950924   6.2
2505600119950925    .0
2505600119950926    .0
2505600119950927  15.8
2505600119950928    .0
2505600119950929    .0
2505600119950930    .0
2505600119951001    .2
2505600119951002   3.2
2505600119951003    .8
2505600119951004   2.6
2505600119951005  10.6
2505600119951006    .0
2505600119951007    .0
2505600119951008    .0
2505600119951009    .0
2505600119951010    .0
2505600119951011    .0
2505600119951012    .0
2505600119951013    .0
2505600119951014    .0
2505600119951015    .0
2505600119951016    .0
2505600119951017    .0
2505600119951018    .0
2505600119951019    .0
2505600119951020    .0
2505600119951021    .0
2505600119951022    .0
2505600119951023    .0
2505600119951024    .0
2505600119951025   1.8
2505600119951026    .0
2505600119951027    .2
2505600119951028    .6
2505600119951029   2.0
2505600119951030   3.6
2505600119951031    .0
2505600119951101   4.8
2505600119951102   1.0
2505600119951103    .8
2505600119951104    .0
2505600119951105    .0
2505600119951106    .0
2505600119951107    .0
2505600119951108    .0
2505600119951109    .0
2505600119951110    .0
2505600119951111    .0
2505600119951112   3.0
2505600119951113   8.0
2505600119951114    .0
2505600119951115  15.2
2505600119951116  42.8
2505600119951117  10.0
2505600119951118    .2
2505600119951119    .2
2505600119951120    .0
2505600119951121    .0
2505600119951122    .0
2505600119951123    .0
2505600119951124    .0
2505600119951125    .0
2505600119951126    .2
2505600119951127   5.8
2505600119951128    .0
2505600119951129    .0
2505600119951130    .0
2505600119951201    .2
2505600119951202    .0
2505600119951203    .0
2505600119951204    .0
2505600119951205    .2
2505600119951206    .2
2505600119951207   4.0
2505600119951208   1.4
2505600119951209    .0
2505600119951210    .0
2505600119951211    .0
2505600119951212    .0
2505600119951213    .2
2505600119951214    .2
2505600119951215    .0
2505600119951216    .0
2505600119951217   8.8
2505600119951218    .0
2505600119951219    .0
2505600119951220   9.6
2505600119951221   1.4
2505600119951222  12.0
2505600119951223  15.2
2505600119951224  54.2
2505600119951225  15.8
2505600119951226   9.4
2505600119951227    .0
2505600119951228    .4
2505600119951229   1.0
2505600119951230  11.8
2505600119951231   7.2
2505600119960101    .4
2505600119960102   8.4
2505600119960103    .0
2505600119960104    .0
2505600119960105   3.2
2505600119960106   2.4
2505600119960107   1.8
2505600119960108    .0
2505600119960109   1.6
2505600119960110    .0
2505600119960111   3.8
2505600119960112   6.0
2505600119960113    .0
2505600119960114    .0
2505600119960115    .0
2505600119960116    .0
2505600119960117    .0
2505600119960118    .0
2505600119960119    .0
2505600119960120    .0
2505600119960121    .0
2505600119960122   1.2
2505600119960123   1.0
2505600119960124    .2
2505600119960125   2.2
2505600119960126   1.0
2505600119960127    .0
2505600119960128    .0
2505600119960129    .0
2505600119960130    .0
2505600119960131    .0
2505600119960201    .0
2505600119960202   2.4
2505600119960203    .0
2505600119960204    .0
2505600119960205    .0
2505600119960206   5.0
2505600119960207   8.2
2505600119960208   1.4
2505600119960209   1.0
2505600119960210   3.8
2505600119960211   7.8
2505600119960212  14.0
2505600119960213   6.0
2505600119960214    .0
2505600119960215    .0
2505600119960216   1.0
2505600119960217   1.4
2505600119960218  12.8
2505600119960219   6.6
2505600119960220    .0
2505600119960221    .0
2505600119960222    .0
2505600119960223   1.4
2505600119960224    .0
2505600119960225    .0
2505600119960226    .0
2505600119960227   2.6
2505600119960228    .0
2505600119960229    .0
2505600119960301    .0
2505600119960302    .0
2505600119960303    .0
2505600119960304    .0
2505600119960305    .0
2505600119960306    .0
2505600119960307    .0
2505600119960308    .0
2505600119960309    .0
2505600119960310    .0
2505600119960311    .0
2505600119960312    .0
2505600119960313    .0
2505600119960314   4.6
2505600119960315    .0
2505600119960316    .0
2505600119960317    .0
2505600119960318    .0
2505600119960319    .0
2505600119960320    .8
2505600119960321   4.6
2505600119960322   1.4
2505600119960323    .0
2505600119960324    .0
2505600119960325    .0
2505600119960326   6.6
2505600119960327    .0
2505600119960328    .0
2505600119960329    .2
2505600119960330    .0
2505600119960331    .0
2505600119960401    .0
2505600119960402    .0
2505600119960403    .0
2505600119960404    .0
2505600119960405    .0
2505600119960406    .0
2505600119960407    .0
2505600119960408    .0
2505600119960409    .0
2505600119960410    .0
2505600119960411    .4
2505600119960412   1.0
2505600119960413   1.0
2505600119960414    .0
2505600119960415    .0
2505600119960416    .0
2505600119960417    .4
2505600119960418    .0
2505600119960419    .0
2505600119960420    .0
2505600119960421    .0
2505600119960422   1.4
2505600119960423   6.8
2505600119960424    .0
2505600119960425    .0
2505600119960426    .0
2505600119960427    .0
2505600119960428    .0
2505600119960429   3.8
2505600119960430    .0
2505600119960501   4.4
2505600119960502   4.4
2505600119960503   4.0
2505600119960504   1.0
2505600119960505    .0
2505600119960506   1.4
2505600119960507   2.8
2505600119960508   1.8
2505600119960509    .2
2505600119960510    .0
2505600119960511    .0
2505600119960512   1.4
2505600119960513    .2
2505600119960514    .0
2505600119960515    .0
2505600119960516  11.4
2505600119960517    .8
2505600119960518  18.2
2505600119960519  10.4
2505600119960520    .2
2505600119960521   4.6
2505600119960522   2.8
2505600119960523   3.0
2505600119960524   1.4
2505600119960525   7.6
2505600119960526   6.0
2505600119960527  11.0
2505600119960528    .0
2505600119960529    .0
2505600119960530    .0
2505600119960531    .0
2505600119960601  18.2
2505600119960602  12.4
2505600119960603    .0
2505600119960604    .0
2505600119960605    .0
2505600119960606    .0
2505600119960607    .6
2505600119960608  11.6
2505600119960609    .0
2505600119960610    .0
2505600119960611    .0
2505600119960612    .0
2505600119960613    .0
2505600119960614    .0
2505600119960615    .0
2505600119960616    .0
2505600119960617    .0
2505600119960618    .0
2505600119960619    .0
2505600119960620   4.2
2505600119960621  12.4
2505600119960622   2.6
2505600119960623    .2
2505600119960624    .0
2505600119960625    .0
2505600119960626    .0
2505600119960627    .0
2505600119960628    .0
2505600119960629    .4
2505600119960630   1.4
2505600119960701   1.6
2505600119960702    .0
2505600119960703   2.2
2505600119960704    .2
2505600119960705  24.8
2505600119960706    .0
2505600119960707  48.6
2505600119960708   8.0
2505600119960709    .0
2505600119960710   3.8
2505600119960711    .2
2505600119960712    .0
2505600119960713    .0
2505600119960714    .0
2505600119960715    .0
2505600119960716    .0
2505600119960717    .0
2505600119960718    .0
2505600119960719    .0
2505600119960720    .0
2505600119960721    .0
2505600119960722    .0
2505600119960723   1.0
2505600119960724    .0
2505600119960725    .0
2505600119960726    .0
2505600119960727    .6
2505600119960728    .0
2505600119960729    .0
2505600119960730    .0
2505600119960731    .0
2505600119960801    .0
2505600119960802   1.4
2505600119960803    .0
2505600119960804    .0
2505600119960805    .8
2505600119960806   7.2
2505600119960807    .4
2505600119960808    .0
2505600119960809    .0
2505600119960810  35.0
2505600119960811   5.4
2505600119960812   8.8
2505600119960813  22.4
2505600119960814   3.4
2505600119960815    .2
2505600119960816    .2
2505600119960817    .0
2505600119960818    .0
2505600119960819    .0
2505600119960820  13.6
2505600119960821    .2
2505600119960822   9.8
2505600119960823    .8
2505600119960824    .6
2505600119960825    .2
2505600119960826   1.2
2505600119960827   2.4
2505600119960828   5.0
2505600119960829   2.0
2505600119960830    .0
2505600119960831    .0
2505600119960901    .4
2505600119960902    .0
2505600119960903    .0
2505600119960904    .2
2505600119960905    .0
2505600119960906    .0
2505600119960907    .0
2505600119960908    .0
2505600119960909    .0
2505600119960910    .0
2505600119960911    .0
2505600119960912    .4
2505600119960913   3.4
2505600119960914    .2
2505600119960915    .2
2505600119960916    .0
2505600119960917    .0
2505600119960918   2.2
2505600119960919   8.4
2505600119960920    .2
2505600119960921    .2
2505600119960922   1.4
2505600119960923    .2
2505600119960924  12.6
2505600119960925    .0
2505600119960926    .0
2505600119960927   4.4
2505600119960928    .2
2505600119960929    .0
2505600119960930    .0
2505600119961001  11.2
2505600119961002    .2
2505600119961003    .0
2505600119961004   5.4
2505600119961005   3.8
2505600119961006    .0
2505600119961007    .0
2505600119961008    .0
2505600119961009    .2
2505600119961010    .2
2505600119961011    .0
2505600119961012    .2
2505600119961013    .0
2505600119961014   1.0
2505600119961015  21.2
2505600119961016  10.6
2505600119961017   1.0
2505600119961018   6.0
2505600119961019    .4
2505600119961020   2.8
2505600119961021   2.4
2505600119961022    .2
2505600119961023    .2
2505600119961024    .0
2505600119961025    .4
2505600119961026    .2
2505600119961027    .0
2505600119961028   2.4
2505600119961029  10.2
2505600119961030    .0
2505600119961031   6.2
2505600119961101    .2
2505600119961102    .2
2505600119961103    .0
2505600119961104  17.0
2505600119961105   3.0
2505600119961106   1.8
2505600119961107  14.6
2505600119961108    .0
2505600119961109    .0
2505600119961110   4.8
2505600119961111  21.8
2505600119961112  41.4
2505600119961113   4.8
2505600119961114    .0
2505600119961115    .0
2505600119961116    .0
2505600119961117   1.4
2505600119961118  36.8
2505600119961119   3.2
2505600119961120   3.2
2505600119961121    .6
2505600119961122    .0
2505600119961123   5.2
2505600119961124    .8
2505600119961125   8.2
2505600119961126   2.0
2505600119961127  12.4
2505600119961128    .6
2505600119961129  14.8
2505600119961130   7.8
2505600119961201    .6
2505600119961202   2.0
2505600119961203    .0
2505600119961204    .4
2505600119961205    .0
2505600119961206    .0
2505600119961207    .0
2505600119961208    .0
2505600119961209    .0
2505600119961210    .0
2505600119961211    .0
2505600119961212   1.6
2505600119961213  14.4
2505600119961214    .4
2505600119961215    .0
2505600119961216    .0
2505600119961217    .2
2505600119961218    .0
2505600119961219   8.4
2505600119961220   1.0
2505600119961221  16.4
2505600119961222  17.0
2505600119961223  15.6
2505600119961224    .0
2505600119961225    .0
2505600119961226    .0
2505600119961227    .0
2505600119961228    .0
2505600119961229    .0
2505600119961230    .4
2505600119961231    .8
2505600119970101   1.0
2505600119970102   7.2
2505600119970103    .0
2505600119970104   1.4
2505600119970105    .0
2505600119970106    .0
2505600119970107    .0
2505600119970108   3.0
2505600119970109   3.2
2505600119970110    .0
2505600119970111    .0
2505600119970112    .0
2505600119970113    .0
2505600119970114    .0
2505600119970115    .0
2505600119970116    .0
2505600119970117   1.0
2505600119970118   5.0
2505600119970119   9.6
2505600119970120   4.6
2505600119970121   3.2
2505600119970122   5.6
2505600119970123    .0
2505600119970124    .0
2505600119970125    .0
2505600119970126    .0
2505600119970127    .0
2505600119970128    .0
2505600119970129    .0
2505600119970130    .0
2505600119970131    .0
2505600119970201    .0
2505600119970202    .0
2505600119970203    .0
2505600119970204    .2
2505600119970205   5.0
2505600119970206    .0
2505600119970207    .0
2505600119970208    .0
2505600119970209    .0
2505600119970210   5.8
2505600119970211   5.2
2505600119970212   1.4
2505600119970213   4.0
2505600119970214  10.4
2505600119970215   2.8
2505600119970216    .0
2505600119970217    .6
2505600119970218   9.4
2505600119970219   2.6
2505600119970220    .0
2505600119970221    .0
2505600119970222    .0
2505600119970223    .8
2505600119970224   1.8
2505600119970225   9.6
2505600119970226  10.2
2505600119970227    .0
2505600119970228    .0
2505600119970301    .0
2505600119970302    .0
2505600119970303    .0
2505600119970304    .0
2505600119970305    .4
2505600119970306    .0
2505600119970307    .0
2505600119970308    .0
2505600119970309    .0
2505600119970310    .0
2505600119970311    .0
2505600119970312    .0
2505600119970313    .0
2505600119970314   1.6
2505600119970315    .6
2505600119970316    .0
2505600119970317    .0
2505600119970318   6.8
2505600119970319  10.6
2505600119970320    .2
2505600119970321    .0
2505600119970322    .0
2505600119970323   2.2
2505600119970324    .0
2505600119970325   1.2
2505600119970326    .0
2505600119970327    .2
2505600119970328   1.4
2505600119970329    .0
2505600119970330    .0
2505600119970331    .0
2505600119970401    .0
2505600119970402    .0
2505600119970403    .0
2505600119970404    .0
2505600119970405    .8
2505600119970406    .6
2505600119970407    .0
2505600119970408    .0
2505600119970409    .0
2505600119970410    .0
2505600119970411    .0
2505600119970412    .0
2505600119970413    .0
2505600119970414    .0
2505600119970415    .0
2505600119970416    .0
2505600119970417    .0
2505600119970418    .0
2505600119970419   1.6
2505600119970420    .2
2505600119970421    .0
2505600119970422    .0
2505600119970423    .0
2505600119970424    .0
2505600119970425  10.4
2505600119970426  22.0
2505600119970427  17.0
2505600119970428  13.4
2505600119970429   9.6
2505600119970430    .0
2505600119970501    .0
2505600119970502    .0
2505600119970503    .0
2505600119970504   4.6
2505600119970505  20.8
2505600119970506  18.4
2505600119970507   1.4
2505600119970508   1.2
2505600119970509  13.2
2505600119970510    .0
2505600119970511   7.6
2505600119970512   1.4
2505600119970513   1.8
2505600119970514   2.8
2505600119970515    .0
2505600119970516    .4
2505600119970517   7.2
2505600119970518   1.2
2505600119970519    .6
2505600119970520   9.4
2505600119970521   5.0
2505600119970522    .4
2505600119970523    .0
2505600119970524    .0
2505600119970525    .0
2505600119970526    .0
2505600119970527    .0
2505600119970528    .0
2505600119970529    .0
2505600119970530    .0
2505600119970531    .0
2505600119970601   1.0
2505600119970602    .8
2505600119970603    .0
2505600119970604    .4
2505600119970605    .0
2505600119970606    .0
2505600119970607   3.0
2505600119970608   1.2
2505600119970609    .0
2505600119970610    .0
2505600119970611    .0
2505600119970612   1.2
2505600119970613    .4
2505600119970614   2.6
2505600119970615    .0
2505600119970616    .0
2505600119970617    .4
2505600119970618    .0
2505600119970619   5.2
2505600119970620   3.2
2505600119970621  61.2
2505600119970622  12.6
2505600119970623   4.6
2505600119970624    .2
2505600119970625   5.2
2505600119970626  18.4
2505600119970627    .0
2505600119970628    .4
2505600119970629  24.6
2505600119970630   6.6
2505600119970701    .0
2505600119970702   1.0
2505600119970703   2.6
2505600119970704   6.2
2505600119970705   1.6
2505600119970706    .6
2505600119970707    .0
2505600119970708    .0
2505600119970709    .0
2505600119970710   2.8
2505600119970711    .0
2505600119970712    .0
2505600119970713    .0
2505600119970714  14.4
2505600119970715    .0
2505600119970716    .0
2505600119970717   4.4
2505600119970718   9.8
2505600119970719   7.8
2505600119970720    .8
2505600119970721    .0
2505600119970722   2.4
2505600119970723    .6
2505600119970724  25.4
2505600119970725   7.6
2505600119970726    .0
2505600119970727    .0
2505600119970728    .0
2505600119970729    .0
2505600119970730    .2
2505600119970731   8.0
2505600119970801   2.2
2505600119970802    .0
2505600119970803    .0
2505600119970804    .2
2505600119970805    .4
2505600119970806  10.0
2505600119970807    .2
2505600119970808    .0
2505600119970809    .2
2505600119970810    .0
2505600119970811    .0
2505600119970812    .2
2505600119970813    .2
2505600119970814    .2
2505600119970815    .0
2505600119970816    .0
2505600119970817    .2
2505600119970818    .0
2505600119970819    .2
2505600119970820    .0
2505600119970821    .0
2505600119970822    .0
2505600119970823    .0
2505600119970824    .0
2505600119970825    .0
2505600119970826    .0
2505600119970827  18.4
2505600119970828  18.0
2505600119970829    .4
2505600119970830   4.6
2505600119970831    .2
2505600119970901   2.0
2505600119970902  10.2
2505600119970903    .2
2505600119970904    .2
2505600119970905   6.4
2505600119970906   9.0
2505600119970907    .2
2505600119970908    .2
2505600119970909    .2
2505600119970910    .0
2505600119970911    .0
2505600119970912  28.6
2505600119970913   3.0
2505600119970914    .0
2505600119970915    .0
2505600119970916    .4
2505600119970917    .2
2505600119970918    .4
2505600119970919    .2
2505600119970920    .0
2505600119970921    .2
2505600119970922    .2
2505600119970923    .0
2505600119970924    .0
2505600119970925    .2
2505600119970926    .2
2505600119970927    .4
2505600119970928    .2
2505600119970929    .2
2505600119970930    .0
2505600119971001    .2
2505600119971002    .2
2505600119971003    .2
2505600119971004    .0
2505600119971005    .2
2505600119971006    .0
2505600119971007   3.0
2505600119971008    .0
2505600119971009   1.2
2505600119971010   9.4
2505600119971011  27.0
2505600119971012  11.8
2505600119971013   7.6
2505600119971014   4.4
2505600119971015   6.8
2505600119971016    .4
2505600119971017    .2
2505600119971018    .2
2505600119971019    .4
2505600119971020    .0
2505600119971021    .0
2505600119971022    .0
2505600119971023    .0
2505600119971024    .0
2505600119971025    .0
2505600119971026    .0
2505600119971027    .0
2505600119971028    .0
2505600119971029    .0
2505600119971030    .0
2505600119971031    .0
2505600119971101    .0
2505600119971102    .0
2505600119971103    .0
2505600119971104  16.8
2505600119971105  30.2
2505600119971106   9.2
2505600119971107    .4
2505600119971108   7.2
2505600119971109   5.4
2505600119971110   1.6
2505600119971111  33.4
2505600119971112  17.8
2505600119971113    .0
2505600119971114    .0
2505600119971115   5.2
2505600119971116    .8
2505600119971117    .0
2505600119971118    .0
2505600119971119   9.4
2505600119971120   4.0
2505600119971121    .0
2505600119971122    .0
2505600119971123    .0
2505600119971124    .0
2505600119971125    .0
2505600119971126    .0
2505600119971127    .2
2505600119971128   2.6
2505600119971129   5.6
2505600119971130   5.4
2505600119971201   1.6
2505600119971202  14.0
2505600119971203   4.6
2505600119971204    .0
2505600119971205    .0
2505600119971206    .0
2505600119971207    .0
2505600119971208   1.6
2505600119971209   1.6
2505600119971210  10.4
2505600119971211  12.8
2505600119971212   2.2
2505600119971213    .4
2505600119971214   4.0
2505600119971215    .2
2505600119971216   1.6
2505600119971217    .4
2505600119971218  23.0
2505600119971219   8.8
2505600119971220  16.8
2505600119971221  23.8
2505600119971222    .0
2505600119971223   1.4
2505600119971224   5.8
2505600119971225   5.2
2505600119971226   3.4
2505600119971227   7.0
2505600119971228   1.6
2505600119971229    .0
2505600119971230    .0
2505600119971231   4.6
2505600119980101  16.8
2505600119980102  10.2
2505600119980103   5.6
2505600119980104   8.6
2505600119980105  10.6
2505600119980106   3.6
2505600119980107    .0
2505600119980108    .0
2505600119980109    .0
2505600119980110    .0
2505600119980111    .0
2505600119980112    .0
2505600119980113   1.2
2505600119980114   2.2
2505600119980115  12.2
2505600119980116  21.8
2505600119980117    .2
2505600119980118  11.0
2505600119980119  13.8
2505600119980120   5.2
2505600119980121    .0
2505600119980122    .0
2505600119980123    .0
2505600119980124    .0
2505600119980125    .0
2505600119980126    .0
2505600119980127    .0
2505600119980128    .0
2505600119980129    .0
2505600119980130    .0
2505600119980131    .0
2505600119980201    .0
2505600119980202    .0
2505600119980203    .0
2505600119980204    .0
2505600119980205    .0
2505600119980206    .0
2505600119980207   1.8
2505600119980208    .0
2505600119980209    .0
2505600119980210    .0
2505600119980211    .0
2505600119980212    .0
2505600119980213    .0
2505600119980214    .0
2505600119980215    .0
2505600119980216    .0
2505600119980217    .4
2505600119980218    .0
2505600119980219    .0
2505600119980220    .0
2505600119980221   9.8
2505600119980222  17.4
2505600119980223    .2
2505600119980224    .0
2505600119980225    .0
2505600119980226    .0
2505600119980227    .0
2505600119980228   9.2
2505600119980301    .6
2505600119980302    .0
2505600119980303    .0
2505600119980304   9.8
2505600119980305    .0
2505600119980306    .0
2505600119980307   9.4
2505600119980308  13.2
2505600119980309    .4
2505600119980310    .0
2505600119980311   6.2
2505600119980312   1.4
2505600119980313    .0
2505600119980314    .0
2505600119980315    .0
2505600119980316    .0
2505600119980317    .0
2505600119980318    .0
2505600119980319    .0
2505600119980320    .0
2505600119980321    .0
2505600119980322    .0
2505600119980323   5.0
2505600119980324    .0
2505600119980325    .0
2505600119980326    .0
2505600119980327    .0
2505600119980328    .0
2505600119980329    .0
2505600119980330    .0
2505600119980331    .0
2505600119980401    .4
2505600119980402  12.2
2505600119980403  18.2
2505600119980404    .8
2505600119980405   4.6
2505600119980406   7.0
2505600119980407   6.4
2505600119980408   3.0
2505600119980409   8.8
2505600119980410  10.4
2505600119980411   4.4
2505600119980412  18.6
2505600119980413    .4
2505600119980414    .4
2505600119980415  20.2
2505600119980416    .8
2505600119980417  25.0
2505600119980418  17.2
2505600119980419    .8
2505600119980420   5.2
2505600119980421    .0
2505600119980422    .0
2505600119980423    .0
2505600119980424    .0
2505600119980425   6.8
2505600119980426   8.2
2505600119980427  16.4
2505600119980428    .6
2505600119980429    .0
2505600119980430    .0
2505600119980501  10.2
2505600119980502   7.0
2505600119980503    .0
2505600119980504    .0
2505600119980505    .0
2505600119980506    .4
2505600119980507    .0
2505600119980508    .0
2505600119980509    .0
2505600119980510    .0
2505600119980511    .0
2505600119980512    .0
2505600119980513    .0
2505600119980514    .0
2505600119980515    .0
2505600119980516    .0
2505600119980517    .0
2505600119980518    .0
2505600119980519    .0
2505600119980520    .0
2505600119980521    .0
2505600119980522    .0
2505600119980523    .0
2505600119980524    .0
2505600119980525   2.8
2505600119980526    .8
2505600119980527  11.2
2505600119980528  19.4
2505600119980529    .8
2505600119980530  10.8
2505600119980531  22.6
2505600119980601    .0
2505600119980602  11.0
2505600119980603    .0
2505600119980604    .0
2505600119980605    .0
2505600119980606   1.4
2505600119980607   2.6
2505600119980608    .0
2505600119980609   6.8
2505600119980610  19.6
2505600119980611   2.4
2505600119980612   6.2
2505600119980613    .0
2505600119980614   2.0
2505600119980615  12.6
2505600119980616   6.0
2505600119980617    .0
2505600119980618    .0
2505600119980619    .0
2505600119980620    .2
2505600119980621    .0
2505600119980622    .0
2505600119980623    .0
2505600119980624    .0
2505600119980625   5.0
2505600119980626    .6
2505600119980627  14.0
2505600119980628    .8
2505600119980629    .0
2505600119980630    .2
2505600119980701   6.8
2505600119980702    .0
2505600119980703   4.4
2505600119980704    .0
2505600119980705    .0
2505600119980706    .0
2505600119980707    .0
2505600119980708    .0
2505600119980709   3.8
2505600119980710   1.6
2505600119980711    .0
2505600119980712    .0
2505600119980713   5.8
2505600119980714    .0
2505600119980715    .0
2505600119980716    .6
2505600119980717    .0
2505600119980718    .0
2505600119980719    .0
2505600119980720    .0
2505600119980721    .0
2505600119980722    .0
2505600119980723    .0
2505600119980724    .0
2505600119980725    .0
2505600119980726   1.8
2505600119980727  10.6
2505600119980728   2.4
2505600119980729    .2
2505600119980730   6.8
2505600119980731    .0
2505600119980801  15.6
2505600119980802   9.4
2505600119980803    .2
2505600119980804    .0
2505600119980805    .0
2505600119980806    .0
2505600119980807    .0
2505600119980808    .0
2505600119980809    .0
2505600119980810    .0
2505600119980811    .0
2505600119980812  28.4
2505600119980813    .0
2505600119980814    .0
2505600119980815    .0
2505600119980816    .0
2505600119980817   2.2
2505600119980818   3.8
2505600119980819    .0
2505600119980820    .0
2505600119980821  19.2
2505600119980822  17.4
2505600119980823   3.0
2505600119980824  13.4
2505600119980825    .2
2505600119980826    .0
2505600119980827    .0
2505600119980828    .0
2505600119980829    .0
2505600119980830    .0
2505600119980831    .0
2505600119980901    .0
2505600119980902  22.0
2505600119980903   1.0
2505600119980904  12.4
2505600119980905  32.8
2505600119980906    .2
2505600119980907   4.4
2505600119980908    .0
2505600119980909    .0
2505600119980910  44.6
2505600119980911  12.0
2505600119980912  15.0
2505600119980913   7.2
2505600119980914   7.6
2505600119980915   3.4
2505600119980916   3.4
2505600119980917    .0
2505600119980918    .0
2505600119980919    .0
2505600119980920    .0
2505600119980921    .0
2505600119980922    .0
2505600119980923    .2
2505600119980924   3.4
2505600119980925   1.4
2505600119980926  11.4
2505600119980927   5.2
2505600119980928   6.8
2505600119980929   7.8
2505600119980930   9.2
2505600119981001   1.4
2505600119981002   1.0
2505600119981003  12.2
2505600119981004   4.8
2505600119981005    .2
2505600119981006  11.2
2505600119981007    .4
2505600119981008    .0
2505600119981009    .0
2505600119981010   1.6
2505600119981011   6.4
2505600119981012   1.4
2505600119981013    .6
2505600119981014   1.8
2505600119981015    .2
2505600119981016    .0
2505600119981017  17.6
2505600119981018    .0
2505600119981019    .0
2505600119981020    .0
2505600119981021    .0
2505600119981022    .0
2505600119981023  12.6
2505600119981024  14.6
2505600119981025   5.6
2505600119981026   8.0
2505600119981027    .6
2505600119981028    .4
2505600119981029  26.8
2505600119981030  11.8
2505600119981031  12.0
2505600119981101   2.8
2505600119981102   8.8
2505600119981103  11.0
2505600119981104    .4
2505600119981105    .0
2505600119981106    .0
2505600119981107    .0
2505600119981108    .0
2505600119981109   7.2
2505600119981110  20.8
2505600119981111    .0
2505600119981112   3.8
2505600119981113   1.6
2505600119981114  10.6
2505600119981115   6.6
2505600119981116   2.8
2505600119981117    .0
2505600119981118    .0
2505600119981119    .0
2505600119981120    .0
2505600119981121    .0
2505600119981122    .0
2505600119981123    .0
2505600119981124    .0
2505600119981125    .8
2505600119981126   6.2
2505600119981127   2.2
2505600119981128   4.2
2505600119981129   4.6
2505600119981130    .0
2505600119981201    .0
2505600119981202    .0
2505600119981203    .0
2505600119981204   1.4
2505600119981205   5.0
2505600119981206    .0
2505600119981207    .0
2505600119981208    .0
2505600119981209   4.0
2505600119981210  11.8
2505600119981211    .6
2505600119981212  19.2
2505600119981213    .0
2505600119981214    .0
2505600119981215    .0
2505600119981216    .0
2505600119981217    .0
2505600119981218   4.4
2505600119981219   2.0
2505600119981220   1.2
2505600119981221    .0
2505600119981222    .0
2505600119981223    .0
2505600119981224   5.4
2505600119981225    .0
2505600119981226   1.0
2505600119981227    .0
2505600119981228    .0
2505600119981229    .0
2505600119981230    .0
2505600119981231    .0
