2619800119940101    .0
2619800119940102    .2
2619800119940103    .0
2619800119940104    .0
2619800119940105   2.4
2619800119940106  99.6
2619800119940107  22.8
2619800119940108    .0
2619800119940109    .0
2619800119940110  25.8
2619800119940111    .0
2619800119940112    .0
2619800119940113    .0
2619800119940114    .0
2619800119940115    .6
2619800119940116   5.0
2619800119940117    .0
2619800119940118    .0
2619800119940119    .0
2619800119940120    .0
2619800119940121    .0
2619800119940122    .0
2619800119940123    .0
2619800119940124    .0
2619800119940125    .0
2619800119940126    .0
2619800119940127    .0
2619800119940128    .0
2619800119940129    .0
2619800119940130    .0
2619800119940131    .0
2619800119940201    .0
2619800119940202    .0
2619800119940203  25.2
2619800119940204  29.8
2619800119940205    .0
2619800119940206    .0
2619800119940207    .0
2619800119940208    .0
2619800119940209    .0
2619800119940210    .0
2619800119940211    .0
2619800119940212    .0
2619800119940213   6.6
2619800119940214   5.4
2619800119940215   2.0
2619800119940216    .0
2619800119940217    .0
2619800119940218    .0
2619800119940219    .0
2619800119940220   4.0
2619800119940221    .0
2619800119940222    .0
2619800119940223  15.7
2619800119940224    .0
2619800119940225    .0
2619800119940226    .0
2619800119940227    .0
2619800119940228    .6
2619800119940301   4.2
2619800119940302    .2
2619800119940303    .2
2619800119940304    .0
2619800119940305    .0
2619800119940306    .0
2619800119940307    .0
2619800119940308    .0
2619800119940309    .0
2619800119940310    .0
2619800119940311    .0
2619800119940312    .0
2619800119940313    .0
2619800119940314    .0
2619800119940315    .0
2619800119940316    .0
2619800119940317    .0
2619800119940318    .0
2619800119940319    .0
2619800119940320    .0
2619800119940321   7.6
2619800119940322    .0
2619800119940323    .0
2619800119940324    .0
2619800119940325    .0
2619800119940326    .0
2619800119940327    .0
2619800119940328    .0
2619800119940329    .0
2619800119940330    .0
2619800119940331    .0
2619800119940401   1.0
2619800119940402    .0
2619800119940403    .2
2619800119940404   7.8
2619800119940405    .4
2619800119940406    .4
2619800119940407   6.0
2619800119940408    .0
2619800119940409   1.0
2619800119940410    .0
2619800119940411    .0
2619800119940412    .2
2619800119940413    .0
2619800119940414   6.8
2619800119940415    .0
2619800119940416   3.2
2619800119940417    .0
2619800119940418    .0
2619800119940419    .0
2619800119940420   2.0
2619800119940421    .0
2619800119940422    .0
2619800119940423    .0
2619800119940424  33.4
2619800119940425  10.8
2619800119940426    .0
2619800119940427    .0
2619800119940428    .0
2619800119940429    .0
2619800119940430    .0
2619800119940501    .0
2619800119940502    .0
2619800119940503    .0
2619800119940504    .7
2619800119940505    .0
2619800119940506    .0
2619800119940507    .0
2619800119940508   8.0
2619800119940509    .0
2619800119940510    .0
2619800119940511  16.8
2619800119940512   8.0
2619800119940513  12.4
2619800119940514  10.4
2619800119940515    .0
2619800119940516    .0
2619800119940517   7.8
2619800119940518   6.6
2619800119940519   1.2
2619800119940520   1.0
2619800119940521    .8
2619800119940522    .0
2619800119940523    .0
2619800119940524   5.4
2619800119940525    .4
2619800119940526    .2
2619800119940527    .0
2619800119940528    .0
2619800119940529    .0
2619800119940530    .0
2619800119940531    .0
2619800119940601    .0
2619800119940602    .0
2619800119940603   1.0
2619800119940604    .0
2619800119940605    .0
2619800119940606    .0
2619800119940607    .0
2619800119940608  15.8
2619800119940609    .0
2619800119940610    .0
2619800119940611    .0
2619800119940612    .0
2619800119940613    .0
2619800119940614    .0
2619800119940615    .0
2619800119940616    .0
2619800119940617    .0
2619800119940618    .0
2619800119940619    .6
2619800119940620    .0
2619800119940621    .0
2619800119940622    .0
2619800119940623    .0
2619800119940624    .0
2619800119940625   3.4
2619800119940626    .4
2619800119940627    .0
2619800119940628    .0
2619800119940629    .0
2619800119940630    .0
2619800119940701    .0
2619800119940702    .0
2619800119940703    .0
2619800119940704    .0
2619800119940705    .0
2619800119940706    .0
2619800119940707    .0
2619800119940708    .0
2619800119940709    .0
2619800119940710    .0
2619800119940711    .0
2619800119940712    .0
2619800119940713    .2
2619800119940714    .8
2619800119940715    .0
2619800119940716    .0
2619800119940717    .0
2619800119940718    .0
2619800119940719    .0
2619800119940720    .0
2619800119940721    .0
2619800119940722    .0
2619800119940723    .0
2619800119940724    .0
2619800119940725    .0
2619800119940726    .0
2619800119940727    .0
2619800119940728    .0
2619800119940729  13.6
2619800119940730  17.2
2619800119940731  35.4
2619800119940801    .0
2619800119940802    .0
2619800119940803    .0
2619800119940804    .0
2619800119940805    .0
2619800119940806    .0
2619800119940807    .0
2619800119940808    .0
2619800119940809    .0
2619800119940810    .0
2619800119940811    .0
2619800119940812    .0
2619800119940813   1.4
2619800119940814    .0
2619800119940815    .0
2619800119940816    .8
2619800119940817   6.2
2619800119940818    .0
2619800119940819    .0
2619800119940820    .0
2619800119940821    .6
2619800119940822    .0
2619800119940823   2.6
2619800119940824    .0
2619800119940825    .0
2619800119940826    .0
2619800119940827    .0
2619800119940828    .2
2619800119940829    .0
2619800119940830    .0
2619800119940831  10.0
2619800119940901    .0
2619800119940902    .0
2619800119940903    .0
2619800119940904    .0
2619800119940905    .0
2619800119940906    .0
2619800119940907  45.0
2619800119940908   8.0
2619800119940909    .0
2619800119940910    .0
2619800119940911    .0
2619800119940912  70.6
2619800119940913  26.0
2619800119940914   1.8
2619800119940915    .0
2619800119940916  10.8
2619800119940917    .0
2619800119940918    .0
2619800119940919    .0
2619800119940920   1.4
2619800119940921   3.0
2619800119940922  21.9
2619800119940923  85.0
2619800119940924    .0
2619800119940925   1.0
2619800119940926    .8
2619800119940927    .0
2619800119940928    .0
2619800119940929  12.8
2619800119940930   7.0
2619800119941001   5.0
2619800119941002    .6
2619800119941003   7.2
2619800119941004    .0
2619800119941005    .0
2619800119941006    .0
2619800119941007    .0
2619800119941008    .0
2619800119941009   1.4
2619800119941010    .8
2619800119941011    .0
2619800119941012    .0
2619800119941013    .0
2619800119941014    .0
2619800119941015    .0
2619800119941016    .0
2619800119941017    .0
2619800119941018    .0
2619800119941019  25.8
2619800119941020  62.4
2619800119941021   1.6
2619800119941022  26.4
2619800119941023    .6
2619800119941024    .0
2619800119941025    .2
2619800119941026    .0
2619800119941027   8.2
2619800119941028  14.4
2619800119941029    .0
2619800119941030    .0
2619800119941031    .0
2619800119941101    .0
2619800119941102   6.1
2619800119941103   1.4
2619800119941104  37.4
2619800119941105  50.0
2619800119941106    .0
2619800119941107  10.4
2619800119941108    .0
2619800119941109  54.7
2619800119941110   3.4
2619800119941111    .0
2619800119941112    .0
2619800119941113    .0
2619800119941114    .0
2619800119941115    .0
2619800119941116    .0
2619800119941117    .0
2619800119941118    .0
2619800119941119    .3
2619800119941120    .0
2619800119941121    .0
2619800119941122    .0
2619800119941123    .0
2619800119941124    .0
2619800119941125    .0
2619800119941126    .0
2619800119941127    .0
2619800119941128    .0
2619800119941129    .0
2619800119941130    .0
2619800119941201   1.0
2619800119941202    .0
2619800119941203    .0
2619800119941204    .5
2619800119941205    .0
2619800119941206    .0
2619800119941207   5.0
2619800119941208    .0
2619800119941209    .0
2619800119941210    .0
2619800119941211    .0
2619800119941212    .0
2619800119941213    .0
2619800119941214    .0
2619800119941215    .0
2619800119941216    .0
2619800119941217    .0
2619800119941218    .0
2619800119941219    .4
2619800119941220    .0
2619800119941221    .0
2619800119941222    .0
2619800119941223    .0
2619800119941224    .0
2619800119941225    .0
2619800119941226    .2
2619800119941227    .4
2619800119941228    .0
2619800119941229    .0
2619800119941230    .8
2619800119941231    .0
2619800119950101    .2
2619800119950102    .4
2619800119950103    .0
2619800119950104    .0
2619800119950105    .0
2619800119950106   4.4
2619800119950107    .0
2619800119950108    .0
2619800119950109    .0
2619800119950110    .0
2619800119950111   1.0
2619800119950112   1.7
2619800119950113    .0
2619800119950114    .0
2619800119950115    .0
2619800119950116    .0
2619800119950117   4.8
2619800119950118  34.6
2619800119950119    .0
2619800119950120   8.1
2619800119950121    .0
2619800119950122    .0
2619800119950123    .0
2619800119950124    .2
2619800119950125    .0
2619800119950126   1.2
2619800119950127    .0
2619800119950128    .0
2619800119950129    .1
2619800119950130   1.4
2619800119950131    .0
2619800119950201    .0
2619800119950202    .2
2619800119950203    .0
2619800119950204    .0
2619800119950205    .0
2619800119950206    .0
2619800119950207    .0
2619800119950208    .0
2619800119950209    .0
2619800119950210   9.8
2619800119950211   2.2
2619800119950212    .8
2619800119950213  14.2
2619800119950214    .2
2619800119950215    .0
2619800119950216    .0
2619800119950217    .0
2619800119950218    .0
2619800119950219    .0
2619800119950220    .0
2619800119950221   1.6
2619800119950222    .2
2619800119950223   1.6
2619800119950224   1.4
2619800119950225    .4
2619800119950226   1.8
2619800119950227    .0
2619800119950228    .0
2619800119950301    .0
2619800119950302    .0
2619800119950303    .0
2619800119950304    .0
2619800119950305   4.0
2619800119950306    .0
2619800119950307    .4
2619800119950308    .6
2619800119950309    .0
2619800119950310    .0
2619800119950311    .0
2619800119950312    .0
2619800119950313    .0
2619800119950314    .0
2619800119950315    .0
2619800119950316    .0
2619800119950317    .0
2619800119950318    .0
2619800119950319   1.0
2619800119950320    .0
2619800119950321    .0
2619800119950322    .0
2619800119950323    .0
2619800119950324    .0
2619800119950325    .0
2619800119950326    .0
2619800119950327    .6
2619800119950328    .0
2619800119950329   1.4
2619800119950330    .0
2619800119950331    .0
2619800119950401    .0
2619800119950402    .0
2619800119950403    .0
2619800119950404    .0
2619800119950405    .0
2619800119950406    .0
2619800119950407    .0
2619800119950408    .0
2619800119950409    .0
2619800119950410    .0
2619800119950411    .0
2619800119950412    .0
2619800119950413    .0
2619800119950414    .0
2619800119950415   1.0
2619800119950416    .6
2619800119950417    .0
2619800119950418    .0
2619800119950419  21.0
2619800119950420   5.2
2619800119950421  46.8
2619800119950422   7.2
2619800119950423  32.4
2619800119950424   5.8
2619800119950425    .0
2619800119950426    .0
2619800119950427    .0
2619800119950428    .0
2619800119950429   2.6
2619800119950430    .0
2619800119950501    .0
2619800119950502    .0
2619800119950503    .0
2619800119950504    .0
2619800119950505    .0
2619800119950506    .0
2619800119950507    .0
2619800119950508    .0
2619800119950509    .0
2619800119950510    .0
2619800119950511    .0
2619800119950512   3.0
2619800119950513    .0
2619800119950514    .0
2619800119950515   3.4
2619800119950516   5.0
2619800119950517    .6
2619800119950518   2.6
2619800119950519    .0
2619800119950520    .0
2619800119950521    .0
2619800119950522    .0
2619800119950523    .0
2619800119950524    .0
2619800119950525    .8
2619800119950526   6.6
2619800119950527    .0
2619800119950528    .0
2619800119950529   4.4
2619800119950530    .0
2619800119950531   1.2
2619800119950601    .0
2619800119950602    .0
2619800119950603    .0
2619800119950604   2.0
2619800119950605    .0
2619800119950606    .0
2619800119950607    .0
2619800119950608    .0
2619800119950609    .0
2619800119950610   1.6
2619800119950611    .4
2619800119950612    .0
2619800119950613    .0
2619800119950614    .0
2619800119950615    .0
2619800119950616    .0
2619800119950617    .0
2619800119950618    .0
2619800119950619    .0
2619800119950620    .0
2619800119950621    .0
2619800119950622    .0
2619800119950623    .0
2619800119950624    .0
2619800119950625    .0
2619800119950626    .0
2619800119950627    .0
2619800119950628   6.6
2619800119950629    .0
2619800119950630    .0
2619800119950701    .0
2619800119950702    .2
2619800119950703    .0
2619800119950704    .2
2619800119950705    .0
2619800119950706    .0
2619800119950707    .0
2619800119950708    .0
2619800119950709    .0
2619800119950710    .0
2619800119950711  24.6
2619800119950712    .0
2619800119950713    .0
2619800119950714   3.2
2619800119950715    .0
2619800119950716    .0
2619800119950717    .0
2619800119950718    .0
2619800119950719    .0
2619800119950720    .0
2619800119950721    .0
2619800119950722    .0
2619800119950723    .0
2619800119950724    .0
2619800119950725    .0
2619800119950726    .0
2619800119950727    .0
2619800119950728    .0
2619800119950729    .0
2619800119950730    .0
2619800119950731   2.0
2619800119950801    .0
2619800119950802    .0
2619800119950803    .0
2619800119950804    .2
2619800119950805    .2
2619800119950806  10.2
2619800119950807   6.8
2619800119950808    .0
2619800119950809    .0
2619800119950810    .6
2619800119950811   2.0
2619800119950812    .0
2619800119950813    .0
2619800119950814    .0
2619800119950815    .0
2619800119950816    .0
2619800119950817    .0
2619800119950818    .0
2619800119950819    .0
2619800119950820    .0
2619800119950821   3.6
2619800119950822   4.4
2619800119950823    .8
2619800119950824    .2
2619800119950825    .0
2619800119950826    .0
2619800119950827    .0
2619800119950828    .0
2619800119950829    .0
2619800119950830    .0
2619800119950831    .0
2619800119950901    .0
2619800119950902    .0
2619800119950903    .0
2619800119950904    .0
2619800119950905    .0
2619800119950906    .6
2619800119950907  19.4
2619800119950908   1.4
2619800119950909    .0
2619800119950910  16.8
2619800119950911   8.6
2619800119950912  57.4
2619800119950913   3.2
2619800119950914    .0
2619800119950915    .0
2619800119950916   1.0
2619800119950917    .0
2619800119950918  51.2
2619800119950919   8.0
2619800119950920   1.6
2619800119950921    .0
2619800119950922    .0
2619800119950923    .0
2619800119950924   1.2
2619800119950925    .2
2619800119950926    .0
2619800119950927    .0
2619800119950928    .0
2619800119950929    .0
2619800119950930    .0
2619800119951001    .0
2619800119951002    .0
2619800119951003  15.8
2619800119951004  28.0
2619800119951005  46.8
2619800119951006   3.8
2619800119951007    .0
2619800119951008    .0
2619800119951009    .0
2619800119951010    .0
2619800119951011    .0
2619800119951012    .0
2619800119951013    .0
2619800119951014  21.0
2619800119951015    .0
2619800119951016    .0
2619800119951017    .0
2619800119951018    .0
2619800119951019    .0
2619800119951020    .0
2619800119951021    .0
2619800119951022    .0
2619800119951023    .0
2619800119951024    .0
2619800119951025    .2
2619800119951026    .2
2619800119951027    .2
2619800119951028    .0
2619800119951029    .2
2619800119951030    .0
2619800119951031    .0
2619800119951101    .0
2619800119951102    .0
2619800119951103    .0
2619800119951104    .0
2619800119951105    .0
2619800119951106    .0
2619800119951107    .0
2619800119951108    .0
2619800119951109    .0
2619800119951110    .4
2619800119951111    .0
2619800119951112  39.2
2619800119951113    .6
2619800119951114    .0
2619800119951115    .8
2619800119951116   1.4
2619800119951117    .0
2619800119951118    .0
2619800119951119    .0
2619800119951120    .0
2619800119951121    .0
2619800119951122  35.6
2619800119951123    .0
2619800119951124    .0
2619800119951125    .0
2619800119951126  38.0
2619800119951127   1.8
2619800119951128    .0
2619800119951129    .0
2619800119951130    .0
2619800119951201    .0
2619800119951202    .0
2619800119951203    .0
2619800119951204    .0
2619800119951205    .0
2619800119951206   2.2
2619800119951207   7.6
2619800119951208   3.8
2619800119951209    .0
2619800119951210    .0
2619800119951211    .0
2619800119951212    .0
2619800119951213    .0
2619800119951214    .0
2619800119951215   1.8
2619800119951216  17.4
2619800119951217   3.0
2619800119951218    .0
2619800119951219    .0
2619800119951220    .0
2619800119951221    .0
2619800119951222    .0
2619800119951223    .0
2619800119951224   1.0
2619800119951225    .2
2619800119951226   3.0
2619800119951227    .0
2619800119951228   5.6
2619800119951229   1.2
2619800119951230  24.4
2619800119951231    .2
2619800119960101   9.4
2619800119960102   1.8
2619800119960103    .0
2619800119960104    .0
2619800119960105  28.8
2619800119960106   7.8
2619800119960107   6.2
2619800119960108    .0
2619800119960109   1.8
2619800119960110   7.6
2619800119960111   2.4
2619800119960112  31.4
2619800119960113    .0
2619800119960114   1.2
2619800119960115    .0
2619800119960116    .0
2619800119960117    .0
2619800119960118    .0
2619800119960119    .0
2619800119960120   4.2
2619800119960121   1.0
2619800119960122   2.6
2619800119960123  28.8
2619800119960124   5.0
2619800119960125   1.8
2619800119960126    .0
2619800119960127    .0
2619800119960128  14.2
2619800119960129    .0
2619800119960130    .0
2619800119960131    .8
2619800119960201   4.4
2619800119960202   6.8
2619800119960203    .0
2619800119960204    .0
2619800119960205    .0
2619800119960206   9.0
2619800119960207   7.8
2619800119960208    .0
2619800119960209    .2
2619800119960210    .2
2619800119960211    .0
2619800119960212   8.4
2619800119960213    .6
2619800119960214    .2
2619800119960215    .0
2619800119960216    .0
2619800119960217    .0
2619800119960218    .2
2619800119960219   5.6
2619800119960220    .0
2619800119960221    .0
2619800119960222    .0
2619800119960223    .0
2619800119960224    .0
2619800119960225    .4
2619800119960226   9.6
2619800119960227  13.4
2619800119960228    .0
2619800119960229    .0
2619800119960301    .0
2619800119960302    .0
2619800119960303    .0
2619800119960304    .0
2619800119960305    .0
2619800119960306    .0
2619800119960307    .0
2619800119960308    .0
2619800119960309    .0
2619800119960310    .0
2619800119960311    .0
2619800119960312    .0
2619800119960313    .6
2619800119960314  48.0
2619800119960315   7.4
2619800119960316    .0
2619800119960317    .4
2619800119960318   1.8
2619800119960319    .0
2619800119960320    .4
2619800119960321    .0
2619800119960322    .0
2619800119960323    .0
2619800119960324    .0
2619800119960325    .0
2619800119960326   1.6
2619800119960327    .0
2619800119960328    .0
2619800119960329    .0
2619800119960330    .0
2619800119960331    .0
2619800119960401   5.4
2619800119960402    .0
2619800119960403    .0
2619800119960404    .0
2619800119960405    .0
2619800119960406    .0
2619800119960407    .0
2619800119960408    .0
2619800119960409    .0
2619800119960410    .0
2619800119960411    .0
2619800119960412    .0
2619800119960413    .0
2619800119960414    .0
2619800119960415    .0
2619800119960416    .0
2619800119960417    .0
2619800119960418    .0
2619800119960419    .0
2619800119960420    .0
2619800119960421    .0
2619800119960422   9.6
2619800119960423  12.2
2619800119960424    .0
2619800119960425    .0
2619800119960426    .0
2619800119960427   1.4
2619800119960428   3.2
2619800119960429  22.6
2619800119960430    .4
2619800119960501   1.6
2619800119960502  15.8
2619800119960503    .4
2619800119960504    .0
2619800119960505    .0
2619800119960506    .4
2619800119960507    .6
2619800119960508  19.0
2619800119960509    .0
2619800119960510    .0
2619800119960511    .0
2619800119960512    .2
2619800119960513    .0
2619800119960514    .0
2619800119960515    .0
2619800119960516   7.4
2619800119960517   3.8
2619800119960518    .2
2619800119960519  43.6
2619800119960520    .0
2619800119960521    .0
2619800119960522    .0
2619800119960523    .0
2619800119960524    .0
2619800119960525    .2
2619800119960526    .0
2619800119960527    .0
2619800119960528    .0
2619800119960529    .0
2619800119960530    .0
2619800119960531    .0
2619800119960601   9.0
2619800119960602  44.2
2619800119960603    .0
2619800119960604    .0
2619800119960605    .0
2619800119960606    .0
2619800119960607    .0
2619800119960608    .0
2619800119960609    .0
2619800119960610    .0
2619800119960611    .0
2619800119960612    .0
2619800119960613    .0
2619800119960614    .0
2619800119960615    .0
2619800119960616    .0
2619800119960617    .0
2619800119960618    .0
2619800119960619    .0
2619800119960620  27.4
2619800119960621  14.8
2619800119960622    .0
2619800119960623    .0
2619800119960624    .0
2619800119960625    .0
2619800119960626    .0
2619800119960627    .0
2619800119960628    .0
2619800119960629    .0
2619800119960630    .0
2619800119960701    .0
2619800119960702   2.4
2619800119960703    .0
2619800119960704  13.6
2619800119960705  26.6
2619800119960706    .0
2619800119960707  46.2
2619800119960708    .0
2619800119960709    .0
2619800119960710    .0
2619800119960711    .0
2619800119960712    .0
2619800119960713    .0
2619800119960714    .0
2619800119960715    .0
2619800119960716    .0
2619800119960717    .0
2619800119960718    .0
2619800119960719    .0
2619800119960720    .0
2619800119960721    .0
2619800119960722    .0
2619800119960723    .6
2619800119960724    .0
2619800119960725    .0
2619800119960726    .0
2619800119960727    .8
2619800119960728    .0
2619800119960729   3.6
2619800119960730    .0
2619800119960731    .0
2619800119960801    .0
2619800119960802   1.2
2619800119960803    .0
2619800119960804   6.2
2619800119960805   2.4
2619800119960806   4.4
2619800119960807   6.8
2619800119960808   2.6
2619800119960809    .2
2619800119960810  13.2
2619800119960811   3.0
2619800119960812    .2
2619800119960813    .0
2619800119960814    .0
2619800119960815    .0
2619800119960816    .0
2619800119960817    .0
2619800119960818    .0
2619800119960819    .0
2619800119960820    .2
2619800119960821  11.6
2619800119960822    .2
2619800119960823    .6
2619800119960824    .2
2619800119960825    .0
2619800119960826    .2
2619800119960827  10.4
2619800119960828    .0
2619800119960829    .0
2619800119960830    .0
2619800119960831    .0
2619800119960901    .0
2619800119960902    .0
2619800119960903   1.0
2619800119960904    .0
2619800119960905    .0
2619800119960906    .0
2619800119960907    .0
2619800119960908    .0
2619800119960909    .0
2619800119960910    .0
2619800119960911    .0
2619800119960912    .0
2619800119960913    .0
2619800119960914    .0
2619800119960915    .0
2619800119960916    .0
2619800119960917   2.2
2619800119960918   2.4
2619800119960919   9.6
2619800119960920   3.2
2619800119960921  21.4
2619800119960922    .0
2619800119960923    .0
2619800119960924    .0
2619800119960925    .2
2619800119960926    .0
2619800119960927    .0
2619800119960928    .0
2619800119960929    .0
2619800119960930    .0
2619800119961001  26.0
2619800119961002    .0
2619800119961003    .0
2619800119961004    .0
2619800119961005    .0
2619800119961006    .0
2619800119961007    .0
2619800119961008    .0
2619800119961009    .0
2619800119961010    .0
2619800119961011    .0
2619800119961012    .2
2619800119961013    .0
2619800119961014   5.0
2619800119961015  15.0
2619800119961016    .6
2619800119961017   1.6
2619800119961018    .0
2619800119961019   2.2
2619800119961020    .0
2619800119961021    .0
2619800119961022    .0
2619800119961023    .0
2619800119961024    .0
2619800119961025    .0
2619800119961026    .0
2619800119961027    .0
2619800119961028    .0
2619800119961029    .0
2619800119961030    .0
2619800119961031    .0
2619800119961101    .0
2619800119961102    .0
2619800119961103    .0
2619800119961104  13.8
2619800119961105   4.0
2619800119961106    .0
2619800119961107    .0
2619800119961108    .0
2619800119961109    .0
2619800119961110  18.2
2619800119961111  45.2
2619800119961112  84.8
2619800119961113   3.0
2619800119961114    .0
2619800119961115  10.0
2619800119961116   6.0
2619800119961117  29.0
2619800119961118  11.6
2619800119961119   2.2
2619800119961120    .0
2619800119961121   5.6
2619800119961122   2.0
2619800119961123    .0
2619800119961124    .0
2619800119961125   5.8
2619800119961126    .0
2619800119961127    .6
2619800119961128    .0
2619800119961129    .0
2619800119961130   2.4
2619800119961201    .0
2619800119961202    .0
2619800119961203   1.8
2619800119961204   3.4
2619800119961205    .6
2619800119961206   5.2
2619800119961207    .4
2619800119961208    .0
2619800119961209    .0
2619800119961210    .0
2619800119961211    .0
2619800119961212   8.0
2619800119961213   3.4
2619800119961214    .2
2619800119961215    .0
2619800119961216    .0
2619800119961217    .0
2619800119961218    .6
2619800119961219  42.0
2619800119961220    .2
2619800119961221   3.6
2619800119961222  21.8
2619800119961223   2.8
2619800119961224   7.4
2619800119961225    .0
2619800119961226    .0
2619800119961227    .0
2619800119961228    .0
2619800119961229    .0
2619800119961230    .0
2619800119961231   3.6
2619800119970101   5.4
2619800119970102  39.0
2619800119970103  24.8
2619800119970104  11.8
2619800119970105   2.4
2619800119970106    .0
2619800119970107    .0
2619800119970108  16.8
2619800119970109   1.2
2619800119970110    .0
2619800119970111    .0
2619800119970112    .0
2619800119970113    .0
2619800119970114    .0
2619800119970115    .0
2619800119970116    .0
2619800119970117    .0
2619800119970118   4.0
2619800119970119  49.8
2619800119970120   9.2
2619800119970121    .0
2619800119970122    .6
2619800119970123    .0
2619800119970124    .0
2619800119970125    .0
2619800119970126    .0
2619800119970127    .0
2619800119970128    .0
2619800119970129    .0
2619800119970130    .0
2619800119970131    .0
2619800119970201    .0
2619800119970202    .0
2619800119970203    .0
2619800119970204    .0
2619800119970205   1.2
2619800119970206    .0
2619800119970207    .0
2619800119970208    .0
2619800119970209    .0
2619800119970210    .6
2619800119970211    .0
2619800119970212    .2
2619800119970213    .2
2619800119970214   3.2
2619800119970215    .6
2619800119970216    .0
2619800119970217    .0
2619800119970218    .0
2619800119970219    .0
2619800119970220    .0
2619800119970221    .0
2619800119970222    .0
2619800119970223    .2
2619800119970224    .4
2619800119970225    .0
2619800119970226    .0
2619800119970227    .0
2619800119970228    .0
2619800119970301    .0
2619800119970302    .0
2619800119970303    .0
2619800119970304    .0
2619800119970305    .0
2619800119970306    .0
2619800119970307    .0
2619800119970308    .0
2619800119970309    .0
2619800119970310    .0
2619800119970311    .0
2619800119970312    .0
2619800119970313    .0
2619800119970314    .0
2619800119970315    .0
2619800119970316    .0
2619800119970317    .0
2619800119970318    .0
2619800119970319    .0
2619800119970320    .0
2619800119970321    .0
2619800119970322    .0
2619800119970323    .0
2619800119970324    .0
2619800119970325    .4
2619800119970326    .0
2619800119970327    .0
2619800119970328    .2
2619800119970329    .0
2619800119970330    .0
2619800119970331    .0
2619800119970401    .0
2619800119970402    .0
2619800119970403    .0
2619800119970404    .0
2619800119970405    .0
2619800119970406    .0
2619800119970407    .0
2619800119970408    .0
2619800119970409    .0
2619800119970410    .0
2619800119970411    .0
2619800119970412    .0
2619800119970413    .0
2619800119970414    .0
2619800119970415    .0
2619800119970416    .0
2619800119970417    .0
2619800119970418    .0
2619800119970419   3.0
2619800119970420    .0
2619800119970421    .0
2619800119970422    .0
2619800119970423    .0
2619800119970424    .0
2619800119970425    .0
2619800119970426   6.2
2619800119970427   4.0
2619800119970428    .0
2619800119970429    .0
2619800119970430    .0
2619800119970501    .0
2619800119970502    .0
2619800119970503    .0
2619800119970504   2.8
2619800119970505  29.6
2619800119970506   2.8
2619800119970507   3.6
2619800119970508    .0
2619800119970509    .2
2619800119970510    .0
2619800119970511   2.4
2619800119970512  10.0
2619800119970513    .8
2619800119970514    .0
2619800119970515    .0
2619800119970516    .0
2619800119970517   6.8
2619800119970518   1.0
2619800119970519    .0
2619800119970520    .6
2619800119970521    .0
2619800119970522    .0
2619800119970523    .0
2619800119970524    .0
2619800119970525    .8
2619800119970526    .0
2619800119970527    .0
2619800119970528    .0
2619800119970529    .0
2619800119970530    .0
2619800119970531   1.0
2619800119970601  19.8
2619800119970602   1.2
2619800119970603    .2
2619800119970604   8.2
2619800119970605   3.6
2619800119970606    .0
2619800119970607    .0
2619800119970608    .0
2619800119970609    .0
2619800119970610    .0
2619800119970611    .0
2619800119970612    .0
2619800119970613   2.4
2619800119970614   2.0
2619800119970615    .0
2619800119970616   8.2
2619800119970617    .0
2619800119970618    .0
2619800119970619    .0
2619800119970620    .0
2619800119970621  30.8
2619800119970622   1.2
2619800119970623    .0
2619800119970624    .0
2619800119970625   1.0
2619800119970626    .6
2619800119970627    .0
2619800119970628   8.4
2619800119970629   6.2
2619800119970630    .6
2619800119970701   1.6
2619800119970702  62.4
2619800119970703   2.0
2619800119970704   9.0
2619800119970705   9.0
2619800119970706    .0
2619800119970707    .0
2619800119970708    .0
2619800119970709    .0
2619800119970710    .2
2619800119970711    .0
2619800119970712    .0
2619800119970713    .6
2619800119970714   6.2
2619800119970715    .0
2619800119970716    .0
2619800119970717  10.6
2619800119970718    .0
2619800119970719    .0
2619800119970720    .0
2619800119970721    .0
2619800119970722    .0
2619800119970723    .0
2619800119970724   1.6
2619800119970725    .0
2619800119970726    .0
2619800119970727    .0
2619800119970728    .0
2619800119970729    .0
2619800119970730    .0
2619800119970731    .0
2619800119970801    .0
2619800119970802    .0
2619800119970803    .0
2619800119970804    .0
2619800119970805    .0
2619800119970806    .0
2619800119970807    .2
2619800119970808    .0
2619800119970809    .0
2619800119970810    .0
2619800119970811  17.2
2619800119970812    .2
2619800119970813    .0
2619800119970814    .0
2619800119970815    .0
2619800119970816    .0
2619800119970817    .0
2619800119970818    .0
2619800119970819    .0
2619800119970820    .0
2619800119970821    .0
2619800119970822    .0
2619800119970823    .0
2619800119970824    .0
2619800119970825    .0
2619800119970826    .0
2619800119970827  47.8
2619800119970828  12.4
2619800119970829    .2
2619800119970830    .0
2619800119970831    .0
2619800119970901   8.4
2619800119970902    .2
2619800119970903    .0
2619800119970904    .0
2619800119970905    .2
2619800119970906    .0
2619800119970907    .0
2619800119970908    .0
2619800119970909    .0
2619800119970910    .0
2619800119970911    .0
2619800119970912   5.6
2619800119970913   1.2
2619800119970914    .0
2619800119970915    .2
2619800119970916    .2
2619800119970917    .0
2619800119970918    .2
2619800119970919    .0
2619800119970920    .2
2619800119970921    .0
2619800119970922    .0
2619800119970923    .0
2619800119970924    .0
2619800119970925    .2
2619800119970926    .0
2619800119970927    .2
2619800119970928    .0
2619800119970929    .0
2619800119970930    .0
2619800119971001    .0
2619800119971002    .0
2619800119971003    .0
2619800119971004    .0
2619800119971005    .0
2619800119971006  94.6
2619800119971007   1.0
2619800119971008    .2
2619800119971009    .2
2619800119971010    .2
2619800119971011    .2
2619800119971012    .2
2619800119971013    .2
2619800119971014    .0
2619800119971015    .2
2619800119971016    .0
2619800119971017    .0
2619800119971018    .0
2619800119971019    .2
2619800119971020   4.8
2619800119971021    .8
2619800119971022   1.6
2619800119971023    .0
2619800119971024    .0
2619800119971025    .0
2619800119971026    .0
2619800119971027    .0
2619800119971028  13.6
2619800119971029    .0
2619800119971030    .0
2619800119971031    .0
2619800119971101    .0
2619800119971102    .0
2619800119971103    .2
2619800119971104   8.0
2619800119971105   6.8
2619800119971106  37.0
2619800119971107    .6
2619800119971108  15.0
2619800119971109    .0
2619800119971110   2.4
2619800119971111  27.4
2619800119971112    .0
2619800119971113    .0
2619800119971114    .0
2619800119971115    .0
2619800119971116    .0
2619800119971117    .0
2619800119971118    .0
2619800119971119   4.6
2619800119971120   4.0
2619800119971121    .0
2619800119971122    .0
2619800119971123    .0
2619800119971124    .0
2619800119971125   1.8
2619800119971126    .0
2619800119971127    .2
2619800119971128   7.0
2619800119971129    .2
2619800119971130    .4
2619800119971201    .0
2619800119971202   2.0
2619800119971203    .0
2619800119971204    .0
2619800119971205    .0
2619800119971206    .0
2619800119971207    .0
2619800119971208    .0
2619800119971209    .0
2619800119971210   3.6
2619800119971211    .2
2619800119971212    .0
2619800119971213    .0
2619800119971214    .0
2619800119971215   3.2
2619800119971216  18.6
2619800119971217   4.2
2619800119971218  28.0
2619800119971219  10.0
2619800119971220   2.2
2619800119971221    .2
2619800119971222   1.8
2619800119971223    .0
2619800119971224    .0
2619800119971225    .6
2619800119971226    .4
2619800119971227    .0
2619800119971228    .0
2619800119971229    .2
2619800119971230   1.8
2619800119971231   4.0
2619800119980101  22.2
2619800119980102   9.6
2619800119980103    .0
2619800119980104    .0
2619800119980105    .0
2619800119980106    .0
2619800119980107    .0
2619800119980108    .0
2619800119980109    .0
2619800119980110    .0
2619800119980111    .0
2619800119980112    .0
2619800119980113  21.6
2619800119980114    .2
2619800119980115    .2
2619800119980116   6.8
2619800119980117    .0
2619800119980118   5.4
2619800119980119   4.0
2619800119980120    .0
2619800119980121    .0
2619800119980122    .0
2619800119980123    .0
2619800119980124    .0
2619800119980125  15.0
2619800119980126    .0
2619800119980127    .0
2619800119980128    .0
2619800119980129    .0
2619800119980130    .6
2619800119980131    .2
2619800119980201    .0
2619800119980202    .0
2619800119980203    .0
2619800119980204    .0
2619800119980205    .0
2619800119980206    .0
2619800119980207    .0
2619800119980208    .0
2619800119980209    .0
2619800119980210    .0
2619800119980211    .0
2619800119980212    .0
2619800119980213    .0
2619800119980214    .0
2619800119980215    .0
2619800119980216    .0
2619800119980217    .0
2619800119980218    .0
2619800119980219    .0
2619800119980220    .0
2619800119980221   4.8
2619800119980222   8.0
2619800119980223   3.2
2619800119980224    .0
2619800119980225    .0
2619800119980226    .0
2619800119980227    .0
2619800119980228    .0
2619800119980301    .0
2619800119980302    .0
2619800119980303    .0
2619800119980304    .0
2619800119980305    .0
2619800119980306    .0
2619800119980307    .0
2619800119980308   2.0
2619800119980309    .2
2619800119980310   1.2
2619800119980311   6.6
2619800119980312    .0
2619800119980313    .0
2619800119980314    .0
2619800119980315    .0
2619800119980316    .0
2619800119980317    .0
2619800119980318    .0
2619800119980319    .0
2619800119980320    .0
2619800119980321    .0
2619800119980322    .0
2619800119980323    .2
2619800119980324    .0
2619800119980325    .0
2619800119980326    .0
2619800119980327    .0
2619800119980328    .0
2619800119980329    .0
2619800119980330    .0
2619800119980331   2.2
2619800119980401   9.2
2619800119980402    .4
2619800119980403   3.0
2619800119980404   7.8
2619800119980405   4.0
2619800119980406    .2
2619800119980407  13.6
2619800119980408    .0
2619800119980409  17.8
2619800119980410    .8
2619800119980411   9.8
2619800119980412   5.2
2619800119980413   3.8
2619800119980414  14.4
2619800119980415  22.6
2619800119980416   5.2
2619800119980417    .8
2619800119980418    .0
2619800119980419    .0
2619800119980420    .0
2619800119980421    .0
2619800119980422    .0
2619800119980423    .0
2619800119980424    .0
2619800119980425    .0
2619800119980426  26.6
2619800119980427   7.2
2619800119980428    .0
2619800119980429  14.6
2619800119980430   8.4
2619800119980501   1.8
2619800119980502    .2
2619800119980503    .0
2619800119980504    .0
2619800119980505    .0
2619800119980506    .0
2619800119980507    .0
2619800119980508    .0
2619800119980509    .0
2619800119980510    .0
2619800119980511    .2
2619800119980512    .0
2619800119980513    .0
2619800119980514  18.6
2619800119980515   3.4
2619800119980516    .0
2619800119980517    .0
2619800119980518    .0
2619800119980519    .0
2619800119980520    .0
2619800119980521    .0
2619800119980522    .0
2619800119980523    .0
2619800119980524    .0
2619800119980525    .0
2619800119980526    .0
2619800119980527 101.0
2619800119980528  22.8
2619800119980529    .0
2619800119980530  15.0
2619800119980531  19.6
2619800119980601    .0
2619800119980602    .6
2619800119980603   2.2
2619800119980604    .0
2619800119980605    .0
2619800119980606  34.6
2619800119980607    .0
2619800119980608    .0
2619800119980609    .0
2619800119980610  13.4
2619800119980611   1.4
2619800119980612    .0
2619800119980613    .0
2619800119980614    .0
2619800119980615    .0
2619800119980616    .0
2619800119980617    .0
2619800119980618    .0
2619800119980619    .0
2619800119980620    .0
2619800119980621    .0
2619800119980622    .2
2619800119980623    .0
2619800119980624    .0
2619800119980625    .0
2619800119980626    .0
2619800119980627    .0
2619800119980628    .0
2619800119980629   4.8
2619800119980630    .2
2619800119980701   6.8
2619800119980702    .6
2619800119980703    .0
2619800119980704    .0
2619800119980705    .0
2619800119980706   2.4
2619800119980707   6.0
2619800119980708    .0
2619800119980709    .0
2619800119980710    .0
2619800119980711    .0
2619800119980712    .0
2619800119980713    .6
2619800119980714    .0
2619800119980715    .0
2619800119980716    .0
2619800119980717    .0
2619800119980718    .0
2619800119980719    .0
2619800119980720    .0
2619800119980721    .0
2619800119980722    .0
2619800119980723    .0
2619800119980724    .0
2619800119980725    .0
2619800119980726  22.4
2619800119980727    .8
2619800119980728    .0
2619800119980729    .0
2619800119980730   2.8
2619800119980731    .0
2619800119980801   1.0
2619800119980802   4.4
2619800119980803    .6
2619800119980804    .0
2619800119980805    .0
2619800119980806    .0
2619800119980807    .0
2619800119980808    .0
2619800119980809    .0
2619800119980810    .0
2619800119980811    .0
2619800119980812    .0
2619800119980813    .0
2619800119980814    .0
2619800119980815    .0
2619800119980816   1.8
2619800119980817    .0
2619800119980818    .0
2619800119980819    .0
2619800119980820    .0
2619800119980821    .0
2619800119980822    .0
2619800119980823    .0
2619800119980824    .0
2619800119980825    .0
2619800119980826    .0
2619800119980827    .0
2619800119980828    .0
2619800119980829    .0
2619800119980830    .0
2619800119980831    .0
2619800119980901    .0
2619800119980902   2.0
2619800119980903    .0
2619800119980904  51.6
2619800119980905    .0
2619800119980906    .0
2619800119980907   3.2
2619800119980908    .0
2619800119980909    .0
2619800119980910  34.6
2619800119980911   7.4
2619800119980912    .8
2619800119980913   1.6
2619800119980914    .8
2619800119980915    .0
2619800119980916    .0
2619800119980917    .0
2619800119980918    .0
2619800119980919    .0
2619800119980920    .0
2619800119980921    .0
2619800119980922    .2
2619800119980923    .0
2619800119980924    .2
2619800119980925    .0
2619800119980926  12.4
2619800119980927    .0
2619800119980928   6.4
2619800119980929  26.4
2619800119980930   6.6
2619800119981001   2.6
2619800119981002   3.4
2619800119981003    .2
2619800119981004    .0
2619800119981005  10.2
2619800119981006   4.2
2619800119981007    .0
2619800119981008    .0
2619800119981009    .6
2619800119981010    .0
2619800119981011    .0
2619800119981012    .0
2619800119981013    .0
2619800119981014    .0
2619800119981015    .2
2619800119981016    .0
2619800119981017  20.4
2619800119981018    .0
2619800119981019    .0
2619800119981020    .0
2619800119981021    .0
2619800119981022    .2
2619800119981023    .0
2619800119981024    .2
2619800119981025    .0
2619800119981026    .2
2619800119981027    .0
2619800119981028    .2
2619800119981029   2.0
2619800119981030    .0
2619800119981031    .0
2619800119981101    .0
2619800119981102   5.4
2619800119981103   2.8
2619800119981104   1.2
2619800119981105    .0
2619800119981106    .0
2619800119981107    .0
2619800119981108    .0
2619800119981109    .0
2619800119981110   6.2
2619800119981111    .2
2619800119981112    .0
2619800119981113   7.2
2619800119981114    .2
2619800119981115    .0
2619800119981116    .0
2619800119981117    .0
2619800119981118    .0
2619800119981119    .0
2619800119981120    .0
2619800119981121    .0
2619800119981122    .0
2619800119981123    .0
2619800119981124    .0
2619800119981125    .4
2619800119981126    .2
2619800119981127    .2
2619800119981128   5.6
2619800119981129    .8
2619800119981130    .0
2619800119981201    .0
2619800119981202    .0
2619800119981203    .0
2619800119981204    .0
2619800119981205    .0
2619800119981206    .2
2619800119981207    .0
2619800119981208    .0
2619800119981209    .0
2619800119981210   5.6
2619800119981211    .0
2619800119981212    .0
2619800119981213    .0
2619800119981214    .0
2619800119981215    .0
2619800119981216    .0
2619800119981217    .0
2619800119981218    .0
2619800119981219    .0
2619800119981220  13.0
2619800119981221    .0
2619800119981222    .0
2619800119981223    .0
2619800119981224   5.0
2619800119981225    .0
2619800119981226    .0
2619800119981227    .0
2619800119981228   1.8
2619800119981229    .0
2619800119981230    .0
2619800119981231  10.8
