2907500119940101  30.2
2907500119940102   8.8
2907500119940103  10.0
2907500119940104  17.2
2907500119940105  11.0
2907500119940106   1.0
2907500119940107   3.0
2907500119940108   4.4
2907500119940109   7.8
2907500119940110   2.6
2907500119940111   6.6
2907500119940112   8.4
2907500119940113   2.6
2907500119940114   8.0
2907500119940115  10.2
2907500119940116   3.6
2907500119940117    .0
2907500119940118  10.2
2907500119940119    .6
2907500119940120   1.4
2907500119940121    .0
2907500119940122   2.6
2907500119940123   3.6
2907500119940124   3.2
2907500119940125   1.8
2907500119940126   1.4
2907500119940127   2.0
2907500119940128    .0
2907500119940129    .0
2907500119940130   1.0
2907500119940131    .0
2907500119940201   8.2
2907500119940202  14.8
2907500119940203   9.2
2907500119940204   8.4
2907500119940205   2.0
2907500119940206   9.6
2907500119940207   2.8
2907500119940208  17.2
2907500119940209   7.8
2907500119940210   6.8
2907500119940211   8.6
2907500119940212    .4
2907500119940213    .0
2907500119940214    .0
2907500119940215    .0
2907500119940216    .0
2907500119940217   8.8
2907500119940218    .0
2907500119940219  11.4
2907500119940220   8.8
2907500119940221   5.6
2907500119940222   7.4
2907500119940223  15.6
2907500119940224   1.6
2907500119940225   2.8
2907500119940226    .0
2907500119940227   6.8
2907500119940228    .2
2907500119940301   6.8
2907500119940302   1.4
2907500119940303    .0
2907500119940304   1.0
2907500119940305    .4
2907500119940306    .0
2907500119940307    .0
2907500119940308    .0
2907500119940309   1.2
2907500119940310    .0
2907500119940311    .2
2907500119940312   5.2
2907500119940313    .2
2907500119940314    .0
2907500119940315   1.2
2907500119940316    .4
2907500119940317   2.4
2907500119940318   3.4
2907500119940319   6.4
2907500119940320   3.0
2907500119940321    .0
2907500119940322   4.2
2907500119940323    .6
2907500119940324    .2
2907500119940325   2.6
2907500119940326    .0
2907500119940327   5.4
2907500119940328   2.2
2907500119940329    .0
2907500119940330  13.8
2907500119940331  13.4
2907500119940401   7.4
2907500119940402   4.6
2907500119940403  18.2
2907500119940404   7.2
2907500119940405   4.0
2907500119940406  14.2
2907500119940407   2.0
2907500119940408  15.6
2907500119940409   1.0
2907500119940410   1.0
2907500119940411    .0
2907500119940412    .6
2907500119940413    .0
2907500119940414    .0
2907500119940415   4.2
2907500119940416   1.8
2907500119940417    .0
2907500119940418    .0
2907500119940419    .6
2907500119940420    .0
2907500119940421    .0
2907500119940422    .2
2907500119940423   2.6
2907500119940424    .6
2907500119940425  14.0
2907500119940426   3.0
2907500119940427    .0
2907500119940428    .0
2907500119940429    .0
2907500119940430    .2
2907500119940501    .0
2907500119940502    .0
2907500119940503    .4
2907500119940504   1.2
2907500119940505   1.6
2907500119940506   3.2
2907500119940507   2.2
2907500119940508    .8
2907500119940509    .2
2907500119940510    .2
2907500119940511   9.8
2907500119940512    .2
2907500119940513  11.8
2907500119940514    .8
2907500119940515   1.8
2907500119940516  19.0
2907500119940517   7.4
2907500119940518    .2
2907500119940519   6.8
2907500119940520  19.8
2907500119940521   2.8
2907500119940522    .0
2907500119940523  13.4
2907500119940524   1.2
2907500119940525  21.8
2907500119940526    .0
2907500119940527    .0
2907500119940528  10.4
2907500119940529    .4
2907500119940530    .0
2907500119940531    .0
2907500119940601    .2
2907500119940602   5.2
2907500119940603   7.8
2907500119940604   8.8
2907500119940605    .0
2907500119940606    .2
2907500119940607    .0
2907500119940608    .4
2907500119940609    .0
2907500119940610    .0
2907500119940611    .0
2907500119940612    .0
2907500119940613    .0
2907500119940614    .0
2907500119940615    .0
2907500119940616    .0
2907500119940617    .0
2907500119940618    .0
2907500119940619    .0
2907500119940620    .0
2907500119940621   1.0
2907500119940622    .2
2907500119940623    .0
2907500119940624   6.0
2907500119940625    .0
2907500119940626    .0
2907500119940627    .0
2907500119940628    .0
2907500119940629    .0
2907500119940630    .0
2907500119940701    .0
2907500119940702    .0
2907500119940703   3.6
2907500119940704    .6
2907500119940705   2.8
2907500119940706    .2
2907500119940707   7.6
2907500119940708    .0
2907500119940709    .0
2907500119940710    .0
2907500119940711    .0
2907500119940712    .0
2907500119940713    .0
2907500119940714    .0
2907500119940715    .0
2907500119940716    .0
2907500119940717   1.0
2907500119940718    .0
2907500119940719    .0
2907500119940720    .0
2907500119940721    .0
2907500119940722    .0
2907500119940723    .0
2907500119940724    .0
2907500119940725    .4
2907500119940726    .4
2907500119940727    .2
2907500119940728    .0
2907500119940729    .0
2907500119940730    .0
2907500119940731   3.6
2907500119940801   8.8
2907500119940802   5.0
2907500119940803    .2
2907500119940804    .2
2907500119940805    .0
2907500119940806    .0
2907500119940807    .0
2907500119940808    .2
2907500119940809  39.4
2907500119940810   2.4
2907500119940811    .0
2907500119940812    .0
2907500119940813    .0
2907500119940814    .0
2907500119940815    .0
2907500119940816    .0
2907500119940817   3.2
2907500119940818    .6
2907500119940819    .2
2907500119940820    .0
2907500119940821    .0
2907500119940822   4.0
2907500119940823    .0
2907500119940824   7.4
2907500119940825   3.2
2907500119940826   2.8
2907500119940827   2.0
2907500119940828    .0
2907500119940829    .0
2907500119940830   3.0
2907500119940831   1.4
2907500119940901    .4
2907500119940902    .4
2907500119940903   3.4
2907500119940904   1.2
2907500119940905    .4
2907500119940906   1.0
2907500119940907  11.6
2907500119940908   5.6
2907500119940909   1.2
2907500119940910   1.8
2907500119940911   5.8
2907500119940912    .2
2907500119940913  23.2
2907500119940914   3.0
2907500119940915   1.2
2907500119940916    .2
2907500119940917    .0
2907500119940918   6.6
2907500119940919   4.0
2907500119940920    .6
2907500119940921   1.6
2907500119940922   1.6
2907500119940923   6.0
2907500119940924   8.2
2907500119940925   5.0
2907500119940926    .0
2907500119940927    .0
2907500119940928    .0
2907500119940929    .0
2907500119940930    .0
2907500119941001    .0
2907500119941002   2.2
2907500119941003    .2
2907500119941004    .0
2907500119941005    .0
2907500119941006    .0
2907500119941007    .0
2907500119941008    .0
2907500119941009    .0
2907500119941010    .0
2907500119941011    .0
2907500119941012    .0
2907500119941013    .0
2907500119941014    .0
2907500119941015    .0
2907500119941016    .0
2907500119941017    .0
2907500119941018  11.8
2907500119941019   1.0
2907500119941020   7.6
2907500119941021  10.2
2907500119941022  18.2
2907500119941023   3.4
2907500119941024  15.8
2907500119941025   5.2
2907500119941026   4.4
2907500119941027   1.2
2907500119941028   9.6
2907500119941029   6.2
2907500119941030  36.6
2907500119941031   4.4
2907500119941101    .2
2907500119941102   6.8
2907500119941103   5.0
2907500119941104    .0
2907500119941105    .6
2907500119941106    .4
2907500119941107    .8
2907500119941108  11.4
2907500119941109   7.4
2907500119941110    .0
2907500119941111   6.4
2907500119941112   2.2
2907500119941113    .4
2907500119941114  10.8
2907500119941115    .4
2907500119941116    .2
2907500119941117   9.6
2907500119941118   2.0
2907500119941119    .4
2907500119941120   2.8
2907500119941121    .0
2907500119941122    .0
2907500119941123    .0
2907500119941124    .0
2907500119941125    .0
2907500119941126    .0
2907500119941127    .8
2907500119941128    .0
2907500119941129    .0
2907500119941130    .0
2907500119941201    .0
2907500119941202   2.2
2907500119941203  14.2
2907500119941204    .4
2907500119941205   3.6
2907500119941206  10.4
2907500119941207   7.2
2907500119941208  24.0
2907500119941209   2.0
2907500119941210    .6
2907500119941211    .0
2907500119941212    .0
2907500119941213   2.4
2907500119941214    .0
2907500119941215   1.4
2907500119941216    .8
2907500119941217  11.2
2907500119941218   2.8
2907500119941219   3.8
2907500119941220  15.6
2907500119941221   4.4
2907500119941222    .0
2907500119941223    .0
2907500119941224    .0
2907500119941225   4.0
2907500119941226   3.6
2907500119941227  28.6
2907500119941228  26.4
2907500119941229  11.2
2907500119941230   5.4
2907500119941231   4.2
2907500119950101   2.6
2907500119950102   1.0
2907500119950103  11.0
2907500119950104  21.4
2907500119950105   4.6
2907500119950106    .4
2907500119950107   1.0
2907500119950108    .6
2907500119950109    .0
2907500119950110   3.2
2907500119950111   1.4
2907500119950112    .0
2907500119950113    .0
2907500119950114    .0
2907500119950115    .2
2907500119950116   4.6
2907500119950117  24.2
2907500119950118   5.6
2907500119950119  18.4
2907500119950120   8.0
2907500119950121  28.2
2907500119950122  23.0
2907500119950123   3.0
2907500119950124  28.0
2907500119950125  36.2
2907500119950126   9.6
2907500119950127  33.0
2907500119950128   3.2
2907500119950129   8.2
2907500119950130    .0
2907500119950131   4.0
2907500119950201   9.0
2907500119950202    .0
2907500119950203  15.0
2907500119950204   1.6
2907500119950205    .4
2907500119950206    .0
2907500119950207   8.0
2907500119950208   3.8
2907500119950209   5.8
2907500119950210  17.2
2907500119950211  19.2
2907500119950212   4.2
2907500119950213  12.4
2907500119950214  18.0
2907500119950215   2.4
2907500119950216  13.0
2907500119950217   4.0
2907500119950218   9.8
2907500119950219  14.0
2907500119950220   8.8
2907500119950221    .2
2907500119950222   9.4
2907500119950223  13.4
2907500119950224  11.8
2907500119950225   2.6
2907500119950226   3.6
2907500119950227    .4
2907500119950228   3.2
2907500119950301   7.0
2907500119950302  13.4
2907500119950303   4.4
2907500119950304   5.6
2907500119950305   5.4
2907500119950306   1.6
2907500119950307  21.0
2907500119950308   1.4
2907500119950309    .0
2907500119950310    .4
2907500119950311    .4
2907500119950312    .0
2907500119950313    .0
2907500119950314   2.2
2907500119950315   4.0
2907500119950316   5.6
2907500119950317   3.0
2907500119950318  17.0
2907500119950319    .6
2907500119950320    .0
2907500119950321    .0
2907500119950322    .0
2907500119950323    .0
2907500119950324    .0
2907500119950325    .0
2907500119950326   1.0
2907500119950327    .2
2907500119950328  10.6
2907500119950329    .0
2907500119950330    .0
2907500119950331    .0
2907500119950401    .0
2907500119950402    .0
2907500119950403    .0
2907500119950404    .0
2907500119950405    .2
2907500119950406    .8
2907500119950407    .0
2907500119950408    .0
2907500119950409    .0
2907500119950410    .0
2907500119950411    .0
2907500119950412    .0
2907500119950413    .0
2907500119950414    .0
2907500119950415    .0
2907500119950416    .0
2907500119950417   2.0
2907500119950418   6.4
2907500119950419   2.2
2907500119950420    .6
2907500119950421   9.2
2907500119950422  31.8
2907500119950423    .2
2907500119950424   3.4
2907500119950425   6.6
2907500119950426    .0
2907500119950427    .0
2907500119950428   2.6
2907500119950429    .0
2907500119950430    .0
2907500119950501    .0
2907500119950502    .0
2907500119950503    .0
2907500119950504    .0
2907500119950505    .0
2907500119950506    .0
2907500119950507    .0
2907500119950508    .0
2907500119950509   1.8
2907500119950510    .0
2907500119950511   7.4
2907500119950512   4.4
2907500119950513    .0
2907500119950514    .0
2907500119950515   4.4
2907500119950516  19.2
2907500119950517   3.8
2907500119950518    .0
2907500119950519    .2
2907500119950520    .0
2907500119950521    .0
2907500119950522    .0
2907500119950523    .2
2907500119950524   4.0
2907500119950525    .4
2907500119950526  11.0
2907500119950527   6.8
2907500119950528    .0
2907500119950529   3.2
2907500119950530    .4
2907500119950531    .6
2907500119950601   4.2
2907500119950602    .6
2907500119950603   3.0
2907500119950604    .2
2907500119950605    .0
2907500119950606    .0
2907500119950607    .2
2907500119950608    .0
2907500119950609    .0
2907500119950610    .2
2907500119950611   1.0
2907500119950612    .0
2907500119950613    .0
2907500119950614    .0
2907500119950615    .0
2907500119950616    .0
2907500119950617  10.2
2907500119950618    .4
2907500119950619    .0
2907500119950620    .2
2907500119950621    .0
2907500119950622    .0
2907500119950623    .0
2907500119950624    .0
2907500119950625    .0
2907500119950626    .0
2907500119950627    .0
2907500119950628    .0
2907500119950629    .0
2907500119950630    .0
2907500119950701  26.2
2907500119950702  16.6
2907500119950703   3.6
2907500119950704    .0
2907500119950705    .0
2907500119950706    .0
2907500119950707    .0
2907500119950708    .0
2907500119950709    .0
2907500119950710   1.4
2907500119950711   6.0
2907500119950712    .0
2907500119950713    .6
2907500119950714   5.2
2907500119950715    .0
2907500119950716   3.8
2907500119950717   2.4
2907500119950718    .0
2907500119950719    .0
2907500119950720    .0
2907500119950721    .0
2907500119950722    .0
2907500119950723    .0
2907500119950724    .0
2907500119950725    .4
2907500119950726  27.8
2907500119950727    .8
2907500119950728    .0
2907500119950729    .0
2907500119950730    .0
2907500119950731    .4
2907500119950801    .2
2907500119950802   3.4
2907500119950803   5.4
2907500119950804    .0
2907500119950805  10.0
2907500119950806   1.2
2907500119950807    .0
2907500119950808    .0
2907500119950809    .0
2907500119950810    .0
2907500119950811    .0
2907500119950812   1.0
2907500119950813    .0
2907500119950814    .0
2907500119950815    .0
2907500119950816    .0
2907500119950817    .0
2907500119950818    .0
2907500119950819    .0
2907500119950820    .0
2907500119950821    .0
2907500119950822    .0
2907500119950823    .4
2907500119950824    .6
2907500119950825    .4
2907500119950826   1.4
2907500119950827    .0
2907500119950828    .0
2907500119950829    .0
2907500119950830    .0
2907500119950831    .0
2907500119950901    .0
2907500119950902    .2
2907500119950903    .6
2907500119950904    .0
2907500119950905    .0
2907500119950906  44.6
2907500119950907  24.4
2907500119950908    .2
2907500119950909  28.6
2907500119950910   9.0
2907500119950911   2.0
2907500119950912  10.2
2907500119950913  16.6
2907500119950914   7.2
2907500119950915    .0
2907500119950916    .0
2907500119950917    .0
2907500119950918  28.6
2907500119950919    .0
2907500119950920    .0
2907500119950921    .0
2907500119950922    .0
2907500119950923    .8
2907500119950924  12.0
2907500119950925    .2
2907500119950926  10.0
2907500119950927   1.2
2907500119950928    .2
2907500119950929  12.0
2907500119950930    .8
2907500119951001   1.0
2907500119951002    .0
2907500119951003  12.0
2907500119951004    .4
2907500119951005    .2
2907500119951006  18.4
2907500119951007    .0
2907500119951008    .0
2907500119951009    .0
2907500119951010    .0
2907500119951011    .0
2907500119951012    .0
2907500119951013    .0
2907500119951014   1.2
2907500119951015    .0
2907500119951016    .0
2907500119951017   1.4
2907500119951018    .0
2907500119951019    .0
2907500119951020    .0
2907500119951021    .0
2907500119951022    .0
2907500119951023    .0
2907500119951024  31.6
2907500119951025   2.4
2907500119951026  10.0
2907500119951027    .4
2907500119951028   1.6
2907500119951029    .0
2907500119951030    .0
2907500119951031    .0
2907500119951101    .0
2907500119951102    .0
2907500119951103    .0
2907500119951104    .0
2907500119951105    .0
2907500119951106    .0
2907500119951107    .0
2907500119951108    .0
2907500119951109   2.0
2907500119951110  15.8
2907500119951111   7.4
2907500119951112    .8
2907500119951113   1.8
2907500119951114  14.2
2907500119951115   1.8
2907500119951116   2.0
2907500119951117   3.0
2907500119951118    .0
2907500119951119    .0
2907500119951120    .0
2907500119951121   4.2
2907500119951122    .2
2907500119951123    .2
2907500119951124   8.4
2907500119951125    .6
2907500119951126   6.4
2907500119951127   2.0
2907500119951128   3.0
2907500119951129   9.2
2907500119951130  12.2
2907500119951201   3.8
2907500119951202   1.4
2907500119951203   2.6
2907500119951204    .2
2907500119951205    .6
2907500119951206    .0
2907500119951207    .4
2907500119951208    .0
2907500119951209    .0
2907500119951210    .0
2907500119951211    .0
2907500119951212    .0
2907500119951213   2.8
2907500119951214    .8
2907500119951215    .4
2907500119951216    .2
2907500119951217   2.8
2907500119951218   1.0
2907500119951219   4.4
2907500119951220   5.2
2907500119951221  13.4
2907500119951222   4.6
2907500119951223   2.4
2907500119951224    .2
2907500119951225    .4
2907500119951226    .0
2907500119951227    .0
2907500119951228    .0
2907500119951229   2.2
2907500119951230   3.4
2907500119951231   1.2
2907500119960101   5.0
2907500119960102    .0
2907500119960103    .0
2907500119960104   1.8
2907500119960105  13.4
2907500119960106   9.4
2907500119960107   9.6
2907500119960108  10.0
2907500119960109  14.4
2907500119960110   7.2
2907500119960111  14.6
2907500119960112   1.2
2907500119960113   3.8
2907500119960114    .4
2907500119960115    .0
2907500119960116    .0
2907500119960117    .0
2907500119960118    .0
2907500119960119   4.0
2907500119960120   1.2
2907500119960121    .0
2907500119960122   1.4
2907500119960123   7.2
2907500119960124    .0
2907500119960125    .0
2907500119960126    .2
2907500119960127    .0
2907500119960128   1.2
2907500119960129   1.0
2907500119960130    .0
2907500119960131    .0
2907500119960201    .0
2907500119960202    .0
2907500119960203    .0
2907500119960204    .0
2907500119960205  30.0
2907500119960206   8.2
2907500119960207  22.0
2907500119960208   3.2
2907500119960209  20.6
2907500119960210  11.0
2907500119960211  10.0
2907500119960212   1.8
2907500119960213    .2
2907500119960214    .4
2907500119960215    .0
2907500119960216    .0
2907500119960217   1.8
2907500119960218  14.6
2907500119960219   1.4
2907500119960220   4.6
2907500119960221   1.2
2907500119960222   8.4
2907500119960223   8.0
2907500119960224  20.2
2907500119960225    .6
2907500119960226    .2
2907500119960227    .0
2907500119960228    .0
2907500119960229    .0
2907500119960301    .0
2907500119960302    .0
2907500119960303    .4
2907500119960304    .6
2907500119960305    .2
2907500119960306    .0
2907500119960307    .6
2907500119960308    .0
2907500119960309    .0
2907500119960310    .0
2907500119960311    .0
2907500119960312    .0
2907500119960313    .0
2907500119960314    .0
2907500119960315   1.6
2907500119960316   1.6
2907500119960317   5.6
2907500119960318    .0
2907500119960319   3.6
2907500119960320  15.4
2907500119960321   1.4
2907500119960322    .6
2907500119960323    .0
2907500119960324   4.0
2907500119960325   3.0
2907500119960326   9.4
2907500119960327    .0
2907500119960328    .0
2907500119960329    .0
2907500119960330    .0
2907500119960331   1.0
2907500119960401    .0
2907500119960402    .0
2907500119960403    .0
2907500119960404    .0
2907500119960405    .0
2907500119960406    .0
2907500119960407    .0
2907500119960408    .0
2907500119960409   8.2
2907500119960410    .0
2907500119960411    .0
2907500119960412   7.0
2907500119960413    .0
2907500119960414   2.2
2907500119960415    .0
2907500119960416  11.2
2907500119960417    .4
2907500119960418    .2
2907500119960419    .0
2907500119960420    .6
2907500119960421   3.0
2907500119960422  16.0
2907500119960423   2.4
2907500119960424    .4
2907500119960425    .0
2907500119960426    .0
2907500119960427    .0
2907500119960428    .0
2907500119960429    .4
2907500119960430  15.0
2907500119960501  15.0
2907500119960502   1.4
2907500119960503    .0
2907500119960504    .0
2907500119960505    .2
2907500119960506   3.8
2907500119960507   2.6
2907500119960508    .0
2907500119960509    .0
2907500119960510    .0
2907500119960511   1.8
2907500119960512    .0
2907500119960513    .0
2907500119960514    .0
2907500119960515   1.0
2907500119960516  19.8
2907500119960517    .8
2907500119960518  45.8
2907500119960519   3.8
2907500119960520    .0
2907500119960521    .0
2907500119960522  22.8
2907500119960523    .6
2907500119960524  13.0
2907500119960525    .6
2907500119960526   2.6
2907500119960527    .0
2907500119960528    .0
2907500119960529    .0
2907500119960530    .0
2907500119960531   1.6
2907500119960601   2.6
2907500119960602    .0
2907500119960603    .4
2907500119960604    .0
2907500119960605    .0
2907500119960606    .0
2907500119960607    .2
2907500119960608    .0
2907500119960609    .6
2907500119960610    .0
2907500119960611    .0
2907500119960612    .0
2907500119960613    .0
2907500119960614    .0
2907500119960615    .0
2907500119960616    .0
2907500119960617    .0
2907500119960618    .0
2907500119960619   1.4
2907500119960620    .0
2907500119960621    .0
2907500119960622    .0
2907500119960623    .0
2907500119960624    .0
2907500119960625    .0
2907500119960626    .4
2907500119960627    .2
2907500119960628   1.2
2907500119960629    .0
2907500119960630   1.8
2907500119960701    .4
2907500119960702   1.0
2907500119960703   3.0
2907500119960704    .0
2907500119960705    .8
2907500119960706    .0
2907500119960707    .2
2907500119960708    .2
2907500119960709    .4
2907500119960710    .0
2907500119960711    .0
2907500119960712   1.0
2907500119960713    .2
2907500119960714    .0
2907500119960715    .0
2907500119960716    .2
2907500119960717    .0
2907500119960718    .0
2907500119960719    .0
2907500119960720    .0
2907500119960721    .0
2907500119960722    .2
2907500119960723    .2
2907500119960724    .2
2907500119960725    .2
2907500119960726    .0
2907500119960727    .4
2907500119960728   2.4
2907500119960729   1.2
2907500119960730    .6
2907500119960731    .2
2907500119960801    .2
2907500119960802    .2
2907500119960803    .0
2907500119960804    .0
2907500119960805   1.4
2907500119960806    .2
2907500119960807    .2
2907500119960808   6.8
2907500119960809  17.2
2907500119960810  12.6
2907500119960811    .4
2907500119960812    .0
2907500119960813    .2
2907500119960814    .4
2907500119960815    .4
2907500119960816    .0
2907500119960817    .0
2907500119960818    .0
2907500119960819   6.2
2907500119960820    .6
2907500119960821    .2
2907500119960822  13.2
2907500119960823   3.4
2907500119960824   9.0
2907500119960825    .8
2907500119960826   4.6
2907500119960827    .2
2907500119960828   1.8
2907500119960829    .0
2907500119960830    .2
2907500119960831    .2
2907500119960901    .2
2907500119960902    .2
2907500119960903    .2
2907500119960904    .2
2907500119960905    .0
2907500119960906    .0
2907500119960907    .4
2907500119960908    .0
2907500119960909    .2
2907500119960910    .0
2907500119960911    .4
2907500119960912    .4
2907500119960913    .0
2907500119960914    .0
2907500119960915    .2
2907500119960916    .0
2907500119960917    .0
2907500119960918    .0
2907500119960919    .4
2907500119960920    .2
2907500119960921    .0
2907500119960922    .2
2907500119960923    .2
2907500119960924   3.6
2907500119960925    .4
2907500119960926  31.2
2907500119960927    .4
2907500119960928    .0
2907500119960929   3.6
2907500119960930  17.4
2907500119961001   7.4
2907500119961002    .2
2907500119961003   2.0
2907500119961004   2.6
2907500119961005    .6
2907500119961006    .0
2907500119961007    .0
2907500119961008   2.6
2907500119961009    .0
2907500119961010    .0
2907500119961011    .0
2907500119961012    .0
2907500119961013  10.6
2907500119961014   1.0
2907500119961015   2.7
2907500119961016   6.4
2907500119961017   2.6
2907500119961018    .0
2907500119961019    .0
2907500119961020   5.8
2907500119961021    .3
2907500119961022    .0
2907500119961023    .2
2907500119961024   3.4
2907500119961025    .4
2907500119961026    .0
2907500119961027   2.0
2907500119961028   2.2
2907500119961029    .0
2907500119961030   2.2
2907500119961031   1.2
2907500119961101    .4
2907500119961102    .0
2907500119961103   7.6
2907500119961104   2.8
2907500119961105   1.6
2907500119961106   3.8
2907500119961107   1.8
2907500119961108    .6
2907500119961109   7.4
2907500119961110    .0
2907500119961111   1.0
2907500119961112   4.2
2907500119961113    .0
2907500119961114    .0
2907500119961115    .0
2907500119961116    .0
2907500119961117   9.6
2907500119961118  25.4
2907500119961119  12.0
2907500119961120   3.8
2907500119961121    .8
2907500119961122   8.8
2907500119961123    .8
2907500119961124  26.6
2907500119961125   8.8
2907500119961126   6.8
2907500119961127   6.4
2907500119961128   6.4
2907500119961129   1.4
2907500119961130   5.0
2907500119961201   2.4
2907500119961202   6.6
2907500119961203  12.4
2907500119961204    .4
2907500119961205   1.6
2907500119961206    .2
2907500119961207    .0
2907500119961208    .2
2907500119961209    .0
2907500119961210    .0
2907500119961211    .0
2907500119961212    .0
2907500119961213   2.0
2907500119961214    .4
2907500119961215    .0
2907500119961216  20.8
2907500119961217   4.6
2907500119961218   6.8
2907500119961219    .4
2907500119961220    .2
2907500119961221   2.2
2907500119961222   2.4
2907500119961223    .0
2907500119961224    .0
2907500119961225    .0
2907500119961226    .0
2907500119961227    .0
2907500119961228    .0
2907500119961229    .0
2907500119961230   4.6
2907500119961231   1.8
2907500119970101    .0
2907500119970102    .0
2907500119970103    .0
2907500119970104   2.6
2907500119970105   1.6
2907500119970106    .0
2907500119970107    .0
2907500119970108    .0
2907500119970109   5.4
2907500119970110   1.8
2907500119970111    .8
2907500119970112    .0
2907500119970113    .0
2907500119970114    .0
2907500119970115    .0
2907500119970116   6.6
2907500119970117    .6
2907500119970118   5.6
2907500119970119   1.2
2907500119970120    .2
2907500119970121   3.2
2907500119970122   2.0
2907500119970123    .2
2907500119970124    .2
2907500119970125    .0
2907500119970126    .2
2907500119970127    .0
2907500119970128    .0
2907500119970129    .0
2907500119970130    .0
2907500119970131    .2
2907500119970201   1.8
2907500119970202   4.8
2907500119970203    .0
2907500119970204  17.2
2907500119970205    .0
2907500119970206    .2
2907500119970207    .8
2907500119970208    .0
2907500119970209    .0
2907500119970210  16.0
2907500119970211  13.2
2907500119970212   9.0
2907500119970213  13.8
2907500119970214  11.0
2907500119970215    .0
2907500119970216   7.8
2907500119970217  15.6
2907500119970218   1.8
2907500119970219   2.2
2907500119970220    .0
2907500119970221    .0
2907500119970222    .0
2907500119970223   6.2
2907500119970224   5.8
2907500119970225   3.8
2907500119970226   2.2
2907500119970227    .0
2907500119970228    .4
2907500119970301   1.0
2907500119970302   1.4
2907500119970303  11.2
2907500119970304   2.8
2907500119970305    .8
2907500119970306    .0
2907500119970307    .0
2907500119970308    .0
2907500119970309    .0
2907500119970310    .0
2907500119970311    .2
2907500119970312    .0
2907500119970313    .2
2907500119970314    .6
2907500119970315    .0
2907500119970316    .4
2907500119970317    .0
2907500119970318   1.0
2907500119970319    .0
2907500119970320    .0
2907500119970321    .0
2907500119970322    .0
2907500119970323   1.2
2907500119970324   2.6
2907500119970325    .2
2907500119970326   3.8
2907500119970327    .0
2907500119970328    .0
2907500119970329    .0
2907500119970330    .0
2907500119970331    .0
2907500119970401    .0
2907500119970402    .0
2907500119970403    .0
2907500119970404    .0
2907500119970405    .0
2907500119970406    .0
2907500119970407    .0
2907500119970408    .0
2907500119970409    .0
2907500119970410    .0
2907500119970411    .0
2907500119970412    .2
2907500119970413    .0
2907500119970414    .0
2907500119970415    .0
2907500119970416    .0
2907500119970417    .0
2907500119970418    .0
2907500119970419    .0
2907500119970420    .0
2907500119970421    .0
2907500119970422    .0
2907500119970423    .0
2907500119970424   3.2
2907500119970425  10.2
2907500119970426   9.0
2907500119970427    .8
2907500119970428    .0
2907500119970429    .0
2907500119970430    .0
2907500119970501    .0
2907500119970502    .0
2907500119970503   7.8
2907500119970504   8.8
2907500119970505   3.4
2907500119970506    .2
2907500119970507   6.0
2907500119970508   9.2
2907500119970509   3.8
2907500119970510   4.8
2907500119970511   1.8
2907500119970512    .0
2907500119970513    .2
2907500119970514    .0
2907500119970515    .4
2907500119970516   1.4
2907500119970517   1.6
2907500119970518  10.4
2907500119970519   3.8
2907500119970520  10.2
2907500119970521   2.6
2907500119970522    .2
2907500119970523    .0
2907500119970524    .0
2907500119970525    .0
2907500119970526    .0
2907500119970527    .0
2907500119970528    .0
2907500119970529    .0
2907500119970530    .0
2907500119970531    .0
2907500119970601    .4
2907500119970602    .0
2907500119970603    .2
2907500119970604  14.4
2907500119970605  13.6
2907500119970606   4.2
2907500119970607   1.2
2907500119970608    .2
2907500119970609   1.4
2907500119970610   4.4
2907500119970611  12.8
2907500119970612   2.6
2907500119970613   3.8
2907500119970614    .2
2907500119970615    .4
2907500119970616    .2
2907500119970617    .2
2907500119970618    .8
2907500119970619   4.6
2907500119970620   6.6
2907500119970621   2.8
2907500119970622   1.0
2907500119970623    .4
2907500119970624  11.8
2907500119970625   6.4
2907500119970626  40.8
2907500119970627   8.6
2907500119970628    .2
2907500119970629    .0
2907500119970630    .2
2907500119970701   1.2
2907500119970702   4.8
2907500119970703   5.0
2907500119970704    .6
2907500119970705    .2
2907500119970706    .2
2907500119970707    .0
2907500119970708    .0
2907500119970709    .2
2907500119970710    .0
2907500119970711    .0
2907500119970712   8.6
2907500119970713    .0
2907500119970714    .0
2907500119970715    .0
2907500119970716    .0
2907500119970717    .0
2907500119970718    .2
2907500119970719    .2
2907500119970720    .0
2907500119970721    .0
2907500119970722    .0
2907500119970723    .2
2907500119970724   7.0
2907500119970725   3.8
2907500119970726   1.0
2907500119970727    .0
2907500119970728    .2
2907500119970729   2.0
2907500119970730    .2
2907500119970731    .0
2907500119970801    .0
2907500119970802    .0
2907500119970803    .6
2907500119970804    .8
2907500119970805    .0
2907500119970806    .0
2907500119970807  29.2
2907500119970808    .0
2907500119970809    .2
2907500119970810   1.6
2907500119970811    .0
2907500119970812   3.2
2907500119970813    .2
2907500119970814    .2
2907500119970815    .0
2907500119970816    .2
2907500119970817    .0
2907500119970818    .0
2907500119970819    .0
2907500119970820    .2
2907500119970821    .0
2907500119970822    .0
2907500119970823   1.0
2907500119970824  16.0
2907500119970825    .2
2907500119970826  13.6
2907500119970827  15.2
2907500119970828  10.2
2907500119970829  11.6
2907500119970830    .2
2907500119970831    .2
2907500119970901    .4
2907500119970902    .2
2907500119970903   2.8
2907500119970904    .0
2907500119970905    .0
2907500119970906    .2
2907500119970907    .0
2907500119970908    .0
2907500119970909    .0
2907500119970910    .2
2907500119970911    .2
2907500119970912   3.4
2907500119970913    .0
2907500119970914    .2
2907500119970915    .0
2907500119970916    .2
2907500119970917    .0
2907500119970918    .0
2907500119970919    .0
2907500119970920    .0
2907500119970921   1.4
2907500119970922    .0
2907500119970923    .0
2907500119970924    .2
2907500119970925    .2
2907500119970926    .0
2907500119970927    .4
2907500119970928    .4
2907500119970929    .2
2907500119970930    .4
2907500119971001    .4
2907500119971002    .4
2907500119971003    .2
2907500119971004    .4
2907500119971005    .2
2907500119971006  11.8
2907500119971007  14.8
2907500119971008  50.6
2907500119971009   8.4
2907500119971010    .4
2907500119971011   4.0
2907500119971012    .8
2907500119971013    .6
2907500119971014   3.0
2907500119971015   1.4
2907500119971016    .8
2907500119971017    .0
2907500119971018    .0
2907500119971019   2.6
2907500119971020   6.4
2907500119971021   2.4
2907500119971022   2.2
2907500119971023    .0
2907500119971024    .0
2907500119971025    .0
2907500119971026    .0
2907500119971027    .0
2907500119971028    .0
2907500119971029    .0
2907500119971030    .0
2907500119971031    .0
2907500119971101    .0
2907500119971102    .0
2907500119971103   5.2
2907500119971104   7.4
2907500119971105   2.8
2907500119971106   2.2
2907500119971107  19.2
2907500119971108  12.2
2907500119971109   8.4
2907500119971110   4.2
2907500119971111    .8
2907500119971112   3.0
2907500119971113    .0
2907500119971114   9.4
2907500119971115   1.8
2907500119971116   2.4
2907500119971117  10.0
2907500119971118   6.6
2907500119971119  15.4
2907500119971120   9.0
2907500119971121   4.2
2907500119971122   2.0
2907500119971123   4.8
2907500119971124   9.4
2907500119971125   1.2
2907500119971126   2.8
2907500119971127  33.2
2907500119971128   9.4
2907500119971129   9.4
2907500119971130   3.0
2907500119971201  10.6
2907500119971202   2.0
2907500119971203   2.0
2907500119971204   1.4
2907500119971205    .0
2907500119971206    .2
2907500119971207   6.8
2907500119971208  10.8
2907500119971209  12.4
2907500119971210   9.2
2907500119971211   3.0
2907500119971212    .0
2907500119971213    .0
2907500119971214    .0
2907500119971215    .0
2907500119971216   3.2
2907500119971217   3.2
2907500119971218    .2
2907500119971219   7.8
2907500119971220   1.4
2907500119971221   3.8
2907500119971222   1.2
2907500119971223   6.6
2907500119971224  21.0
2907500119971225   5.4
2907500119971226   9.4
2907500119971227   3.0
2907500119971228    .0
2907500119971229   6.0
2907500119971230  21.4
2907500119971231   1.2
2907500119980101  30.8
2907500119980102  11.0
2907500119980103   4.4
2907500119980104   8.0
2907500119980105   9.4
2907500119980106   9.2
2907500119980107   3.8
2907500119980108    .0
2907500119980109    .0
2907500119980110    .0
2907500119980111    .6
2907500119980112   1.8
2907500119980113  17.0
2907500119980114  20.2
2907500119980115   4.2
2907500119980116   1.0
2907500119980117  16.2
2907500119980118  11.0
2907500119980119   1.4
2907500119980120    .0
2907500119980121   4.0
2907500119980122    .0
2907500119980123    .0
2907500119980124    .0
2907500119980125   5.0
2907500119980126    .0
2907500119980127    .0
2907500119980128    .0
2907500119980129    .0
2907500119980130    .0
2907500119980131    .0
2907500119980201    .0
2907500119980202    .0
2907500119980203    .0
2907500119980204    .0
2907500119980205    .0
2907500119980206   2.8
2907500119980207    .2
2907500119980208    .0
2907500119980209    .0
2907500119980210    .0
2907500119980211    .0
2907500119980212    .0
2907500119980213    .0
2907500119980214    .0
2907500119980215    .2
2907500119980216    .2
2907500119980217    .0
2907500119980218    .0
2907500119980219    .0
2907500119980220    .4
2907500119980221  11.2
2907500119980222   2.0
2907500119980223    .2
2907500119980224    .2
2907500119980225    .0
2907500119980226    .0
2907500119980227   1.8
2907500119980228   1.8
2907500119980301   2.0
2907500119980302   6.0
2907500119980303  14.2
2907500119980304   4.8
2907500119980305    .4
2907500119980306   3.6
2907500119980307   4.0
2907500119980308   6.0
2907500119980309    .0
2907500119980310   7.8
2907500119980311    .6
2907500119980312    .6
2907500119980313    .4
2907500119980314    .0
2907500119980315    .0
2907500119980316    .0
2907500119980317    .0
2907500119980318    .0
2907500119980319    .0
2907500119980320    .0
2907500119980321    .0
2907500119980322    .0
2907500119980323    .0
2907500119980324    .4
2907500119980325   2.2
2907500119980326    .6
2907500119980327   1.0
2907500119980328    .2
2907500119980329    .4
2907500119980330    .0
2907500119980331    .0
2907500119980401   9.4
2907500119980402  11.2
2907500119980403  12.0
2907500119980404   6.4
2907500119980405   3.0
2907500119980406   1.4
2907500119980407   4.2
2907500119980408   7.6
2907500119980409   8.6
2907500119980410  20.8
2907500119980411   5.8
2907500119980412   3.6
2907500119980413    .6
2907500119980414  17.4
2907500119980415   4.4
2907500119980416  14.8
2907500119980417   3.8
2907500119980418   6.4
2907500119980419  11.4
2907500119980420    .2
2907500119980421   1.8
2907500119980422   2.6
2907500119980423   4.4
2907500119980424   9.6
2907500119980425    .6
2907500119980426   1.0
2907500119980427   1.6
2907500119980428  19.2
2907500119980429   2.8
2907500119980430    .2
2907500119980501    .0
2907500119980502    .0
2907500119980503    .2
2907500119980504    .0
2907500119980505    .6
2907500119980506    .0
2907500119980507    .2
2907500119980508    .0
2907500119980509    .0
2907500119980510    .8
2907500119980511    .2
2907500119980512   2.4
2907500119980513    .6
2907500119980514    .2
2907500119980515    .2
2907500119980516    .0
2907500119980517    .0
2907500119980518    .0
2907500119980519    .0
2907500119980520    .0
2907500119980521    .0
2907500119980522    .2
2907500119980523    .0
2907500119980524    .0
2907500119980525    .0
2907500119980526    .0
2907500119980527    .0
2907500119980528    .2
2907500119980529   6.8
2907500119980530  32.8
2907500119980531   3.2
2907500119980601   2.6
2907500119980602   4.2
2907500119980603    .0
2907500119980604   1.0
2907500119980605   7.9
2907500119980606   4.0
2907500119980607    .0
2907500119980608   8.0
2907500119980609  28.2
2907500119980610   4.4
2907500119980611    .6
2907500119980612  11.8
2907500119980613   3.2
2907500119980614    .2
2907500119980615    .0
2907500119980616    .2
2907500119980617    .0
2907500119980618    .0
2907500119980619    .0
2907500119980620    .0
2907500119980621    .0
2907500119980622    .2
2907500119980623    .0
2907500119980624   7.2
2907500119980625   1.0
2907500119980626   9.8
2907500119980627    .8
2907500119980628    .0
2907500119980629   1.8
2907500119980630    .2
2907500119980701   2.0
2907500119980702    .6
2907500119980703    .0
2907500119980704    .0
2907500119980705    .6
2907500119980706   1.2
2907500119980707    .2
2907500119980708    .0
2907500119980709   1.2
2907500119980710    .6
2907500119980711    .2
2907500119980712   2.8
2907500119980713    .2
2907500119980714    .0
2907500119980715   4.2
2907500119980716   3.4
2907500119980717    .0
2907500119980718    .2
2907500119980719    .0
2907500119980720  21.0
2907500119980721    .4
2907500119980722  13.4
2907500119980723    .2
2907500119980724    .2
2907500119980725    .0
2907500119980726   1.2
2907500119980727   4.4
2907500119980728   3.8
2907500119980729   2.2
2907500119980730    .4
2907500119980731    .2
2907500119980801   4.2
2907500119980802    .0
2907500119980803   3.2
2907500119980804    .2
2907500119980805    .4
2907500119980806    .0
2907500119980807    .4
2907500119980808    .2
2907500119980809    .2
2907500119980810    .0
2907500119980811    .0
2907500119980812    .2
2907500119980813    .2
2907500119980814    .2
2907500119980815    .2
2907500119980816    .0
2907500119980817    .8
2907500119980818    .4
2907500119980819    .2
2907500119980820   3.2
2907500119980821   2.4
2907500119980822   4.0
2907500119980823   1.4
2907500119980824    .4
2907500119980825    .6
2907500119980826    .2
2907500119980827    .0
2907500119980828    .2
2907500119980829    .0
2907500119980830    .0
2907500119980831    .4
2907500119980901   3.4
2907500119980902  28.0
2907500119980903  15.8
2907500119980904  18.0
2907500119980905    .4
2907500119980906   6.2
2907500119980907  12.4
2907500119980908  13.6
2907500119980909   6.0
2907500119980910   1.4
2907500119980911   5.2
2907500119980912  10.2
2907500119980913   3.8
2907500119980914   2.0
2907500119980915   7.2
2907500119980916    .2
2907500119980917    .2
2907500119980918    .2
2907500119980919    .2
2907500119980920    .4
2907500119980921    .4
2907500119980922    .2
2907500119980923   2.0
2907500119980924    .0
2907500119980925   3.8
2907500119980926    .2
2907500119980927    .0
2907500119980928    .0
2907500119980929   4.6
2907500119980930  23.0
2907500119981001   3.4
2907500119981002    .4
2907500119981003    .4
2907500119981004   3.6
2907500119981005    .0
2907500119981006   1.2
2907500119981007    .0
2907500119981008    .0
2907500119981009   4.4
2907500119981010    .8
2907500119981011   5.8
2907500119981012    .0
2907500119981013  20.0
2907500119981014   4.4
2907500119981015   1.2
2907500119981016  16.6
2907500119981017    .4
2907500119981018   2.8
2907500119981019    .0
2907500119981020   1.2
2907500119981021   9.0
2907500119981022  24.4
2907500119981023   6.0
2907500119981024  45.2
2907500119981025   5.8
2907500119981026   1.8
2907500119981027   9.8
2907500119981028  18.8
2907500119981029   1.0
2907500119981030   4.6
2907500119981031  23.6
2907500119981101    .2
2907500119981102   2.4
2907500119981103   4.4
2907500119981104   1.0
2907500119981105    .8
2907500119981106    .2
2907500119981107   2.0
2907500119981108  13.6
2907500119981109   3.0
2907500119981110   1.0
2907500119981111  20.6
2907500119981112   5.2
2907500119981113   7.0
2907500119981114   2.2
2907500119981115    .2
2907500119981116    .0
2907500119981117    .0
2907500119981118    .0
2907500119981119   5.6
2907500119981120    .6
2907500119981121    .0
2907500119981122   2.6
2907500119981123   1.2
2907500119981124   9.0
2907500119981125   3.0
2907500119981126    .2
2907500119981127   2.2
2907500119981128   6.8
2907500119981129   3.0
2907500119981130    .0
2907500119981201    .0
2907500119981202    .0
2907500119981203    .4
2907500119981204   1.0
2907500119981205   2.0
2907500119981206   2.6
2907500119981207    .2
2907500119981208  51.6
2907500119981209   5.8
2907500119981210   1.6
2907500119981211   8.4
2907500119981212   7.2
2907500119981213    .6
2907500119981214    .6
2907500119981215    .6
2907500119981216    .0
2907500119981217   5.2
2907500119981218   2.0
2907500119981219  28.0
2907500119981220    .8
2907500119981221   4.2
2907500119981222   1.4
2907500119981223  14.6
2907500119981224   5.6
2907500119981225   9.0
2907500119981226  45.4
2907500119981227   6.0
2907500119981228   7.8
2907500119981229    .4
2907500119981230    .2
2907500119981231   3.6
