3106900119940101   6.6
3106900119940102   1.4
3106900119940103    .6
3106900119940104    .0
3106900119940105    .0
3106900119940106   1.8
3106900119940107   8.8
3106900119940108    .4
3106900119940109    .0
3106900119940110   7.2
3106900119940111    .2
3106900119940112    .4
3106900119940113    .0
3106900119940114   1.2
3106900119940115   5.2
3106900119940116   1.6
3106900119940117    .6
3106900119940118    .0
3106900119940119    .0
3106900119940120    .0
3106900119940121    .0
3106900119940122    .0
3106900119940123    .0
3106900119940124    .0
3106900119940125   1.6
3106900119940126    .2
3106900119940127   2.2
3106900119940128    .2
3106900119940129    .0
3106900119940130    .0
3106900119940131    .0
3106900119940201    .0
3106900119940202    .0
3106900119940203  20.0
3106900119940204   7.4
3106900119940205   1.2
3106900119940206    .0
3106900119940207   5.2
3106900119940208   1.8
3106900119940209   2.6
3106900119940210   1.6
3106900119940211   8.6
3106900119940212   2.0
3106900119940213    .0
3106900119940214    .4
3106900119940215    .0
3106900119940216    .0
3106900119940217    .0
3106900119940218   8.4
3106900119940219   2.6
3106900119940220   5.6
3106900119940221   1.8
3106900119940222    .0
3106900119940223   2.4
3106900119940224    .2
3106900119940225    .0
3106900119940226    .0
3106900119940227    .0
3106900119940228    .2
3106900119940301   1.2
3106900119940302    .6
3106900119940303    .0
3106900119940304    .0
3106900119940305    .2
3106900119940306    .2
3106900119940307    .0
3106900119940308    .0
3106900119940309    .0
3106900119940310    .0
3106900119940311   1.8
3106900119940312   2.8
3106900119940313   1.2
3106900119940314    .2
3106900119940315    .0
3106900119940316    .0
3106900119940317    .0
3106900119940318    .0
3106900119940319    .0
3106900119940320    .0
3106900119940321   6.0
3106900119940322    .0
3106900119940323    .0
3106900119940324    .0
3106900119940325    .2
3106900119940326    .2
3106900119940327    .0
3106900119940328    .0
3106900119940329    .0
3106900119940330    .0
3106900119940331    .0
3106900119940401   6.4
3106900119940402  11.0
3106900119940403   2.6
3106900119940404   1.0
3106900119940405  10.4
3106900119940406  15.4
3106900119940407   2.4
3106900119940408   1.2
3106900119940409  21.0
3106900119940410   6.4
3106900119940411   3.2
3106900119940412    .0
3106900119940413   1.2
3106900119940414   1.4
3106900119940415    .0
3106900119940416   3.4
3106900119940417   5.0
3106900119940418    .8
3106900119940419    .0
3106900119940420   4.6
3106900119940421    .0
3106900119940422    .0
3106900119940423    .0
3106900119940424  10.6
3106900119940425   2.2
3106900119940426    .0
3106900119940427    .0
3106900119940428    .0
3106900119940429    .0
3106900119940430    .0
3106900119940501    .0
3106900119940502    .0
3106900119940503    .6
3106900119940504    .2
3106900119940505    .0
3106900119940506    .0
3106900119940507  24.2
3106900119940508   2.4
3106900119940509    .0
3106900119940510    .0
3106900119940511  14.8
3106900119940512    .0
3106900119940513   7.8
3106900119940514    .0
3106900119940515    .0
3106900119940516  13.4
3106900119940517    .8
3106900119940518   2.2
3106900119940519    .0
3106900119940520    .0
3106900119940521   2.0
3106900119940522   9.4
3106900119940523    .0
3106900119940524   4.8
3106900119940525    .0
3106900119940526    .0
3106900119940527    .0
3106900119940528    .0
3106900119940529    .0
3106900119940530    .0
3106900119940531    .0
3106900119940601    .0
3106900119940602    .2
3106900119940603    .0
3106900119940604    .8
3106900119940605    .0
3106900119940606    .0
3106900119940607    .0
3106900119940608   3.4
3106900119940609    .0
3106900119940610    .0
3106900119940611    .0
3106900119940612    .0
3106900119940613    .0
3106900119940614    .0
3106900119940615    .0
3106900119940616    .0
3106900119940617    .0
3106900119940618    .2
3106900119940619    .8
3106900119940620    .0
3106900119940621    .0
3106900119940622    .0
3106900119940623    .0
3106900119940624    .4
3106900119940625  42.0
3106900119940626  18.6
3106900119940627    .0
3106900119940628    .0
3106900119940629    .0
3106900119940630    .0
3106900119940701    .8
3106900119940702    .0
3106900119940703    .0
3106900119940704    .0
3106900119940705    .0
3106900119940706    .0
3106900119940707    .0
3106900119940708    .0
3106900119940709    .0
3106900119940710    .0
3106900119940711    .0
3106900119940712    .0
3106900119940713    .0
3106900119940714    .0
3106900119940715    .0
3106900119940716    .0
3106900119940717    .0
3106900119940718    .0
3106900119940719    .0
3106900119940720    .0
3106900119940721    .0
3106900119940722    .0
3106900119940723    .0
3106900119940724    .0
3106900119940725    .6
3106900119940726    .0
3106900119940727    .0
3106900119940728    .2
3106900119940729    .0
3106900119940730    .0
3106900119940731  17.4
3106900119940801    .0
3106900119940802    .0
3106900119940803    .0
3106900119940804    .0
3106900119940805    .0
3106900119940806    .0
3106900119940807    .0
3106900119940808    .0
3106900119940809    .0
3106900119940810    .0
3106900119940811    .0
3106900119940812    .0
3106900119940813    .0
3106900119940814    .0
3106900119940815    .0
3106900119940816    .8
3106900119940817   2.4
3106900119940818    .0
3106900119940819    .0
3106900119940820    .0
3106900119940821    .0
3106900119940822    .0
3106900119940823    .0
3106900119940824    .0
3106900119940825   7.4
3106900119940826    .4
3106900119940827    .0
3106900119940828    .0
3106900119940829    .0
3106900119940830    .0
3106900119940831    .6
3106900119940901    .4
3106900119940902    .0
3106900119940903    .0
3106900119940904    .0
3106900119940905    .0
3106900119940906    .0
3106900119940907  21.8
3106900119940908   1.8
3106900119940909   1.6
3106900119940910   2.2
3106900119940911    .0
3106900119940912   3.2
3106900119940913   3.4
3106900119940914  16.6
3106900119940915   3.4
3106900119940916   2.2
3106900119940917    .6
3106900119940918    .0
3106900119940919   5.4
3106900119940920  11.6
3106900119940921  16.4
3106900119940922    .6
3106900119940923   4.8
3106900119940924    .0
3106900119940925    .0
3106900119940926   5.0
3106900119940927    .8
3106900119940928    .0
3106900119940929  16.6
3106900119940930    .6
3106900119941001    .0
3106900119941002    .4
3106900119941003  12.4
3106900119941004    .0
3106900119941005    .0
3106900119941006    .0
3106900119941007    .0
3106900119941008    .0
3106900119941009    .0
3106900119941010    .6
3106900119941011    .0
3106900119941012   1.0
3106900119941013    .0
3106900119941014    .0
3106900119941015    .0
3106900119941016    .0
3106900119941017    .0
3106900119941018    .0
3106900119941019   3.2
3106900119941020    .0
3106900119941021    .0
3106900119941022   2.8
3106900119941023    .4
3106900119941024    .0
3106900119941025   1.8
3106900119941026    .8
3106900119941027   6.4
3106900119941028    .4
3106900119941029    .0
3106900119941030    .0
3106900119941031    .0
3106900119941101    .0
3106900119941102    .0
3106900119941103    .0
3106900119941104   8.4
3106900119941105    .2
3106900119941106    .0
3106900119941107    .0
3106900119941108    .0
3106900119941109  10.2
3106900119941110   2.8
3106900119941111   2.8
3106900119941112   3.0
3106900119941113    .0
3106900119941114    .0
3106900119941115    .0
3106900119941116   2.0
3106900119941117    .4
3106900119941118    .4
3106900119941119    .0
3106900119941120    .0
3106900119941121    .0
3106900119941122    .0
3106900119941123    .0
3106900119941124    .0
3106900119941125    .0
3106900119941126    .0
3106900119941127    .0
3106900119941128    .0
3106900119941129    .0
3106900119941130    .0
3106900119941201    .0
3106900119941202    .0
3106900119941203    .0
3106900119941204    .0
3106900119941205   2.6
3106900119941206    .0
3106900119941207   2.4
3106900119941208    .0
3106900119941209   3.0
3106900119941210   1.4
3106900119941211    .0
3106900119941212    .0
3106900119941213    .0
3106900119941214    .0
3106900119941215    .0
3106900119941216    .0
3106900119941217    .0
3106900119941218   5.0
3106900119941219    .0
3106900119941220    .0
3106900119941221  10.0
3106900119941222    .0
3106900119941223    .2
3106900119941224    .2
3106900119941225    .0
3106900119941226    .0
3106900119941227    .0
3106900119941228    .0
3106900119941229    .0
3106900119941230   7.4
3106900119941231  16.8
3106900119950101    .4
3106900119950102    .2
3106900119950103    .0
3106900119950104    .0
3106900119950105   8.0
3106900119950106   1.8
3106900119950107    .0
3106900119950108  11.0
3106900119950109    .4
3106900119950110   2.2
3106900119950111  18.4
3106900119950112    .0
3106900119950113    .0
3106900119950114    .0
3106900119950115    .0
3106900119950116    .0
3106900119950117    .0
3106900119950118  10.6
3106900119950119    .0
3106900119950120   1.0
3106900119950121    .0
3106900119950122    .4
3106900119950123   3.4
3106900119950124   1.8
3106900119950125    .0
3106900119950126   2.0
3106900119950127   1.6
3106900119950128   1.4
3106900119950129   9.2
3106900119950130   1.6
3106900119950131    .0
3106900119950201    .2
3106900119950202    .0
3106900119950203    .0
3106900119950204   1.0
3106900119950205    .2
3106900119950206    .0
3106900119950207    .0
3106900119950208   1.6
3106900119950209   5.2
3106900119950210   2.0
3106900119950211   2.4
3106900119950212    .8
3106900119950213   3.0
3106900119950214   2.4
3106900119950215   3.0
3106900119950216    .0
3106900119950217   6.0
3106900119950218   1.0
3106900119950219    .0
3106900119950220    .0
3106900119950221  10.6
3106900119950222    .0
3106900119950223   2.2
3106900119950224   5.8
3106900119950225  11.4
3106900119950226    .2
3106900119950227    .0
3106900119950228    .0
3106900119950301    .4
3106900119950302    .2
3106900119950303   6.6
3106900119950304   1.6
3106900119950305  13.6
3106900119950306   1.6
3106900119950307    .2
3106900119950308   1.2
3106900119950309    .0
3106900119950310    .0
3106900119950311    .0
3106900119950312    .0
3106900119950313    .0
3106900119950314    .0
3106900119950315   4.4
3106900119950316   1.6
3106900119950317    .0
3106900119950318    .0
3106900119950319   3.0
3106900119950320    .0
3106900119950321    .0
3106900119950322    .0
3106900119950323    .0
3106900119950324    .0
3106900119950325    .0
3106900119950326    .0
3106900119950327   1.8
3106900119950328    .2
3106900119950329   3.2
3106900119950330    .0
3106900119950331    .0
3106900119950401    .0
3106900119950402    .0
3106900119950403    .0
3106900119950404    .0
3106900119950405    .0
3106900119950406    .0
3106900119950407    .0
3106900119950408    .0
3106900119950409    .0
3106900119950410    .0
3106900119950411    .0
3106900119950412    .0
3106900119950413    .0
3106900119950414    .0
3106900119950415    .2
3106900119950416   2.4
3106900119950417    .0
3106900119950418    .0
3106900119950419    .4
3106900119950420    .0
3106900119950421   1.2
3106900119950422   4.0
3106900119950423    .0
3106900119950424  20.0
3106900119950425   4.4
3106900119950426    .0
3106900119950427    .0
3106900119950428    .0
3106900119950429    .0
3106900119950430    .0
3106900119950501    .0
3106900119950502    .0
3106900119950503    .0
3106900119950504    .0
3106900119950505    .0
3106900119950506    .0
3106900119950507    .0
3106900119950508    .0
3106900119950509    .0
3106900119950510    .0
3106900119950511  17.0
3106900119950512   8.4
3106900119950513   3.0
3106900119950514    .0
3106900119950515   1.4
3106900119950516   6.4
3106900119950517   4.2
3106900119950518   2.0
3106900119950519    .0
3106900119950520    .0
3106900119950521    .0
3106900119950522    .0
3106900119950523    .0
3106900119950524    .0
3106900119950525  21.4
3106900119950526    .0
3106900119950527    .0
3106900119950528    .0
3106900119950529    .0
3106900119950530   3.6
3106900119950531    .0
3106900119950601    .2
3106900119950602    .0
3106900119950603    .0
3106900119950604    .0
3106900119950605    .0
3106900119950606    .0
3106900119950607    .0
3106900119950608    .0
3106900119950609   5.2
3106900119950610    .4
3106900119950611   3.8
3106900119950612   6.0
3106900119950613    .0
3106900119950614    .0
3106900119950615    .0
3106900119950616    .0
3106900119950617    .0
3106900119950618    .0
3106900119950619    .0
3106900119950620   8.0
3106900119950621  23.0
3106900119950622    .0
3106900119950623    .0
3106900119950624    .0
3106900119950625    .0
3106900119950626    .0
3106900119950627    .0
3106900119950628   2.2
3106900119950629    .0
3106900119950630    .0
3106900119950701    .0
3106900119950702   7.4
3106900119950703   2.6
3106900119950704    .0
3106900119950705    .4
3106900119950706    .0
3106900119950707    .0
3106900119950708    .0
3106900119950709    .0
3106900119950710   4.0
3106900119950711    .0
3106900119950712    .0
3106900119950713  51.8
3106900119950714    .0
3106900119950715    .0
3106900119950716    .0
3106900119950717    .0
3106900119950718    .0
3106900119950719    .0
3106900119950720    .0
3106900119950721    .0
3106900119950722    .2
3106900119950723    .0
3106900119950724    .0
3106900119950725    .0
3106900119950726    .0
3106900119950727    .0
3106900119950728    .0
3106900119950729    .0
3106900119950730    .0
3106900119950731    .0
3106900119950801    .0
3106900119950802    .0
3106900119950803    .0
3106900119950804  10.6
3106900119950805    .0
3106900119950806  10.0
3106900119950807    .0
3106900119950808    .0
3106900119950809    .0
3106900119950810    .2
3106900119950811    .0
3106900119950812    .0
3106900119950813    .0
3106900119950814    .0
3106900119950815    .0
3106900119950816    .0
3106900119950817    .0
3106900119950818    .0
3106900119950819    .0
3106900119950820    .0
3106900119950821    .0
3106900119950822    .0
3106900119950823    .4
3106900119950824    .0
3106900119950825    .2
3106900119950826    .2
3106900119950827    .0
3106900119950828    .0
3106900119950829    .0
3106900119950830    .0
3106900119950831    .0
3106900119950901    .0
3106900119950902    .0
3106900119950903    .0
3106900119950904    .0
3106900119950905    .0
3106900119950906    .0
3106900119950907   2.0
3106900119950908   1.0
3106900119950909    .0
3106900119950910   1.0
3106900119950911    .4
3106900119950912   9.0
3106900119950913   7.4
3106900119950914   2.8
3106900119950915    .0
3106900119950916    .8
3106900119950917   3.8
3106900119950918  20.0
3106900119950919  17.6
3106900119950920    .8
3106900119950921    .4
3106900119950922    .0
3106900119950923    .0
3106900119950924   1.0
3106900119950925    .4
3106900119950926    .0
3106900119950927    .2
3106900119950928    .6
3106900119950929    .0
3106900119950930   2.0
3106900119951001    .8
3106900119951002    .8
3106900119951003    .0
3106900119951004    .8
3106900119951005   6.6
3106900119951006    .0
3106900119951007    .0
3106900119951008    .0
3106900119951009    .0
3106900119951010    .0
3106900119951011    .0
3106900119951012    .0
3106900119951013    .0
3106900119951014  19.6
3106900119951015   1.0
3106900119951016    .0
3106900119951017    .0
3106900119951018    .2
3106900119951019    .0
3106900119951020    .0
3106900119951021    .0
3106900119951022    .0
3106900119951023    .0
3106900119951024    .0
3106900119951025    .0
3106900119951026    .0
3106900119951027    .0
3106900119951028    .4
3106900119951029   1.0
3106900119951030    .0
3106900119951031    .0
3106900119951101    .0
3106900119951102    .0
3106900119951103    .0
3106900119951104    .0
3106900119951105    .0
3106900119951106    .0
3106900119951107    .0
3106900119951108    .0
3106900119951109    .0
3106900119951110    .0
3106900119951111    .0
3106900119951112   2.6
3106900119951113    .0
3106900119951114    .2
3106900119951115    .6
3106900119951116    .2
3106900119951117   3.4
3106900119951118    .0
3106900119951119    .0
3106900119951120    .0
3106900119951121  11.4
3106900119951122  15.2
3106900119951123    .0
3106900119951124    .0
3106900119951125    .0
3106900119951126    .8
3106900119951127    .0
3106900119951128    .0
3106900119951129    .0
3106900119951130    .0
3106900119951201    .0
3106900119951202  23.0
3106900119951203   5.6
3106900119951204   9.4
3106900119951205    .0
3106900119951206    .0
3106900119951207   1.0
3106900119951208   2.4
3106900119951209    .0
3106900119951210    .0
3106900119951211    .0
3106900119951212    .0
3106900119951213    .0
3106900119951214    .2
3106900119951215    .0
3106900119951216    .8
3106900119951217    .0
3106900119951218    .0
3106900119951219    .0
3106900119951220    .0
3106900119951221    .0
3106900119951222    .8
3106900119951223   3.8
3106900119951224  13.0
3106900119951225   2.6
3106900119951226   7.8
3106900119951227   2.8
3106900119951228    .8
3106900119951229   2.8
3106900119951230    .4
3106900119951231   2.8
3106900119960101   2.6
3106900119960102   1.2
3106900119960103    .0
3106900119960104    .0
3106900119960105   9.6
3106900119960106   1.8
3106900119960107   1.4
3106900119960108    .0
3106900119960109   8.2
3106900119960110  10.4
3106900119960111    .2
3106900119960112    .2
3106900119960113    .0
3106900119960114    .0
3106900119960115    .0
3106900119960116    .0
3106900119960117    .0
3106900119960118    .0
3106900119960119    .0
3106900119960120    .0
3106900119960121    .0
3106900119960122    .0
3106900119960123    .0
3106900119960124   8.0
3106900119960125   7.2
3106900119960126    .0
3106900119960127    .0
3106900119960128    .0
3106900119960129    .2
3106900119960130    .0
3106900119960131    .0
3106900119960201    .0
3106900119960202    .2
3106900119960203    .0
3106900119960204    .4
3106900119960205   5.4
3106900119960206   7.4
3106900119960207  10.2
3106900119960208    .0
3106900119960209   1.6
3106900119960210    .2
3106900119960211   1.0
3106900119960212   4.0
3106900119960213   5.0
3106900119960214    .0
3106900119960215    .0
3106900119960216    .0
3106900119960217    .0
3106900119960218   7.4
3106900119960219   2.0
3106900119960220   1.0
3106900119960221    .6
3106900119960222   1.2
3106900119960223   4.8
3106900119960224    .0
3106900119960225    .0
3106900119960226   7.8
3106900119960227    .0
3106900119960228    .0
3106900119960229    .0
3106900119960301    .2
3106900119960302    .0
3106900119960303    .0
3106900119960304    .0
3106900119960305    .0
3106900119960306    .0
3106900119960307    .0
3106900119960308    .0
3106900119960309    .0
3106900119960310    .0
3106900119960311    .0
3106900119960312    .0
3106900119960313    .0
3106900119960314  14.0
3106900119960315  19.6
3106900119960316   1.6
3106900119960317    .0
3106900119960318    .0
3106900119960319    .2
3106900119960320    .4
3106900119960321    .0
3106900119960322    .0
3106900119960323    .0
3106900119960324    .0
3106900119960325    .0
3106900119960326   4.6
3106900119960327  23.6
3106900119960328    .0
3106900119960329    .0
3106900119960330    .0
3106900119960331    .0
3106900119960401   7.0
3106900119960402    .0
3106900119960403    .0
3106900119960404    .0
3106900119960405    .0
3106900119960406    .0
3106900119960407    .0
3106900119960408    .0
3106900119960409    .0
3106900119960410    .0
3106900119960411    .0
3106900119960412    .0
3106900119960413    .2
3106900119960414    .0
3106900119960415    .0
3106900119960416  17.4
3106900119960417   8.2
3106900119960418    .0
3106900119960419    .0
3106900119960420    .0
3106900119960421    .0
3106900119960422  12.4
3106900119960423    .2
3106900119960424    .0
3106900119960425    .0
3106900119960426    .0
3106900119960427    .6
3106900119960428   7.0
3106900119960429   7.8
3106900119960430    .6
3106900119960501   2.4
3106900119960502   8.0
3106900119960503    .0
3106900119960504    .0
3106900119960505    .0
3106900119960506    .0
3106900119960507  10.2
3106900119960508   2.8
3106900119960509   7.0
3106900119960510    .0
3106900119960511  18.6
3106900119960512   1.4
3106900119960513    .0
3106900119960514    .0
3106900119960515    .0
3106900119960516    .0
3106900119960517   1.8
3106900119960518   6.4
3106900119960519   1.4
3106900119960520    .2
3106900119960521    .0
3106900119960522    .0
3106900119960523    .0
3106900119960524   2.4
3106900119960525    .0
3106900119960526    .0
3106900119960527    .0
3106900119960528    .0
3106900119960529    .0
3106900119960530    .0
3106900119960531   2.6
3106900119960601   4.6
3106900119960602   6.4
3106900119960603    .0
3106900119960604    .0
3106900119960605    .0
3106900119960606    .0
3106900119960607    .0
3106900119960608    .0
3106900119960609    .0
3106900119960610    .0
3106900119960611    .0
3106900119960612    .0
3106900119960613    .0
3106900119960614    .0
3106900119960615    .0
3106900119960616    .0
3106900119960617    .0
3106900119960618   1.4
3106900119960619    .0
3106900119960620   1.4
3106900119960621   9.2
3106900119960622    .6
3106900119960623    .6
3106900119960624  10.0
3106900119960625    .0
3106900119960626    .0
3106900119960627    .0
3106900119960628    .0
3106900119960629    .0
3106900119960630    .0
3106900119960701   5.2
3106900119960702   1.0
3106900119960703    .0
3106900119960704   2.0
3106900119960705   5.0
3106900119960706    .0
3106900119960707   8.6
3106900119960708    .0
3106900119960709    .0
3106900119960710    .0
3106900119960711    .0
3106900119960712    .0
3106900119960713    .0
3106900119960714    .0
3106900119960715    .0
3106900119960716    .0
3106900119960717    .0
3106900119960718    .0
3106900119960719    .0
3106900119960720    .0
3106900119960721    .0
3106900119960722    .0
3106900119960723    .0
3106900119960724    .0
3106900119960725   4.0
3106900119960726    .0
3106900119960727  32.6
3106900119960728    .0
3106900119960729    .0
3106900119960730    .0
3106900119960731    .0
3106900119960801    .0
3106900119960802    .0
3106900119960803    .0
3106900119960804  14.2
3106900119960805    .0
3106900119960806   2.8
3106900119960807   2.2
3106900119960808    .0
3106900119960809    .0
3106900119960810    .0
3106900119960811    .8
3106900119960812    .2
3106900119960813    .0
3106900119960814    .0
3106900119960815    .0
3106900119960816    .0
3106900119960817    .0
3106900119960818    .0
3106900119960819    .0
3106900119960820   4.8
3106900119960821   8.4
3106900119960822    .0
3106900119960823   1.0
3106900119960824    .0
3106900119960825    .2
3106900119960826   5.4
3106900119960827  15.2
3106900119960828    .0
3106900119960829    .0
3106900119960830    .0
3106900119960831    .0
3106900119960901    .0
3106900119960902    .0
3106900119960903    .0
3106900119960904    .0
3106900119960905    .0
3106900119960906    .0
3106900119960907    .0
3106900119960908    .0
3106900119960909    .0
3106900119960910    .0
3106900119960911    .0
3106900119960912    .0
3106900119960913    .0
3106900119960914    .0
3106900119960915    .0
3106900119960916    .8
3106900119960917   6.2
3106900119960918   3.4
3106900119960919    .0
3106900119960920   2.0
3106900119960921   4.8
3106900119960922    .0
3106900119960923    .4
3106900119960924   3.6
3106900119960925   9.4
3106900119960926    .4
3106900119960927   2.0
3106900119960928    .0
3106900119960929    .0
3106900119960930   2.0
3106900119961001   1.2
3106900119961002   2.2
3106900119961003    .0
3106900119961004    .4
3106900119961005    .8
3106900119961006   1.6
3106900119961007    .0
3106900119961008    .0
3106900119961009    .2
3106900119961010    .0
3106900119961011    .0
3106900119961012    .0
3106900119961013    .0
3106900119961014  32.2
3106900119961015   1.2
3106900119961016   2.2
3106900119961017    .0
3106900119961018    .8
3106900119961019    .0
3106900119961020    .0
3106900119961021    .0
3106900119961022    .2
3106900119961023    .0
3106900119961024    .0
3106900119961025    .0
3106900119961026    .0
3106900119961027    .0
3106900119961028   1.4
3106900119961029   3.6
3106900119961030    .0
3106900119961031    .0
3106900119961101    .0
3106900119961102    .0
3106900119961103    .0
3106900119961104   4.0
3106900119961105   2.4
3106900119961106    .0
3106900119961107   1.4
3106900119961108    .0
3106900119961109    .0
3106900119961110    .0
3106900119961111    .0
3106900119961112   6.2
3106900119961113    .0
3106900119961114    .0
3106900119961115    .0
3106900119961116  15.0
3106900119961117   5.4
3106900119961118   1.8
3106900119961119  11.8
3106900119961120  20.2
3106900119961121   2.2
3106900119961122   9.6
3106900119961123   4.6
3106900119961124   2.2
3106900119961125  22.6
3106900119961126   8.4
3106900119961127   3.6
3106900119961128    .0
3106900119961129   2.8
3106900119961130  21.8
3106900119961201    .8
3106900119961202    .0
3106900119961203    .0
3106900119961204    .0
3106900119961205    .0
3106900119961206   9.4
3106900119961207   7.8
3106900119961208   5.0
3106900119961209   4.8
3106900119961210    .0
3106900119961211    .0
3106900119961212    .0
3106900119961213    .0
3106900119961214   1.6
3106900119961215    .0
3106900119961216    .0
3106900119961217    .0
3106900119961218    .0
3106900119961219  13.0
3106900119961220    .0
3106900119961221    .2
3106900119961222    .6
3106900119961223    .0
3106900119961224   5.0
3106900119961225   2.0
3106900119961226    .0
3106900119961227    .0
3106900119961228    .0
3106900119961229    .0
3106900119961230    .0
3106900119961231    .4
3106900119970101   2.2
3106900119970102   1.1
3106900119970103  32.0
3106900119970104   4.0
3106900119970105    .0
3106900119970106    .4
3106900119970107    .0
3106900119970108    .4
3106900119970109   1.6
3106900119970110    .0
3106900119970111    .0
3106900119970112    .0
3106900119970113    .0
3106900119970114    .0
3106900119970115    .0
3106900119970116    .0
3106900119970117  14.0
3106900119970118    .4
3106900119970119   1.2
3106900119970120    .0
3106900119970121    .0
3106900119970122    .0
3106900119970123    .0
3106900119970124   2.8
3106900119970125    .0
3106900119970126    .0
3106900119970127    .2
3106900119970128    .0
3106900119970129    .0
3106900119970130    .0
3106900119970131    .0
3106900119970201    .0
3106900119970202   4.0
3106900119970203    .6
3106900119970204    .0
3106900119970205    .4
3106900119970206    .0
3106900119970207    .0
3106900119970208    .0
3106900119970209    .0
3106900119970210    .0
3106900119970211    .6
3106900119970212    .0
3106900119970213   4.2
3106900119970214  16.0
3106900119970215    .2
3106900119970216    .0
3106900119970217    .0
3106900119970218    .0
3106900119970219    .0
3106900119970220    .6
3106900119970221    .0
3106900119970222    .0
3106900119970223    .0
3106900119970224    .0
3106900119970225    .0
3106900119970226    .0
3106900119970227    .0
3106900119970228    .0
3106900119970301    .0
3106900119970302    .0
3106900119970303    .2
3106900119970304    .0
3106900119970305    .0
3106900119970306    .0
3106900119970307    .0
3106900119970308    .0
3106900119970309    .0
3106900119970310    .0
3106900119970311    .0
3106900119970312    .0
3106900119970313    .0
3106900119970314   2.0
3106900119970315    .0
3106900119970316    .0
3106900119970317    .0
3106900119970318    .0
3106900119970319    .2
3106900119970320    .0
3106900119970321    .0
3106900119970322    .0
3106900119970323    .0
3106900119970324  11.0
3106900119970325    .0
3106900119970326    .0
3106900119970327    .0
3106900119970328    .0
3106900119970329    .0
3106900119970330    .0
3106900119970331    .0
3106900119970401    .0
3106900119970402    .0
3106900119970403    .0
3106900119970404    .0
3106900119970405    .0
3106900119970406    .0
3106900119970407    .0
3106900119970408    .0
3106900119970409    .0
3106900119970410    .0
3106900119970411    .0
3106900119970412    .0
3106900119970413    .0
3106900119970414    .0
3106900119970415    .0
3106900119970416    .0
3106900119970417    .0
3106900119970418    .0
3106900119970419   8.0
3106900119970420    .0
3106900119970421    .0
3106900119970422    .0
3106900119970423    .0
3106900119970424    .0
3106900119970425    .0
3106900119970426   6.8
3106900119970427   1.0
3106900119970428   3.2
3106900119970429    .0
3106900119970430    .0
3106900119970501    .0
3106900119970502    .0
3106900119970503    .2
3106900119970504   9.0
3106900119970505   9.0
3106900119970506   3.6
3106900119970507   6.2
3106900119970508   1.6
3106900119970509    .2
3106900119970510    .0
3106900119970511  22.4
3106900119970512    .0
3106900119970513    .0
3106900119970514    .0
3106900119970515    .0
3106900119970516    .0
3106900119970517  21.8
3106900119970518    .0
3106900119970519   2.6
3106900119970520   1.2
3106900119970521   1.8
3106900119970522    .0
3106900119970523    .0
3106900119970524    .0
3106900119970525    .0
3106900119970526    .2
3106900119970527    .0
3106900119970528    .0
3106900119970529    .0
3106900119970530    .0
3106900119970531  12.8
3106900119970601   4.4
3106900119970602   1.6
3106900119970603    .2
3106900119970604   3.8
3106900119970605    .0
3106900119970606    .0
3106900119970607    .0
3106900119970608    .0
3106900119970609    .0
3106900119970610    .0
3106900119970611    .0
3106900119970612    .0
3106900119970613  13.6
3106900119970614   5.8
3106900119970615   1.6
3106900119970616    .2
3106900119970617    .0
3106900119970618    .0
3106900119970619    .0
3106900119970620    .0
3106900119970621   9.2
3106900119970622    .2
3106900119970623   2.2
3106900119970624    .2
3106900119970625    .0
3106900119970626    .0
3106900119970627    .0
3106900119970628  28.0
3106900119970629  12.2
3106900119970630    .0
3106900119970701    .4
3106900119970702    .8
3106900119970703    .0
3106900119970704   1.8
3106900119970705    .4
3106900119970706    .0
3106900119970707    .0
3106900119970708    .0
3106900119970709    .0
3106900119970710   5.6
3106900119970711    .0
3106900119970712    .2
3106900119970713    .0
3106900119970714    .0
3106900119970715    .0
3106900119970716    .0
3106900119970717   5.2
3106900119970718    .0
3106900119970719    .0
3106900119970720    .0
3106900119970721    .0
3106900119970722   1.2
3106900119970723   5.0
3106900119970724    .0
3106900119970725    .0
3106900119970726    .0
3106900119970727    .0
3106900119970728    .0
3106900119970729    .0
3106900119970730    .0
3106900119970731    .0
3106900119970801    .0
3106900119970802    .0
3106900119970803    .0
3106900119970804   1.2
3106900119970805  10.6
3106900119970806    .0
3106900119970807    .0
3106900119970808    .0
3106900119970809    .0
3106900119970810  29.6
3106900119970811  27.8
3106900119970812    .0
3106900119970813    .0
3106900119970814    .0
3106900119970815    .0
3106900119970816    .6
3106900119970817    .0
3106900119970818    .0
3106900119970819    .0
3106900119970820    .0
3106900119970821    .4
3106900119970822    .0
3106900119970823    .0
3106900119970824    .0
3106900119970825   1.4
3106900119970826   4.2
3106900119970827  31.6
3106900119970828    .8
3106900119970829    .0
3106900119970830    .0
3106900119970831    .0
3106900119970901   5.8
3106900119970902    .0
3106900119970903    .0
3106900119970904    .2
3106900119970905    .0
3106900119970906    .0
3106900119970907    .0
3106900119970908    .0
3106900119970909    .0
3106900119970910    .2
3106900119970911    .0
3106900119970912    .2
3106900119970913   1.8
3106900119970914    .0
3106900119970915    .0
3106900119970916    .0
3106900119970917    .0
3106900119970918    .0
3106900119970919    .0
3106900119970920    .0
3106900119970921    .0
3106900119970922    .0
3106900119970923    .0
3106900119970924    .0
3106900119970925    .0
3106900119970926    .0
3106900119970927    .0
3106900119970928    .0
3106900119970929    .0
3106900119970930    .0
3106900119971001    .0
3106900119971002    .2
3106900119971003    .0
3106900119971004    .0
3106900119971005    .0
3106900119971006    .2
3106900119971007    .0
3106900119971008    .2
3106900119971009    .0
3106900119971010   6.6
3106900119971011   7.8
3106900119971012   1.0
3106900119971013    .2
3106900119971014    .0
3106900119971015    .4
3106900119971016    .2
3106900119971017    .0
3106900119971018    .0
3106900119971019    .0
3106900119971020    .2
3106900119971021    .0
3106900119971022    .8
3106900119971023    .0
3106900119971024    .2
3106900119971025    .2
3106900119971026    .0
3106900119971027    .0
3106900119971028    .0
3106900119971029    .0
3106900119971030    .0
3106900119971031    .0
3106900119971101    .0
3106900119971102    .0
3106900119971103    .0
3106900119971104   2.4
3106900119971105    .0
3106900119971106   6.8
3106900119971107   2.0
3106900119971108   6.4
3106900119971109    .0
3106900119971110    .8
3106900119971111   4.4
3106900119971112   1.0
3106900119971113    .0
3106900119971114    .2
3106900119971115    .0
3106900119971116    .4
3106900119971117    .0
3106900119971118   3.8
3106900119971119    .2
3106900119971120   1.0
3106900119971121    .2
3106900119971122   4.2
3106900119971123    .2
3106900119971124    .0
3106900119971125    .6
3106900119971126    .4
3106900119971127   2.2
3106900119971128   3.4
3106900119971129   3.8
3106900119971130    .8
3106900119971201   2.6
3106900119971202   4.2
3106900119971203    .0
3106900119971204    .0
3106900119971205    .0
3106900119971206    .0
3106900119971207    .0
3106900119971208    .8
3106900119971209    .0
3106900119971210   3.8
3106900119971211   2.0
3106900119971212    .6
3106900119971213    .0
3106900119971214    .0
3106900119971215    .8
3106900119971216    .0
3106900119971217   1.0
3106900119971218   4.8
3106900119971219    .2
3106900119971220   3.4
3106900119971221   1.6
3106900119971222   4.0
3106900119971223    .2
3106900119971224    .0
3106900119971225   1.4
3106900119971226   9.8
3106900119971227    .6
3106900119971228    .0
3106900119971229    .0
3106900119971230    .0
3106900119971231   8.8
3106900119980101    .0
3106900119980102   3.8
3106900119980103   6.2
3106900119980104    .4
3106900119980105    .0
3106900119980106    .0
3106900119980107    .0
3106900119980108    .2
3106900119980109    .0
3106900119980110    .0
3106900119980111    .0
3106900119980112    .0
3106900119980113    .8
3106900119980114    .6
3106900119980115    .2
3106900119980116   9.2
3106900119980117    .0
3106900119980118   2.8
3106900119980119   7.8
3106900119980120    .0
3106900119980121    .0
3106900119980122    .0
3106900119980123    .0
3106900119980124    .0
3106900119980125    .0
3106900119980126    .0
3106900119980127    .0
3106900119980128    .0
3106900119980129    .0
3106900119980130    .0
3106900119980131    .0
3106900119980201    .0
3106900119980202   1.4
3106900119980203   1.6
3106900119980204    .0
3106900119980205    .0
3106900119980206    .0
3106900119980207    .0
3106900119980208    .0
3106900119980209    .0
3106900119980210    .0
3106900119980211    .0
3106900119980212    .0
3106900119980213    .0
3106900119980214    .0
3106900119980215    .0
3106900119980216    .0
3106900119980217    .0
3106900119980218    .0
3106900119980219    .0
3106900119980220    .0
3106900119980221   2.8
3106900119980222   4.8
3106900119980223    .0
3106900119980224    .0
3106900119980225    .0
3106900119980226    .0
3106900119980227    .0
3106900119980228    .0
3106900119980301    .0
3106900119980302    .0
3106900119980303    .0
3106900119980304    .8
3106900119980305    .0
3106900119980306    .0
3106900119980307    .0
3106900119980308   6.4
3106900119980309   1.4
3106900119980310   3.2
3106900119980311   4.8
3106900119980312    .0
3106900119980313    .0
3106900119980314    .0
3106900119980315    .0
3106900119980316    .0
3106900119980317    .0
3106900119980318    .0
3106900119980319    .0
3106900119980320    .0
3106900119980321    .0
3106900119980322    .0
3106900119980323    .0
3106900119980324    .0
3106900119980325    .0
3106900119980326    .0
3106900119980327    .0
3106900119980328    .0
3106900119980329    .0
3106900119980330   5.0
3106900119980331   8.2
3106900119980401    .0
3106900119980402   2.2
3106900119980403   1.6
3106900119980404    .0
3106900119980405   4.0
3106900119980406    .4
3106900119980407    .4
3106900119980408    .0
3106900119980409   3.0
3106900119980410    .4
3106900119980411   5.6
3106900119980412   8.2
3106900119980413   2.2
3106900119980414    .0
3106900119980415   7.4
3106900119980416   7.2
3106900119980417   2.8
3106900119980418    .6
3106900119980419    .0
3106900119980420    .0
3106900119980421    .0
3106900119980422    .0
3106900119980423    .0
3106900119980424    .0
3106900119980425    .0
3106900119980426  29.4
3106900119980427   5.8
3106900119980428    .0
3106900119980429   7.6
3106900119980430   9.0
3106900119980501   3.0
3106900119980502   3.2
3106900119980503   3.2
3106900119980504    .0
3106900119980505    .0
3106900119980506    .0
3106900119980507    .0
3106900119980508    .0
3106900119980509    .0
3106900119980510    .0
3106900119980511    .0
3106900119980512    .2
3106900119980513    .0
3106900119980514  12.0
3106900119980515    .0
3106900119980516    .0
3106900119980517    .2
3106900119980518    .0
3106900119980519    .0
3106900119980520    .6
3106900119980521    .0
3106900119980522    .0
3106900119980523    .0
3106900119980524    .0
3106900119980525    .0
3106900119980526    .0
3106900119980527   5.2
3106900119980528   3.2
3106900119980529    .0
3106900119980530    .0
3106900119980531    .2
3106900119980601    .0
3106900119980602    .0
3106900119980603    .0
3106900119980604    .6
3106900119980605    .0
3106900119980606    .6
3106900119980607    .2
3106900119980608    .0
3106900119980609    .2
3106900119980610   3.2
3106900119980611   4.6
3106900119980612    .2
3106900119980613    .4
3106900119980614    .0
3106900119980615    .0
3106900119980616    .0
3106900119980617    .0
3106900119980618    .0
3106900119980619    .0
3106900119980620    .0
3106900119980621    .0
3106900119980622    .0
3106900119980623    .0
3106900119980624    .0
3106900119980625    .4
3106900119980626    .0
3106900119980627    .0
3106900119980628    .0
3106900119980629   8.0
3106900119980630    .0
3106900119980701   4.4
3106900119980702  15.8
3106900119980703   1.2
3106900119980704    .0
3106900119980705    .0
3106900119980706    .4
3106900119980707   6.0
3106900119980708    .0
3106900119980709    .0
3106900119980710    .0
3106900119980711    .0
3106900119980712    .0
3106900119980713   1.6
3106900119980714    .0
3106900119980715    .0
3106900119980716    .0
3106900119980717    .0
3106900119980718    .0
3106900119980719    .0
3106900119980720    .0
3106900119980721    .0
3106900119980722    .0
3106900119980723    .0
3106900119980724    .0
3106900119980725    .0
3106900119980726    .4
3106900119980727    .2
3106900119980728    .0
3106900119980729    .0
3106900119980730   1.6
3106900119980731  15.2
3106900119980801   4.8
3106900119980802   1.4
3106900119980803    .0
3106900119980804    .0
3106900119980805    .0
3106900119980806    .0
3106900119980807    .0
3106900119980808    .0
3106900119980809    .0
3106900119980810    .0
3106900119980811    .0
3106900119980812    .4
3106900119980813    .0
3106900119980814    .0
3106900119980815    .4
3106900119980816    .0
3106900119980817    .0
3106900119980818   1.6
3106900119980819    .0
3106900119980820    .0
3106900119980821    .0
3106900119980822    .0
3106900119980823    .0
3106900119980824    .2
3106900119980825    .0
3106900119980826    .0
3106900119980827    .0
3106900119980828    .0
3106900119980829    .0
3106900119980830    .0
3106900119980831    .2
3106900119980901    .0
3106900119980902  13.2
3106900119980903    .0
3106900119980904  14.4
3106900119980905    .2
3106900119980906    .0
3106900119980907   1.4
3106900119980908    .0
3106900119980909    .0
3106900119980910   2.8
3106900119980911   2.6
3106900119980912  12.2
3106900119980913   2.2
3106900119980914   6.6
3106900119980915    .6
3106900119980916   1.2
3106900119980917    .2
3106900119980918    .0
3106900119980919    .0
3106900119980920    .0
3106900119980921    .0
3106900119980922    .0
3106900119980923    .0
3106900119980924    .0
3106900119980925   4.6
3106900119980926   3.2
3106900119980927    .2
3106900119980928   1.6
3106900119980929  17.8
3106900119980930   2.4
3106900119981001   5.0
3106900119981002    .6
3106900119981003   4.2
3106900119981004    .2
3106900119981005   5.6
3106900119981006   1.2
3106900119981007   1.2
3106900119981008   6.0
3106900119981009    .4
3106900119981010   2.6
3106900119981011   2.8
3106900119981012   1.6
3106900119981013    .0
3106900119981014    .2
3106900119981015    .0
3106900119981016    .0
3106900119981017   1.6
3106900119981018   1.0
3106900119981019    .0
3106900119981020    .2
3106900119981021    .0
3106900119981022    .0
3106900119981023    .2
3106900119981024    .0
3106900119981025   6.8
3106900119981026   4.6
3106900119981027    .0
3106900119981028    .0
3106900119981029    .4
3106900119981030    .0
3106900119981031    .2
3106900119981101   1.6
3106900119981102   5.0
3106900119981103   3.0
3106900119981104   1.6
3106900119981105    .2
3106900119981106    .0
3106900119981107    .0
3106900119981108    .2
3106900119981109   1.6
3106900119981110   7.8
3106900119981111    .8
3106900119981112   1.4
3106900119981113   4.6
3106900119981114   3.6
3106900119981115    .2
3106900119981116    .0
3106900119981117    .0
3106900119981118    .0
3106900119981119    .0
3106900119981120    .0
3106900119981121    .0
3106900119981122    .0
3106900119981123    .0
3106900119981124    .4
3106900119981125   6.4
3106900119981126   1.2
3106900119981127  12.0
3106900119981128  11.0
3106900119981129   1.4
3106900119981130   2.8
3106900119981201    .0
3106900119981202    .2
3106900119981203   1.0
3106900119981204    .0
3106900119981205    .2
3106900119981206    .2
3106900119981207    .0
3106900119981208    .2
3106900119981209   7.6
3106900119981210   2.0
3106900119981211    .2
3106900119981212    .2
3106900119981213    .4
3106900119981214    .4
3106900119981215    .4
3106900119981216    .2
3106900119981217    .2
3106900119981218   2.2
3106900119981219    .8
3106900119981220  13.2
3106900119981221    .0
3106900119981222    .2
3106900119981223    .2
3106900119981224    .6
3106900119981225    .2
3106900119981226    .2
3106900119981227    .2
3106900119981228    .2
3106900119981229    .0
3106900119981230   2.4
3106900119981231    .0
