3328100119940101  13.0
3328100119940102  28.4
3328100119940103   7.0
3328100119940104  11.4
3328100119940105  46.0
3328100119940106  15.2
3328100119940107    .0
3328100119940108   4.2
3328100119940109   5.8
3328100119940110   4.6
3328100119940111   2.0
3328100119940112    .6
3328100119940113    .0
3328100119940114   2.8
3328100119940115  16.0
3328100119940116   2.2
3328100119940117    .0
3328100119940118    .0
3328100119940119    .4
3328100119940120    .0
3328100119940121    .6
3328100119940122    .0
3328100119940123    .4
3328100119940124   2.4
3328100119940125   7.8
3328100119940126    .0
3328100119940127   4.6
3328100119940128    .0
3328100119940129    .0
3328100119940130    .0
3328100119940131    .0
3328100119940201    .0
3328100119940202   5.4
3328100119940203   8.6
3328100119940204   2.8
3328100119940205   1.4
3328100119940206   1.8
3328100119940207    .2
3328100119940208   5.8
3328100119940209  20.0
3328100119940210   4.0
3328100119940211   8.2
3328100119940212   1.4
3328100119940213    .0
3328100119940214    .2
3328100119940215    .4
3328100119940216    .0
3328100119940217   4.4
3328100119940218   2.0
3328100119940219   3.0
3328100119940220   9.8
3328100119940221  11.0
3328100119940222   3.2
3328100119940223  12.4
3328100119940224   2.8
3328100119940225    .0
3328100119940226    .2
3328100119940227    .0
3328100119940228    .2
3328100119940301    .0
3328100119940302   1.8
3328100119940303   4.2
3328100119940304    .0
3328100119940305    .0
3328100119940306    .0
3328100119940307    .0
3328100119940308    .0
3328100119940309    .0
3328100119940310    .0
3328100119940311    .0
3328100119940312    .4
3328100119940313   2.6
3328100119940314    .0
3328100119940315    .8
3328100119940316    .0
3328100119940317    .0
3328100119940318    .0
3328100119940319    .0
3328100119940320    .2
3328100119940321   4.6
3328100119940322    .0
3328100119940323    .0
3328100119940324    .0
3328100119940325   2.8
3328100119940326    .0
3328100119940327    .0
3328100119940328    .0
3328100119940329    .0
3328100119940330    .0
3328100119940331    .4
3328100119940401   6.6
3328100119940402  12.8
3328100119940403  11.4
3328100119940404   7.2
3328100119940405  11.8
3328100119940406  26.8
3328100119940407   3.0
3328100119940408  11.0
3328100119940409  15.8
3328100119940410   3.2
3328100119940411    .0
3328100119940412   1.0
3328100119940413    .4
3328100119940414    .6
3328100119940415    .0
3328100119940416   2.8
3328100119940417  11.0
3328100119940418    .0
3328100119940419    .0
3328100119940420    .0
3328100119940421    .2
3328100119940422    .0
3328100119940423    .0
3328100119940424   3.6
3328100119940425   1.2
3328100119940426    .0
3328100119940427    .0
3328100119940428    .0
3328100119940429    .0
3328100119940430    .0
3328100119940501    .0
3328100119940502    .0
3328100119940503   4.2
3328100119940504    .2
3328100119940505    .0
3328100119940506    .0
3328100119940507  13.0
3328100119940508   2.6
3328100119940509    .0
3328100119940510    .0
3328100119940511    .8
3328100119940512    .0
3328100119940513   8.6
3328100119940514   3.0
3328100119940515    .8
3328100119940516  14.4
3328100119940517    .0
3328100119940518   2.6
3328100119940519   6.0
3328100119940520   7.6
3328100119940521    .0
3328100119940522  21.6
3328100119940523   2.4
3328100119940524    .0
3328100119940525    .2
3328100119940526   1.6
3328100119940527    .0
3328100119940528    .0
3328100119940529   3.4
3328100119940530  12.4
3328100119940531    .0
3328100119940601  56.8
3328100119940602   1.2
3328100119940603    .2
3328100119940604   1.4
3328100119940605    .0
3328100119940606    .0
3328100119940607    .0
3328100119940608    .0
3328100119940609    .0
3328100119940610    .0
3328100119940611    .0
3328100119940612    .0
3328100119940613    .0
3328100119940614    .0
3328100119940615    .0
3328100119940616    .0
3328100119940617    .0
3328100119940618    .2
3328100119940619    .6
3328100119940620    .0
3328100119940621    .0
3328100119940622    .0
3328100119940623    .0
3328100119940624  26.0
3328100119940625  26.0
3328100119940626    .0
3328100119940627    .0
3328100119940628    .0
3328100119940629    .0
3328100119940630    .0
3328100119940701    .0
3328100119940702    .0
3328100119940703    .0
3328100119940704    .0
3328100119940705    .0
3328100119940706    .0
3328100119940707    .0
3328100119940708    .0
3328100119940709    .0
3328100119940710    .0
3328100119940711    .0
3328100119940712    .0
3328100119940713    .0
3328100119940714    .0
3328100119940715    .0
3328100119940716    .4
3328100119940717   1.4
3328100119940718    .8
3328100119940719   4.4
3328100119940720    .0
3328100119940721    .0
3328100119940722    .0
3328100119940723    .0
3328100119940724  12.0
3328100119940725    .0
3328100119940726    .0
3328100119940727    .2
3328100119940728   2.6
3328100119940729   7.2
3328100119940730  20.4
3328100119940731   5.0
3328100119940801    .0
3328100119940802    .0
3328100119940803    .4
3328100119940804   2.2
3328100119940805    .0
3328100119940806    .0
3328100119940807   8.4
3328100119940808    .0
3328100119940809    .8
3328100119940810   4.8
3328100119940811   2.0
3328100119940812   4.6
3328100119940813   3.0
3328100119940814    .0
3328100119940815    .0
3328100119940816    .0
3328100119940817    .0
3328100119940818   2.6
3328100119940819    .0
3328100119940820    .0
3328100119940821    .0
3328100119940822    .0
3328100119940823   2.0
3328100119940824   7.4
3328100119940825   5.0
3328100119940826    .2
3328100119940827    .0
3328100119940828    .0
3328100119940829    .0
3328100119940830    .0
3328100119940831   1.6
3328100119940901   2.2
3328100119940902    .0
3328100119940903    .0
3328100119940904    .0
3328100119940905    .0
3328100119940906    .0
3328100119940907  15.4
3328100119940908   8.8
3328100119940909   3.6
3328100119940910   1.0
3328100119940911    .2
3328100119940912  12.4
3328100119940913   9.2
3328100119940914  31.2
3328100119940915  27.6
3328100119940916  11.0
3328100119940917    .6
3328100119940918    .0
3328100119940919   8.4
3328100119940920   1.6
3328100119940921    .0
3328100119940922    .0
3328100119940923  11.0
3328100119940924    .0
3328100119940925   4.2
3328100119940926  15.0
3328100119940927   6.4
3328100119940928    .0
3328100119940929   4.8
3328100119940930    .4
3328100119941001    .0
3328100119941002   2.2
3328100119941003   8.0
3328100119941004    .4
3328100119941005    .0
3328100119941006    .0
3328100119941007    .0
3328100119941008    .0
3328100119941009    .0
3328100119941010    .0
3328100119941011    .0
3328100119941012    .2
3328100119941013    .0
3328100119941014    .0
3328100119941015    .0
3328100119941016    .0
3328100119941017    .0
3328100119941018   2.0
3328100119941019   2.8
3328100119941020   3.6
3328100119941021   3.2
3328100119941022  12.8
3328100119941023   9.4
3328100119941024   6.0
3328100119941025   8.0
3328100119941026   1.2
3328100119941027    .0
3328100119941028    .8
3328100119941029   1.2
3328100119941030    .0
3328100119941031    .2
3328100119941101   1.0
3328100119941102    .2
3328100119941103  10.4
3328100119941104  16.8
3328100119941105   2.8
3328100119941106    .0
3328100119941107    .8
3328100119941108   1.6
3328100119941109   4.4
3328100119941110  12.6
3328100119941111   1.0
3328100119941112  15.2
3328100119941113    .0
3328100119941114    .0
3328100119941115    .4
3328100119941116  11.2
3328100119941117    .0
3328100119941118   1.0
3328100119941119    .0
3328100119941120    .0
3328100119941121    .0
3328100119941122    .0
3328100119941123    .0
3328100119941124    .0
3328100119941125    .2
3328100119941126    .0
3328100119941127    .0
3328100119941128    .0
3328100119941129    .0
3328100119941130    .0
3328100119941201    .0
3328100119941202    .0
3328100119941203    .0
3328100119941204   2.8
3328100119941205    .8
3328100119941206    .0
3328100119941207   1.8
3328100119941208    .6
3328100119941209  10.4
3328100119941210    .0
3328100119941211    .0
3328100119941212    .0
3328100119941213    .0
3328100119941214    .2
3328100119941215    .6
3328100119941216    .0
3328100119941217    .0
3328100119941218   6.6
3328100119941219  17.2
3328100119941220   2.6
3328100119941221  12.6
3328100119941222    .0
3328100119941223    .0
3328100119941224    .0
3328100119941225    .0
3328100119941226    .0
3328100119941227    .2
3328100119941228    .0
3328100119941229   5.2
3328100119941230  20.4
3328100119941231  21.8
3328100119950101   2.6
3328100119950102   1.2
3328100119950103    .0
3328100119950104    .0
3328100119950105  10.4
3328100119950106   2.8
3328100119950107    .0
3328100119950108   4.8
3328100119950109    .8
3328100119950110   1.8
3328100119950111  13.2
3328100119950112    .0
3328100119950113    .0
3328100119950114    .0
3328100119950115    .0
3328100119950116    .0
3328100119950117   6.2
3328100119950118   9.0
3328100119950119   3.8
3328100119950120  11.4
3328100119950121   3.8
3328100119950122   9.2
3328100119950123  16.8
3328100119950124   2.6
3328100119950125    .0
3328100119950126   7.8
3328100119950127   3.0
3328100119950128   5.2
3328100119950129  17.0
3328100119950130   1.4
3328100119950131    .0
3328100119950201   1.2
3328100119950202    .0
3328100119950203    .0
3328100119950204    .4
3328100119950205    .2
3328100119950206    .0
3328100119950207    .0
3328100119950208  13.0
3328100119950209   3.0
3328100119950210   1.4
3328100119950211   2.0
3328100119950212    .2
3328100119950213   6.2
3328100119950214   3.4
3328100119950215   1.8
3328100119950216   3.2
3328100119950217  18.2
3328100119950218   1.4
3328100119950219    .0
3328100119950220    .0
3328100119950221   2.2
3328100119950222    .2
3328100119950223  17.4
3328100119950224   8.0
3328100119950225  27.0
3328100119950226    .4
3328100119950227    .0
3328100119950228    .0
3328100119950301   1.2
3328100119950302  11.4
3328100119950303  11.8
3328100119950304   8.0
3328100119950305   6.0
3328100119950306    .8
3328100119950307   9.2
3328100119950308   7.0
3328100119950309    .0
3328100119950310    .0
3328100119950311    .0
3328100119950312    .0
3328100119950313    .0
3328100119950314    .0
3328100119950315   5.4
3328100119950316   3.4
3328100119950317   5.0
3328100119950318    .2
3328100119950319   6.6
3328100119950320    .0
3328100119950321    .0
3328100119950322    .0
3328100119950323    .0
3328100119950324    .0
3328100119950325    .0
3328100119950326    .0
3328100119950327    .6
3328100119950328   4.6
3328100119950329    .0
3328100119950330    .0
3328100119950331    .0
3328100119950401    .0
3328100119950402    .0
3328100119950403    .0
3328100119950404    .0
3328100119950405    .0
3328100119950406    .0
3328100119950407    .0
3328100119950408    .0
3328100119950409    .0
3328100119950410    .0
3328100119950411    .0
3328100119950412    .0
3328100119950413    .0
3328100119950414    .0
3328100119950415    .4
3328100119950416    .0
3328100119950417    .6
3328100119950418    .2
3328100119950419   5.4
3328100119950420   2.0
3328100119950421  12.2
3328100119950422   2.0
3328100119950423    .0
3328100119950424  10.4
3328100119950425   2.0
3328100119950426    .6
3328100119950427    .0
3328100119950428    .0
3328100119950429    .0
3328100119950430    .0
3328100119950501    .0
3328100119950502    .0
3328100119950503    .0
3328100119950504    .0
3328100119950505    .0
3328100119950506  11.8
3328100119950507    .0
3328100119950508    .0
3328100119950509    .0
3328100119950510    .0
3328100119950511   1.2
3328100119950512   8.6
3328100119950513   1.8
3328100119950514    .0
3328100119950515   4.8
3328100119950516   3.0
3328100119950517   8.6
3328100119950518   1.2
3328100119950519    .0
3328100119950520    .0
3328100119950521    .0
3328100119950522    .6
3328100119950523    .4
3328100119950524  27.4
3328100119950525   2.0
3328100119950526    .0
3328100119950527    .0
3328100119950528    .0
3328100119950529    .2
3328100119950530   7.6
3328100119950531    .0
3328100119950601    .2
3328100119950602    .0
3328100119950603    .0
3328100119950604    .2
3328100119950605    .0
3328100119950606    .0
3328100119950607    .0
3328100119950608    .0
3328100119950609    .0
3328100119950610    .0
3328100119950611   4.2
3328100119950612   1.4
3328100119950613    .0
3328100119950614    .0
3328100119950615    .0
3328100119950616    .0
3328100119950617    .0
3328100119950618    .0
3328100119950619   1.4
3328100119950620  12.6
3328100119950621    .2
3328100119950622    .0
3328100119950623    .0
3328100119950624    .0
3328100119950625    .0
3328100119950626    .0
3328100119950627    .0
3328100119950628    .0
3328100119950629    .0
3328100119950630    .4
3328100119950701  12.2
3328100119950702    .4
3328100119950703  10.6
3328100119950704   4.0
3328100119950705    .0
3328100119950706    .0
3328100119950707    .0
3328100119950708    .0
3328100119950709    .0
3328100119950710   8.6
3328100119950711    .0
3328100119950712    .4
3328100119950713    .0
3328100119950714    .2
3328100119950715   4.6
3328100119950716    .0
3328100119950717    .0
3328100119950718    .0
3328100119950719    .0
3328100119950720    .0
3328100119950721    .0
3328100119950722    .0
3328100119950723    .0
3328100119950724    .0
3328100119950725    .8
3328100119950726    .0
3328100119950727    .0
3328100119950728    .0
3328100119950729    .0
3328100119950730    .0
3328100119950731    .0
3328100119950801    .0
3328100119950802    .0
3328100119950803    .0
3328100119950804    .0
3328100119950805    .6
3328100119950806   5.4
3328100119950807   7.8
3328100119950808    .0
3328100119950809   3.6
3328100119950810    .0
3328100119950811    .0
3328100119950812    .0
3328100119950813    .0
3328100119950814    .0
3328100119950815    .0
3328100119950816    .0
3328100119950817    .0
3328100119950818    .0
3328100119950819    .0
3328100119950820    .0
3328100119950821   1.2
3328100119950822   2.0
3328100119950823    .0
3328100119950824    .0
3328100119950825   2.8
3328100119950826    .4
3328100119950827    .0
3328100119950828    .0
3328100119950829    .0
3328100119950830    .0
3328100119950831    .0
3328100119950901    .0
3328100119950902    .0
3328100119950903    .0
3328100119950904    .0
3328100119950905    .4
3328100119950906  11.0
3328100119950907  22.0
3328100119950908  13.0
3328100119950909    .0
3328100119950910   3.0
3328100119950911    .0
3328100119950912  13.4
3328100119950913   6.0
3328100119950914  14.8
3328100119950915   8.0
3328100119950916   6.2
3328100119950917  12.4
3328100119950918    .8
3328100119950919  25.8
3328100119950920    .0
3328100119950921    .0
3328100119950922    .0
3328100119950923    .0
3328100119950924   2.6
3328100119950925    .0
3328100119950926    .0
3328100119950927   3.6
3328100119950928    .0
3328100119950929    .0
3328100119950930   4.0
3328100119951001    .2
3328100119951002  10.2
3328100119951003   9.4
3328100119951004   2.6
3328100119951005   1.2
3328100119951006    .0
3328100119951007    .0
3328100119951008    .0
3328100119951009    .0
3328100119951010    .0
3328100119951011    .0
3328100119951012    .0
3328100119951013    .0
3328100119951014    .0
3328100119951015    .0
3328100119951016    .0
3328100119951017    .0
3328100119951018    .0
3328100119951019    .0
3328100119951020    .0
3328100119951021    .0
3328100119951022    .0
3328100119951023    .0
3328100119951024   1.4
3328100119951025    .4
3328100119951026    .0
3328100119951027    .8
3328100119951028   2.6
3328100119951029  24.8
3328100119951030   2.2
3328100119951031    .0
3328100119951101    .0
3328100119951102    .0
3328100119951103    .0
3328100119951104    .0
3328100119951105    .0
3328100119951106    .0
3328100119951107    .0
3328100119951108    .0
3328100119951109    .0
3328100119951110   4.6
3328100119951111  15.2
3328100119951112   3.2
3328100119951113   6.4
3328100119951114    .0
3328100119951115  11.4
3328100119951116   9.4
3328100119951117   6.4
3328100119951118    .0
3328100119951119    .0
3328100119951120    .0
3328100119951121  10.6
3328100119951122   2.4
3328100119951123    .0
3328100119951124    .0
3328100119951125  10.0
3328100119951126   2.6
3328100119951127   1.6
3328100119951128    .0
3328100119951129    .0
3328100119951130    .2
3328100119951201   1.8
3328100119951202  20.4
3328100119951203  46.8
3328100119951204   9.6
3328100119951205    .0
3328100119951206    .0
3328100119951207    .0
3328100119951208    .0
3328100119951209    .0
3328100119951210    .0
3328100119951211    .0
3328100119951212    .0
3328100119951213    .0
3328100119951214    .0
3328100119951215   7.2
3328100119951216  14.6
3328100119951217    .0
3328100119951218    .0
3328100119951219    .0
3328100119951220    .0
3328100119951221    .0
3328100119951222   5.6
3328100119951223  10.4
3328100119951224  14.4
3328100119951225   7.4
3328100119951226    .2
3328100119951227  10.8
3328100119951228  59.6
3328100119951229   8.2
3328100119951230   9.4
3328100119951231   6.8
3328100119960101  13.6
3328100119960102   3.4
3328100119960103    .0
3328100119960104    .2
3328100119960105   9.0
3328100119960106  13.8
3328100119960107   2.2
3328100119960108   1.8
3328100119960109   2.6
3328100119960110   1.4
3328100119960111   8.4
3328100119960112   1.2
3328100119960113    .0
3328100119960114    .0
3328100119960115    .0
3328100119960116    .0
3328100119960117    .0
3328100119960118    .0
3328100119960119    .0
3328100119960120    .2
3328100119960121    .0
3328100119960122  13.8
3328100119960123   6.2
3328100119960124  14.4
3328100119960125   3.6
3328100119960126   1.2
3328100119960127    .0
3328100119960128    .0
3328100119960129    .0
3328100119960130    .0
3328100119960131    .0
3328100119960201   1.6
3328100119960202   6.8
3328100119960203    .0
3328100119960204    .0
3328100119960205  11.6
3328100119960206   9.6
3328100119960207  12.6
3328100119960208    .2
3328100119960209   3.6
3328100119960210   7.2
3328100119960211   8.2
3328100119960212  18.2
3328100119960213    .0
3328100119960214    .0
3328100119960215    .0
3328100119960216    .4
3328100119960217    .0
3328100119960218  10.0
3328100119960219   5.6
3328100119960220   3.2
3328100119960221    .0
3328100119960222  11.0
3328100119960223    .4
3328100119960224    .2
3328100119960225    .2
3328100119960226   3.4
3328100119960227    .0
3328100119960228    .0
3328100119960229    .0
3328100119960301    .0
3328100119960302    .0
3328100119960303    .0
3328100119960304    .0
3328100119960305    .0
3328100119960306    .0
3328100119960307    .0
3328100119960308    .0
3328100119960309    .0
3328100119960310    .0
3328100119960311    .0
3328100119960312    .0
3328100119960313    .0
3328100119960314   7.2
3328100119960315    .6
3328100119960316    .6
3328100119960317    .2
3328100119960318    .0
3328100119960319   2.2
3328100119960320    .0
3328100119960321    .0
3328100119960322    .0
3328100119960323    .0
3328100119960324   1.8
3328100119960325   5.4
3328100119960326  16.0
3328100119960327   6.2
3328100119960328    .0
3328100119960329    .0
3328100119960330    .0
3328100119960331  11.8
3328100119960401   7.0
3328100119960402    .0
3328100119960403    .0
3328100119960404    .0
3328100119960405    .0
3328100119960406    .0
3328100119960407    .0
3328100119960408    .0
3328100119960409    .0
3328100119960410    .0
3328100119960411    .0
3328100119960412    .0
3328100119960413    .0
3328100119960414    .2
3328100119960415    .0
3328100119960416   4.4
3328100119960417    .4
3328100119960418    .0
3328100119960419    .0
3328100119960420    .0
3328100119960421   4.0
3328100119960422  15.0
3328100119960423   3.2
3328100119960424   1.0
3328100119960425    .0
3328100119960426    .0
3328100119960427    .8
3328100119960428  10.6
3328100119960429    .0
3328100119960430   1.6
3328100119960501  21.2
3328100119960502  22.2
3328100119960503   1.6
3328100119960504    .0
3328100119960505    .0
3328100119960506   4.6
3328100119960507   2.2
3328100119960508    .2
3328100119960509    .0
3328100119960510    .0
3328100119960511    .0
3328100119960512    .0
3328100119960513    .0
3328100119960514    .0
3328100119960515    .2
3328100119960516   3.0
3328100119960517   1.8
3328100119960518    .4
3328100119960519   2.4
3328100119960520   1.2
3328100119960521    .8
3328100119960522    .0
3328100119960523    .0
3328100119960524    .0
3328100119960525   2.4
3328100119960526    .4
3328100119960527    .0
3328100119960528    .0
3328100119960529    .0
3328100119960530    .0
3328100119960531  12.4
3328100119960601    .0
3328100119960602    .8
3328100119960603    .0
3328100119960604    .0
3328100119960605    .0
3328100119960606    .0
3328100119960607   9.2
3328100119960608    .0
3328100119960609    .0
3328100119960610    .0
3328100119960611    .0
3328100119960612    .0
3328100119960613    .0
3328100119960614    .0
3328100119960615    .0
3328100119960616    .0
3328100119960617    .0
3328100119960618    .0
3328100119960619    .0
3328100119960620  10.8
3328100119960621  41.4
3328100119960622    .0
3328100119960623    .0
3328100119960624    .0
3328100119960625    .0
3328100119960626    .0
3328100119960627    .0
3328100119960628    .4
3328100119960629   4.0
3328100119960630    .0
3328100119960701   1.6
3328100119960702    .2
3328100119960703   3.8
3328100119960704   6.2
3328100119960705  14.4
3328100119960706  20.2
3328100119960707  14.2
3328100119960708    .0
3328100119960709    .0
3328100119960710    .8
3328100119960711    .0
3328100119960712    .2
3328100119960713    .0
3328100119960714    .0
3328100119960715    .0
3328100119960716    .0
3328100119960717    .0
3328100119960718    .0
3328100119960719    .0
3328100119960720    .0
3328100119960721    .0
3328100119960722    .0
3328100119960723    .0
3328100119960724    .0
3328100119960725   5.2
3328100119960726    .8
3328100119960727    .0
3328100119960728    .0
3328100119960729    .0
3328100119960730    .6
3328100119960731    .0
3328100119960801   2.8
3328100119960802   3.4
3328100119960803    .0
3328100119960804    .0
3328100119960805   1.0
3328100119960806   6.4
3328100119960807    .0
3328100119960808    .0
3328100119960809    .0
3328100119960810   4.4
3328100119960811   8.8
3328100119960812    .0
3328100119960813    .0
3328100119960814    .0
3328100119960815    .0
3328100119960816    .0
3328100119960817    .0
3328100119960818    .0
3328100119960819  38.2
3328100119960820  37.4
3328100119960821  12.2
3328100119960822    .0
3328100119960823    .4
3328100119960824   9.4
3328100119960825   6.4
3328100119960826   1.0
3328100119960827    .2
3328100119960828   6.0
3328100119960829    .2
3328100119960830    .0
3328100119960831    .2
3328100119960901    .0
3328100119960902    .0
3328100119960903    .0
3328100119960904    .0
3328100119960905    .2
3328100119960906    .0
3328100119960907    .0
3328100119960908    .0
3328100119960909    .0
3328100119960910    .0
3328100119960911    .0
3328100119960912    .0
3328100119960913    .0
3328100119960914    .0
3328100119960915    .0
3328100119960916    .0
3328100119960917   1.4
3328100119960918    .4
3328100119960919    .2
3328100119960920   2.0
3328100119960921   2.8
3328100119960922    .4
3328100119960923   1.0
3328100119960924   3.8
3328100119960925  61.0
3328100119960926   3.0
3328100119960927   4.8
3328100119960928    .2
3328100119960929    .2
3328100119960930  36.2
3328100119961001   9.0
3328100119961002  12.6
3328100119961003    .2
3328100119961004   5.2
3328100119961005   1.2
3328100119961006    .2
3328100119961007    .2
3328100119961008    .0
3328100119961009    .0
3328100119961010    .2
3328100119961011    .2
3328100119961012    .0
3328100119961013    .6
3328100119961014   2.4
3328100119961015   2.2
3328100119961016  14.8
3328100119961017   1.0
3328100119961018   1.6
3328100119961019    .4
3328100119961020    .0
3328100119961021    .2
3328100119961022    .2
3328100119961023    .4
3328100119961024    .0
3328100119961025    .2
3328100119961026    .2
3328100119961027    .2
3328100119961028   4.6
3328100119961029   1.6
3328100119961030    .4
3328100119961031    .8
3328100119961101    .2
3328100119961102    .2
3328100119961103    .0
3328100119961104  18.4
3328100119961105   1.8
3328100119961106    .4
3328100119961107   2.0
3328100119961108    .2
3328100119961109    .2
3328100119961110  21.8
3328100119961111   3.0
3328100119961112   1.2
3328100119961113    .2
3328100119961114    .0
3328100119961115    .0
3328100119961116  13.0
3328100119961117   3.2
3328100119961118   4.0
3328100119961119  24.2
3328100119961120   6.0
3328100119961121  22.2
3328100119961122    .0
3328100119961123   4.0
3328100119961124  20.8
3328100119961125  31.0
3328100119961126   3.8
3328100119961127  12.4
3328100119961128    .0
3328100119961129   9.6
3328100119961130   5.6
3328100119961201   2.0
3328100119961202    .0
3328100119961203    .6
3328100119961204  10.2
3328100119961205   6.4
3328100119961206   3.6
3328100119961207    .4
3328100119961208    .2
3328100119961209    .0
3328100119961210    .4
3328100119961211   5.0
3328100119961212   1.4
3328100119961213    .0
3328100119961214    .0
3328100119961215    .2
3328100119961216    .0
3328100119961217    .0
3328100119961218  13.2
3328100119961219   1.0
3328100119961220    .6
3328100119961221   3.4
3328100119961222   3.0
3328100119961223   4.0
3328100119961224   3.2
3328100119961225    .0
3328100119961226    .0
3328100119961227    .0
3328100119961228    .0
3328100119961229    .0
3328100119961230    .0
3328100119961231    .2
3328100119970101    .0
3328100119970102    .0
3328100119970103  11.5
3328100119970104    .0
3328100119970105    .2
3328100119970106    .0
3328100119970107   1.2
3328100119970108   2.2
3328100119970109    .2
3328100119970110    .0
3328100119970111    .0
3328100119970112    .0
3328100119970113    .2
3328100119970114    .4
3328100119970115    .4
3328100119970116    .4
3328100119970117   4.4
3328100119970118    .2
3328100119970119   1.0
3328100119970120    .2
3328100119970121  12.0
3328100119970122   3.2
3328100119970123    .6
3328100119970124   2.6
3328100119970125   1.0
3328100119970126    .4
3328100119970127    .0
3328100119970128    .0
3328100119970129    .4
3328100119970130    .2
3328100119970131    .2
3328100119970201    .2
3328100119970202   5.6
3328100119970203    .0
3328100119970204    .2
3328100119970205   3.0
3328100119970206    .4
3328100119970207    .0
3328100119970208    .0
3328100119970209    .6
3328100119970210  16.0
3328100119970211   4.0
3328100119970212   1.2
3328100119970213   9.8
3328100119970214  22.2
3328100119970215    .0
3328100119970216    .6
3328100119970217    .0
3328100119970218   1.8
3328100119970219    .0
3328100119970220    .0
3328100119970221    .2
3328100119970222    .0
3328100119970223    .6
3328100119970224   4.2
3328100119970225   1.4
3328100119970226   1.2
3328100119970227    .0
3328100119970228    .0
3328100119970301    .0
3328100119970302    .4
3328100119970303    .2
3328100119970304    .0
3328100119970305    .0
3328100119970306    .0
3328100119970307    .2
3328100119970308    .0
3328100119970309    .0
3328100119970310    .0
3328100119970311    .2
3328100119970312    .2
3328100119970313    .2
3328100119970314   1.0
3328100119970315   1.4
3328100119970316    .0
3328100119970317    .2
3328100119970318    .4
3328100119970319    .8
3328100119970320    .0
3328100119970321    .0
3328100119970322    .0
3328100119970323    .0
3328100119970324   9.2
3328100119970325    .4
3328100119970326    .0
3328100119970327    .2
3328100119970328    .0
3328100119970329    .0
3328100119970330    .0
3328100119970331    .0
3328100119970401    .0
3328100119970402    .0
3328100119970403    .0
3328100119970404    .0
3328100119970405    .0
3328100119970406    .2
3328100119970407    .0
3328100119970408    .0
3328100119970409    .0
3328100119970410    .0
3328100119970411    .0
3328100119970412    .0
3328100119970413    .0
3328100119970414    .0
3328100119970415    .0
3328100119970416    .0
3328100119970417    .0
3328100119970418    .0
3328100119970419    .0
3328100119970420    .0
3328100119970421    .0
3328100119970422    .0
3328100119970423    .0
3328100119970424    .0
3328100119970425    .0
3328100119970426  11.6
3328100119970427   3.6
3328100119970428   2.8
3328100119970429    .0
3328100119970430    .0
3328100119970501    .0
3328100119970502    .0
3328100119970503    .0
3328100119970504  12.0
3328100119970505  19.4
3328100119970506   5.8
3328100119970507    .6
3328100119970508   9.6
3328100119970509   5.2
3328100119970510   2.2
3328100119970511   2.6
3328100119970512   1.0
3328100119970513  34.0
3328100119970514   3.6
3328100119970515    .8
3328100119970516  26.0
3328100119970517  10.6
3328100119970518   2.4
3328100119970519   2.6
3328100119970520    .0
3328100119970521    .4
3328100119970522    .0
3328100119970523   5.4
3328100119970524    .8
3328100119970525    .0
3328100119970526    .0
3328100119970527  11.2
3328100119970528    .0
3328100119970529    .0
3328100119970530    .0
3328100119970531   2.2
3328100119970601   2.4
3328100119970602    .2
3328100119970603    .0
3328100119970604    .0
3328100119970605    .4
3328100119970606    .0
3328100119970607    .8
3328100119970608    .0
3328100119970609    .0
3328100119970610  17.8
3328100119970611    .0
3328100119970612    .0
3328100119970613   5.8
3328100119970614    .0
3328100119970615    .0
3328100119970616   2.4
3328100119970617    .2
3328100119970618    .0
3328100119970619   3.2
3328100119970620   5.8
3328100119970621   3.4
3328100119970622   6.8
3328100119970623   2.0
3328100119970624    .0
3328100119970625   5.4
3328100119970626   7.6
3328100119970627   3.4
3328100119970628  31.6
3328100119970629  37.2
3328100119970630  10.4
3328100119970701  14.4
3328100119970702   2.4
3328100119970703    .0
3328100119970704   9.8
3328100119970705    .2
3328100119970706    .0
3328100119970707    .0
3328100119970708    .0
3328100119970709    .4
3328100119970710    .4
3328100119970711    .2
3328100119970712   3.6
3328100119970713   2.0
3328100119970714    .0
3328100119970715    .0
3328100119970716    .0
3328100119970717    .0
3328100119970718    .2
3328100119970719    .0
3328100119970720    .0
3328100119970721    .0
3328100119970722    .0
3328100119970723    .0
3328100119970724    .0
3328100119970725   1.6
3328100119970726    .6
3328100119970727    .0
3328100119970728    .2
3328100119970729    .0
3328100119970730    .0
3328100119970731    .0
3328100119970801    .0
3328100119970802    .0
3328100119970803    .2
3328100119970804   9.6
3328100119970805   4.8
3328100119970806   9.4
3328100119970807    .0
3328100119970808    .0
3328100119970809    .0
3328100119970810  13.4
3328100119970811    .2
3328100119970812    .0
3328100119970813    .0
3328100119970814    .0
3328100119970815    .4
3328100119970816    .2
3328100119970817    .0
3328100119970818    .0
3328100119970819    .0
3328100119970820   5.2
3328100119970821    .0
3328100119970822    .0
3328100119970823    .0
3328100119970824    .0
3328100119970825    .4
3328100119970826    .4
3328100119970827  12.0
3328100119970828  22.4
3328100119970829   1.4
3328100119970830    .0
3328100119970831    .0
3328100119970901  25.6
3328100119970902    .0
3328100119970903    .2
3328100119970904    .0
3328100119970905    .0
3328100119970906    .0
3328100119970907    .0
3328100119970908    .0
3328100119970909    .2
3328100119970910    .0
3328100119970911    .0
3328100119970912   5.4
3328100119970913    .2
3328100119970914    .0
3328100119970915    .0
3328100119970916    .0
3328100119970917    .0
3328100119970918    .0
3328100119970919    .0
3328100119970920    .2
3328100119970921    .0
3328100119970922    .2
3328100119970923    .0
3328100119970924    .0
3328100119970925    .2
3328100119970926    .0
3328100119970927    .0
3328100119970928    .0
3328100119970929    .0
3328100119970930    .0
3328100119971001    .0
3328100119971002    .0
3328100119971003    .0
3328100119971004    .0
3328100119971005    .0
3328100119971006   6.8
3328100119971007    .2
3328100119971008    .0
3328100119971009    .6
3328100119971010   9.8
3328100119971011   5.2
3328100119971012   1.4
3328100119971013    .4
3328100119971014    .0
3328100119971015   5.4
3328100119971016    .2
3328100119971017    .0
3328100119971018    .2
3328100119971019   3.8
3328100119971020    .4
3328100119971021    .2
3328100119971022    .4
3328100119971023    .2
3328100119971024    .0
3328100119971025    .0
3328100119971026    .2
3328100119971027    .0
3328100119971028    .0
3328100119971029    .0
3328100119971030    .0
3328100119971031    .0
3328100119971101    .2
3328100119971102    .0
3328100119971103    .2
3328100119971104   4.0
3328100119971105  11.8
3328100119971106  13.4
3328100119971107  10.0
3328100119971108  25.0
3328100119971109  41.2
3328100119971110  25.6
3328100119971111  33.2
3328100119971112  12.2
3328100119971113    .2
3328100119971114    .2
3328100119971115    .2
3328100119971116    .2
3328100119971117    .0
3328100119971118   7.4
3328100119971119   5.6
3328100119971120   8.8
3328100119971121   3.6
3328100119971122   4.4
3328100119971123    .2
3328100119971124    .0
3328100119971125   1.8
3328100119971126    .2
3328100119971127   3.4
3328100119971128  13.0
3328100119971129  27.0
3328100119971130  14.8
3328100119971201  24.2
3328100119971202   4.8
3328100119971203    .2
3328100119971204    .2
3328100119971205    .0
3328100119971206    .2
3328100119971207    .0
3328100119971208  21.2
3328100119971209   2.0
3328100119971210  14.8
3328100119971211  12.4
3328100119971212   1.8
3328100119971213    .4
3328100119971214    .0
3328100119971215    .0
3328100119971216  20.0
3328100119971217  14.4
3328100119971218   9.4
3328100119971219   1.0
3328100119971220   4.4
3328100119971221   4.2
3328100119971222   9.8
3328100119971223    .0
3328100119971224   1.0
3328100119971225   2.2
3328100119971226  15.4
3328100119971227  16.0
3328100119971228    .4
3328100119971229    .2
3328100119971230   6.2
3328100119971231  13.4
3328100119980101    .4
3328100119980102  12.0
3328100119980103   6.2
3328100119980104    .2
3328100119980105    .6
3328100119980106    .0
3328100119980107    .2
3328100119980108    .4
3328100119980109    .2
3328100119980110    .2
3328100119980111    .2
3328100119980112    .0
3328100119980113   7.2
3328100119980114   5.6
3328100119980115   5.4
3328100119980116   9.4
3328100119980117    .4
3328100119980118  42.0
3328100119980119  15.8
3328100119980120    .0
3328100119980121    .2
3328100119980122    .0
3328100119980123    .0
3328100119980124    .0
3328100119980125    .2
3328100119980126    .2
3328100119980127    .2
3328100119980128    .0
3328100119980129    .2
3328100119980130    .2
3328100119980131    .0
3328100119980201    .0
3328100119980202    .4
3328100119980203    .6
3328100119980204    .0
3328100119980205    .0
3328100119980206    .0
3328100119980207    .2
3328100119980208    .2
3328100119980209    .2
3328100119980210    .0
3328100119980211    .4
3328100119980212    .2
3328100119980213    .2
3328100119980214    .2
3328100119980215    .0
3328100119980216    .2
3328100119980217    .0
3328100119980218    .2
3328100119980219    .4
3328100119980220    .0
3328100119980221  14.4
3328100119980222   5.6
3328100119980223    .4
3328100119980224    .0
3328100119980225    .0
3328100119980226    .2
3328100119980227    .0
3328100119980228   2.4
3328100119980301   3.2
3328100119980302    .2
3328100119980303    .0
3328100119980304   5.4
3328100119980305    .0
3328100119980306    .2
3328100119980307   2.0
3328100119980308  13.4
3328100119980309   7.2
3328100119980310   3.0
3328100119980311   3.8
3328100119980312    .4
3328100119980313    .0
3328100119980314    .0
3328100119980315    .0
3328100119980316    .2
3328100119980317    .0
3328100119980318    .0
3328100119980319    .0
3328100119980320    .0
3328100119980321    .0
3328100119980322    .0
3328100119980323    .0
3328100119980324    .0
3328100119980325    .0
3328100119980326    .0
3328100119980327    .0
3328100119980328    .0
3328100119980329  13.4
3328100119980330   2.0
3328100119980331   1.6
3328100119980401   2.6
3328100119980402   4.4
3328100119980403  15.8
3328100119980404   7.6
3328100119980405   2.6
3328100119980406  16.8
3328100119980407   5.6
3328100119980408  15.4
3328100119980409  20.4
3328100119980410   9.6
3328100119980411  19.0
3328100119980412   6.6
3328100119980413   2.0
3328100119980414   7.4
3328100119980415   5.0
3328100119980416  18.6
3328100119980417   7.0
3328100119980418   1.8
3328100119980419   1.0
3328100119980420   3.0
3328100119980421    .0
3328100119980422    .2
3328100119980423    .2
3328100119980424    .4
3328100119980425   3.0
3328100119980426   8.8
3328100119980427   4.2
3328100119980428   8.8
3328100119980429   5.4
3328100119980430    .6
3328100119980501    .0
3328100119980502    .0
3328100119980503    .2
3328100119980504    .0
3328100119980505    .0
3328100119980506    .0
3328100119980507    .0
3328100119980508    .0
3328100119980509    .0
3328100119980510    .0
3328100119980511    .2
3328100119980512    .0
3328100119980513    .0
3328100119980514    .0
3328100119980515    .0
3328100119980516    .0
3328100119980517    .0
3328100119980518    .0
3328100119980519    .0
3328100119980520    .0
3328100119980521    .0
3328100119980522    .0
3328100119980523    .0
3328100119980524    .0
3328100119980525   1.0
3328100119980526   2.2
3328100119980527    .4
3328100119980528    .4
3328100119980529  13.6
3328100119980530   1.6
3328100119980531   2.8
3328100119980601   9.0
3328100119980602    .2
3328100119980603    .0
3328100119980604  10.8
3328100119980605    .2
3328100119980606    .2
3328100119980607    .0
3328100119980608    .0
3328100119980609  10.8
3328100119980610   3.0
3328100119980611  10.6
3328100119980612    .0
3328100119980613   5.8
3328100119980614   1.6
3328100119980615   6.2
3328100119980616    .0
3328100119980617    .0
3328100119980618    .2
3328100119980619    .0
3328100119980620    .0
3328100119980621    .0
3328100119980622    .0
3328100119980623    .0
3328100119980624    .2
3328100119980625    .4
3328100119980626    .0
3328100119980627    .6
3328100119980628    .0
3328100119980629    .2
3328100119980630    .0
3328100119980701  14.4
3328100119980702    .4
3328100119980703   1.8
3328100119980704    .2
3328100119980705    .0
3328100119980706   1.0
3328100119980707    .0
3328100119980708    .0
3328100119980709    .0
3328100119980710    .4
3328100119980711    .8
3328100119980712    .0
3328100119980713   4.2
3328100119980714    .0
3328100119980715    .0
3328100119980716    .6
3328100119980717    .2
3328100119980718    .0
3328100119980719    .6
3328100119980720  25.4
3328100119980721    .0
3328100119980722    .0
3328100119980723    .0
3328100119980724    .0
3328100119980725    .0
3328100119980726    .0
3328100119980727    .4
3328100119980728   2.0
3328100119980729    .0
3328100119980730    .8
3328100119980731    .2
3328100119980801    .0
3328100119980802   1.8
3328100119980803    .0
3328100119980804    .0
3328100119980805    .0
3328100119980806    .0
3328100119980807    .0
3328100119980808    .0
3328100119980809    .0
3328100119980810    .0
3328100119980811    .0
3328100119980812    .2
3328100119980813    .0
3328100119980814    .0
3328100119980815    .0
3328100119980816    .0
3328100119980817    .0
3328100119980818    .2
3328100119980819    .0
3328100119980820    .0
3328100119980821   2.2
3328100119980822   6.4
3328100119980823   1.8
3328100119980824    .8
3328100119980825    .0
3328100119980826    .0
3328100119980827    .0
3328100119980828    .0
3328100119980829    .0
3328100119980830    .0
3328100119980831    .2
3328100119980901  10.4
3328100119980902   1.0
3328100119980903    .4
3328100119980904  14.0
3328100119980905   1.6
3328100119980906   1.0
3328100119980907   8.4
3328100119980908    .2
3328100119980909    .0
3328100119980910   1.0
3328100119980911   8.6
3328100119980912  13.4
3328100119980913   4.8
3328100119980914   2.6
3328100119980915  10.0
3328100119980916    .2
3328100119980917    .4
3328100119980918    .0
3328100119980919    .0
3328100119980920    .0
3328100119980921    .0
3328100119980922   3.4
3328100119980923  19.0
3328100119980924   1.2
3328100119980925   5.8
3328100119980926  14.8
3328100119980927  27.6
3328100119980928   8.2
3328100119980929  10.0
3328100119980930  15.4
3328100119981001  32.0
3328100119981002   1.2
3328100119981003    .4
3328100119981004   1.2
3328100119981005   1.6
3328100119981006   1.0
3328100119981007   2.0
3328100119981008   6.0
3328100119981009    .8
3328100119981010   2.4
3328100119981011   9.6
3328100119981012    .0
3328100119981013    .2
3328100119981014    .4
3328100119981015    .0
3328100119981016    .4
3328100119981017   5.0
3328100119981018    .0
3328100119981019    .2
3328100119981020    .0
3328100119981021    .4
3328100119981022    .0
3328100119981023   5.8
3328100119981024  19.4
3328100119981025   5.0
3328100119981026   3.6
3328100119981027    .2
3328100119981028   1.6
3328100119981029   4.0
3328100119981030    .0
3328100119981031  10.8
3328100119981101   3.8
3328100119981102   9.4
3328100119981103  25.6
3328100119981104   4.0
3328100119981105    .4
3328100119981106    .2
3328100119981107    .2
3328100119981108    .0
3328100119981109   8.8
3328100119981110   7.2
3328100119981111   1.4
3328100119981112   1.8
3328100119981113  15.4
3328100119981114   1.8
3328100119981115    .2
3328100119981116    .2
3328100119981117    .0
3328100119981118    .0
3328100119981119    .2
3328100119981120    .2
3328100119981121    .0
3328100119981122    .0
3328100119981123    .0
3328100119981124   3.4
3328100119981125   3.2
3328100119981126    .2
3328100119981127   5.0
3328100119981128  16.6
3328100119981129    .4
3328100119981130    .6
3328100119981201    .0
3328100119981202    .0
3328100119981203    .0
3328100119981204   1.4
3328100119981205   2.0
3328100119981206    .0
3328100119981207    .2
3328100119981208    .0
3328100119981209   2.8
3328100119981210  10.0
3328100119981211   4.8
3328100119981212   1.0
3328100119981213    .4
3328100119981214    .4
3328100119981215    .2
3328100119981216    .4
3328100119981217    .0
3328100119981218    .8
3328100119981219  12.6
3328100119981220   4.6
3328100119981221    .2
3328100119981222    .2
3328100119981223   3.8
3328100119981224    .0
3328100119981225    .2
3328100119981226    .2
3328100119981227    .2
3328100119981228   3.2
3328100119981229    .8
3328100119981230   8.8
3328100119981231    .2
