3352900119940101   4.8
3352900119940102  16.0
3352900119940103   4.4
3352900119940104  10.0
3352900119940105  44.8
3352900119940106  18.8
3352900119940107   4.0
3352900119940108   6.6
3352900119940109   3.8
3352900119940110   6.0
3352900119940111   7.4
3352900119940112   1.2
3352900119940113    .0
3352900119940114   5.2
3352900119940115  11.2
3352900119940116   3.0
3352900119940117    .0
3352900119940118    .0
3352900119940119    .0
3352900119940120    .0
3352900119940121    .6
3352900119940122    .0
3352900119940123   3.4
3352900119940124    .8
3352900119940125   8.8
3352900119940126    .6
3352900119940127   2.6
3352900119940128    .2
3352900119940129    .0
3352900119940130    .0
3352900119940131    .0
3352900119940201    .0
3352900119940202   6.4
3352900119940203  12.0
3352900119940204  15.0
3352900119940205   1.8
3352900119940206   3.6
3352900119940207   4.2
3352900119940208   9.8
3352900119940209  20.8
3352900119940210   6.0
3352900119940211   5.0
3352900119940212   1.2
3352900119940213    .0
3352900119940214   1.0
3352900119940215   6.6
3352900119940216    .0
3352900119940217   4.0
3352900119940218   5.6
3352900119940219   2.4
3352900119940220   2.0
3352900119940221   3.6
3352900119940222   6.2
3352900119940223   2.2
3352900119940224    .0
3352900119940225    .0
3352900119940226    .0
3352900119940227    .0
3352900119940228    .0
3352900119940301    .0
3352900119940302   9.6
3352900119940303   1.4
3352900119940304    .0
3352900119940305    .0
3352900119940306    .0
3352900119940307    .0
3352900119940308    .0
3352900119940309    .0
3352900119940310    .0
3352900119940311    .0
3352900119940312    .2
3352900119940313   2.6
3352900119940314    .2
3352900119940315    .6
3352900119940316   1.0
3352900119940317    .0
3352900119940318    .0
3352900119940319    .3
3352900119940320    .0
3352900119940321   5.6
3352900119940322    .0
3352900119940323    .0
3352900119940324    .0
3352900119940325   4.8
3352900119940326    .2
3352900119940327    .0
3352900119940328    .0
3352900119940329    .0
3352900119940330    .0
3352900119940331    .0
3352900119940401   5.4
3352900119940402   8.4
3352900119940403  18.6
3352900119940404   7.0
3352900119940405  12.4
3352900119940406  21.0
3352900119940407   4.6
3352900119940408   7.6
3352900119940409   3.4
3352900119940410   3.4
3352900119940411    .0
3352900119940412   3.8
3352900119940413    .4
3352900119940414    .0
3352900119940415    .0
3352900119940416   1.8
3352900119940417   9.6
3352900119940418    .2
3352900119940419    .0
3352900119940420    .0
3352900119940421    .2
3352900119940422    .0
3352900119940423   3.8
3352900119940424   1.6
3352900119940425    .0
3352900119940426    .0
3352900119940427    .0
3352900119940428    .0
3352900119940429    .0
3352900119940430    .0
3352900119940501    .0
3352900119940502    .0
3352900119940503    .6
3352900119940504    .0
3352900119940505    .0
3352900119940506    .0
3352900119940507  11.6
3352900119940508    .0
3352900119940509    .0
3352900119940510    .0
3352900119940511   1.0
3352900119940512    .0
3352900119940513   9.2
3352900119940514    .0
3352900119940515   4.8
3352900119940516   4.6
3352900119940517    .0
3352900119940518   2.2
3352900119940519   7.0
3352900119940520   7.0
3352900119940521    .0
3352900119940522  15.4
3352900119940523   3.4
3352900119940524    .2
3352900119940525    .0
3352900119940526    .2
3352900119940527    .0
3352900119940528    .0
3352900119940529    .0
3352900119940530    .4
3352900119940531    .0
3352900119940601  47.4
3352900119940602    .0
3352900119940603    .0
3352900119940604   1.0
3352900119940605    .0
3352900119940606    .0
3352900119940607    .0
3352900119940608    .0
3352900119940609    .0
3352900119940610    .0
3352900119940611    .0
3352900119940612    .0
3352900119940613    .0
3352900119940614    .0
3352900119940615    .0
3352900119940616    .0
3352900119940617   3.6
3352900119940618    .0
3352900119940619   1.2
3352900119940620    .0
3352900119940621    .0
3352900119940622    .0
3352900119940623    .0
3352900119940624  32.0
3352900119940625   7.0
3352900119940626    .0
3352900119940627    .0
3352900119940628    .0
3352900119940629    .0
3352900119940630    .0
3352900119940701    .0
3352900119940702    .0
3352900119940703    .0
3352900119940704    .0
3352900119940705    .0
3352900119940706    .8
3352900119940707    .0
3352900119940708    .0
3352900119940709    .0
3352900119940710    .0
3352900119940711    .0
3352900119940712    .0
3352900119940713    .0
3352900119940714    .0
3352900119940715    .4
3352900119940716    .0
3352900119940717    .6
3352900119940718    .2
3352900119940719   1.6
3352900119940720    .0
3352900119940721    .0
3352900119940722    .0
3352900119940723    .0
3352900119940724   2.0
3352900119940725    .0
3352900119940726    .0
3352900119940727    .0
3352900119940728    .0
3352900119940729    .0
3352900119940730  31.0
3352900119940731  12.7
3352900119940801    .0
3352900119940802    .0
3352900119940803   2.8
3352900119940804   4.4
3352900119940805    .0
3352900119940806    .0
3352900119940807    .0
3352900119940808    .0
3352900119940809   9.6
3352900119940810   2.4
3352900119940811    .0
3352900119940812   5.2
3352900119940813   2.6
3352900119940814    .0
3352900119940815    .0
3352900119940816    .0
3352900119940817    .0
3352900119940818   1.8
3352900119940819    .0
3352900119940820    .0
3352900119940821    .0
3352900119940822    .0
3352900119940823    .2
3352900119940824   6.4
3352900119940825   4.8
3352900119940826    .2
3352900119940827    .0
3352900119940828    .0
3352900119940829    .0
3352900119940830    .0
3352900119940831   1.6
3352900119940901   3.0
3352900119940902    .0
3352900119940903    .0
3352900119940904    .0
3352900119940905    .0
3352900119940906    .0
3352900119940907   4.8
3352900119940908   6.8
3352900119940909   1.4
3352900119940910   2.0
3352900119940911    .0
3352900119940912   3.6
3352900119940913   7.8
3352900119940914  29.1
3352900119940915  20.0
3352900119940916  13.6
3352900119940917    .8
3352900119940918    .0
3352900119940919  11.5
3352900119940920   2.8
3352900119940921   2.4
3352900119940922    .6
3352900119940923   5.4
3352900119940924    .0
3352900119940925   5.2
3352900119940926  19.4
3352900119940927   2.4
3352900119940928    .0
3352900119940929   6.8
3352900119940930    .0
3352900119941001    .0
3352900119941002   3.2
3352900119941003   4.2
3352900119941004    .0
3352900119941005    .0
3352900119941006    .0
3352900119941007    .0
3352900119941008    .0
3352900119941009    .0
3352900119941010    .0
3352900119941011    .0
3352900119941012    .0
3352900119941013    .0
3352900119941014    .0
3352900119941015    .0
3352900119941016    .0
3352900119941017    .0
3352900119941018   3.4
3352900119941019   9.2
3352900119941020   1.6
3352900119941021   4.6
3352900119941022  15.6
3352900119941023   7.2
3352900119941024   8.4
3352900119941025  13.0
3352900119941026   2.2
3352900119941027   8.4
3352900119941028    .2
3352900119941029   3.4
3352900119941030    .0
3352900119941031    .0
3352900119941101    .8
3352900119941102    .0
3352900119941103   6.2
3352900119941104   8.8
3352900119941105  27.4
3352900119941106    .0
3352900119941107    .0
3352900119941108   1.0
3352900119941109   9.8
3352900119941110   1.4
3352900119941111    .2
3352900119941112   3.6
3352900119941113    .0
3352900119941114    .0
3352900119941115    .2
3352900119941116   5.6
3352900119941117   1.6
3352900119941118   1.6
3352900119941119    .0
3352900119941120    .0
3352900119941121    .0
3352900119941122    .0
3352900119941123    .0
3352900119941124    .0
3352900119941125    .0
3352900119941126    .0
3352900119941127    .0
3352900119941128    .0
3352900119941129    .0
3352900119941130    .0
3352900119941201    .0
3352900119941202    .0
3352900119941203    .0
3352900119941204   3.6
3352900119941205   1.2
3352900119941206    .0
3352900119941207   1.6
3352900119941208    .2
3352900119941209   4.0
3352900119941210   1.0
3352900119941211    .0
3352900119941212    .0
3352900119941213    .0
3352900119941214    .2
3352900119941215    .0
3352900119941216    .0
3352900119941217    .0
3352900119941218  10.0
3352900119941219  21.2
3352900119941220  11.2
3352900119941221  25.0
3352900119941222    .0
3352900119941223    .0
3352900119941224    .0
3352900119941225    .0
3352900119941226    .2
3352900119941227    .0
3352900119941228    .0
3352900119941229   9.6
3352900119941230  18.6
3352900119941231  31.0
3352900119950101   4.8
3352900119950102   8.2
3352900119950103    .0
3352900119950104    .0
3352900119950105  12.4
3352900119950106   5.6
3352900119950107    .0
3352900119950108   9.2
3352900119950109    .4
3352900119950110   4.4
3352900119950111  12.4
3352900119950112    .0
3352900119950113    .0
3352900119950114    .0
3352900119950115    .0
3352900119950116    .0
3352900119950117  11.2
3352900119950118  15.2
3352900119950119   4.6
3352900119950120  11.0
3352900119950121   1.0
3352900119950122   2.0
3352900119950123  20.4
3352900119950124   4.8
3352900119950125    .0
3352900119950126   2.8
3352900119950127   6.4
3352900119950128   5.0
3352900119950129  25.4
3352900119950130    .2
3352900119950131    .0
3352900119950201    .8
3352900119950202    .0
3352900119950203    .0
3352900119950204    .0
3352900119950205    .0
3352900119950206    .0
3352900119950207    .2
3352900119950208   9.9
3352900119950209   2.6
3352900119950210    .6
3352900119950211   3.8
3352900119950212    .0
3352900119950213   3.4
3352900119950214   3.0
3352900119950215   3.2
3352900119950216   2.4
3352900119950217  17.2
3352900119950218    .0
3352900119950219    .0
3352900119950220    .0
3352900119950221   7.2
3352900119950222   1.8
3352900119950223  17.2
3352900119950224   6.0
3352900119950225  16.6
3352900119950226    .8
3352900119950227    .0
3352900119950228    .0
3352900119950301   2.0
3352900119950302  19.0
3352900119950303  11.6
3352900119950304   8.2
3352900119950305  10.8
3352900119950306   4.4
3352900119950307   8.6
3352900119950308   4.6
3352900119950309    .2
3352900119950310    .0
3352900119950311    .0
3352900119950312    .0
3352900119950313    .0
3352900119950314    .0
3352900119950315   6.2
3352900119950316   1.6
3352900119950317   1.8
3352900119950318    .0
3352900119950319   7.4
3352900119950320    .0
3352900119950321    .0
3352900119950322    .0
3352900119950323    .0
3352900119950324    .0
3352900119950325    .0
3352900119950326    .0
3352900119950327   1.2
3352900119950328   2.8
3352900119950329    .2
3352900119950330    .0
3352900119950331    .0
3352900119950401    .0
3352900119950402    .0
3352900119950403    .0
3352900119950404    .0
3352900119950405    .0
3352900119950406    .0
3352900119950407    .0
3352900119950408    .0
3352900119950409    .0
3352900119950410    .0
3352900119950411    .0
3352900119950412    .0
3352900119950413    .0
3352900119950414    .0
3352900119950415    .0
3352900119950416    .0
3352900119950417    .2
3352900119950418    .0
3352900119950419   5.2
3352900119950420    .0
3352900119950421  10.8
3352900119950422   5.8
3352900119950423   3.0
3352900119950424    .3
3352900119950425    .2
3352900119950426    .0
3352900119950427    .4
3352900119950428    .0
3352900119950429    .0
3352900119950430    .0
3352900119950501    .0
3352900119950502    .0
3352900119950503    .0
3352900119950504    .0
3352900119950505    .0
3352900119950506    .0
3352900119950507    .0
3352900119950508    .0
3352900119950509    .0
3352900119950510    .0
3352900119950511    .0
3352900119950512  20.2
3352900119950513   1.4
3352900119950514    .0
3352900119950515   1.4
3352900119950516   2.8
3352900119950517  12.4
3352900119950518   4.6
3352900119950519    .0
3352900119950520    .0
3352900119950521    .0
3352900119950522    .4
3352900119950523   1.8
3352900119950524  12.8
3352900119950525   1.2
3352900119950526    .0
3352900119950527    .0
3352900119950528    .0
3352900119950529    .0
3352900119950530   5.4
3352900119950531   2.8
3352900119950601    .0
3352900119950602    .4
3352900119950603    .0
3352900119950604   1.6
3352900119950605    .0
3352900119950606    .0
3352900119950607    .0
3352900119950608    .0
3352900119950609    .0
3352900119950610    .0
3352900119950611   3.6
3352900119950612    .0
3352900119950613    .0
3352900119950614    .0
3352900119950615    .0
3352900119950616    .0
3352900119950617    .0
3352900119950618    .0
3352900119950619   1.4
3352900119950620   4.2
3352900119950621    .0
3352900119950622    .0
3352900119950623    .0
3352900119950624    .0
3352900119950625    .0
3352900119950626    .0
3352900119950627    .0
3352900119950628    .0
3352900119950629    .0
3352900119950630   1.0
3352900119950701   8.2
3352900119950702   2.0
3352900119950703  13.2
3352900119950704   2.6
3352900119950705    .0
3352900119950706    .0
3352900119950707    .0
3352900119950708    .0
3352900119950709    .0
3352900119950710  27.2
3352900119950711    .0
3352900119950712    .0
3352900119950713    .0
3352900119950714    .0
3352900119950715    .4
3352900119950716    .0
3352900119950717    .0
3352900119950718    .0
3352900119950719    .0
3352900119950720    .0
3352900119950721    .0
3352900119950722    .0
3352900119950723    .0
3352900119950724    .0
3352900119950725   2.2
3352900119950726    .0
3352900119950727    .0
3352900119950728    .0
3352900119950729    .0
3352900119950730    .0
3352900119950731    .0
3352900119950801    .0
3352900119950802    .0
3352900119950803    .0
3352900119950804    .0
3352900119950805   1.0
3352900119950806   7.2
3352900119950807   3.8
3352900119950808    .0
3352900119950809    .0
3352900119950810    .4
3352900119950811    .0
3352900119950812    .4
3352900119950813    .0
3352900119950814    .0
3352900119950815    .0
3352900119950816    .0
3352900119950817    .0
3352900119950818    .0
3352900119950819    .0
3352900119950820    .0
3352900119950821   7.6
3352900119950822    .4
3352900119950823    .0
3352900119950824    .2
3352900119950825   1.4
3352900119950826    .8
3352900119950827   1.6
3352900119950828    .0
3352900119950829    .0
3352900119950830    .0
3352900119950831    .0
3352900119950901    .0
3352900119950902    .0
3352900119950903   2.2
3352900119950904    .0
3352900119950905   1.2
3352900119950906  18.4
3352900119950907  18.6
3352900119950908  10.6
3352900119950909    .0
3352900119950910   1.0
3352900119950911    .0
3352900119950912  11.6
3352900119950913   5.0
3352900119950914  10.8
3352900119950915  17.6
3352900119950916   9.6
3352900119950917  10.4
3352900119950918    .8
3352900119950919  28.2
3352900119950920    .0
3352900119950921    .0
3352900119950922    .0
3352900119950923    .0
3352900119950924   5.2
3352900119950925    .0
3352900119950926    .0
3352900119950927   5.2
3352900119950928    .0
3352900119950929    .2
3352900119950930   5.0
3352900119951001   1.2
3352900119951002   1.6
3352900119951003    .1
3352900119951004   8.8
3352900119951005    .0
3352900119951006    .0
3352900119951007    .0
3352900119951008    .0
3352900119951009    .0
3352900119951010    .0
3352900119951011    .0
3352900119951012    .0
3352900119951013    .0
3352900119951014    .0
3352900119951015    .0
3352900119951016    .0
3352900119951017    .0
3352900119951018    .0
3352900119951019    .0
3352900119951020    .2
3352900119951021    .0
3352900119951022    .0
3352900119951023    .0
3352900119951024   2.0
3352900119951025    .6
3352900119951026    .0
3352900119951027    .0
3352900119951028   4.6
3352900119951029  17.8
3352900119951030    .0
3352900119951031    .0
3352900119951101    .0
3352900119951102    .0
3352900119951103    .0
3352900119951104    .0
3352900119951105    .0
3352900119951106    .0
3352900119951107    .0
3352900119951108    .0
3352900119951109    .0
3352900119951110   1.0
3352900119951111   9.6
3352900119951112  12.8
3352900119951113   7.2
3352900119951114    .0
3352900119951115  11.6
3352900119951116   2.0
3352900119951117   6.6
3352900119951118    .0
3352900119951119    .0
3352900119951120    .0
3352900119951121  13.8
3352900119951122   3.0
3352900119951123    .0
3352900119951124    .0
3352900119951125  14.2
3352900119951126   3.6
3352900119951127   2.4
3352900119951128    .0
3352900119951129    .0
3352900119951130   2.0
3352900119951201    .8
3352900119951202  18.2
3352900119951203  11.2
3352900119951204  12.2
3352900119951205    .0
3352900119951206   1.4
3352900119951207    .2
3352900119951208    .0
3352900119951209    .0
3352900119951210    .0
3352900119951211    .0
3352900119951212    .0
3352900119951213    .0
3352900119951214    .0
3352900119951215   7.0
3352900119951216   3.4
3352900119951217    .2
3352900119951218    .0
3352900119951219    .0
3352900119951220    .0
3352900119951221    .0
3352900119951222   6.6
3352900119951223   4.8
3352900119951224   7.0
3352900119951225   5.0
3352900119951226   2.4
3352900119951227  17.0
3352900119951228   6.0
3352900119951229   3.4
3352900119951230   8.2
3352900119951231   2.2
3352900119960101   1.4
3352900119960102   2.6
3352900119960103    .0
3352900119960104    .8
3352900119960105   8.0
3352900119960106  15.8
3352900119960107   9.6
3352900119960108   2.8
3352900119960109   1.0
3352900119960110   2.2
3352900119960111  11.8
3352900119960112   4.0
3352900119960113    .2
3352900119960114    .2
3352900119960115    .0
3352900119960116    .0
3352900119960117    .0
3352900119960118    .0
3352900119960119    .0
3352900119960120    .0
3352900119960121    .0
3352900119960122  11.4
3352900119960123   9.0
3352900119960124  11.0
3352900119960125   1.8
3352900119960126   6.0
3352900119960127    .0
3352900119960128    .0
3352900119960129    .2
3352900119960130    .0
3352900119960131    .0
3352900119960201   1.2
3352900119960202   3.2
3352900119960203    .0
3352900119960204    .0
3352900119960205  14.2
3352900119960206   9.8
3352900119960207  17.4
3352900119960208   1.0
3352900119960209   4.0
3352900119960210   8.2
3352900119960211   9.0
3352900119960212   6.4
3352900119960213    .2
3352900119960214    .0
3352900119960215    .0
3352900119960216    .0
3352900119960217    .2
3352900119960218   6.6
3352900119960219   8.5
3352900119960220   3.2
3352900119960221    .0
3352900119960222  19.4
3352900119960223   5.0
3352900119960224    .8
3352900119960225   2.8
3352900119960226   8.6
3352900119960227    .0
3352900119960228    .0
3352900119960229    .0
3352900119960301    .0
3352900119960302    .0
3352900119960303    .0
3352900119960304    .0
3352900119960305    .0
3352900119960306    .0
3352900119960307    .0
3352900119960308    .0
3352900119960309    .0
3352900119960310    .0
3352900119960311    .0
3352900119960312    .0
3352900119960313    .0
3352900119960314   4.8
3352900119960315   3.4
3352900119960316    .8
3352900119960317    .2
3352900119960318    .0
3352900119960319   1.6
3352900119960320    .0
3352900119960321    .0
3352900119960322    .0
3352900119960323    .0
3352900119960324   1.2
3352900119960325   2.8
3352900119960326   7.0
3352900119960327   6.8
3352900119960328    .0
3352900119960329    .0
3352900119960330    .0
3352900119960331   5.6
3352900119960401    .0
3352900119960402    .0
3352900119960403    .0
3352900119960404    .0
3352900119960405    .0
3352900119960406    .0
3352900119960407    .0
3352900119960408    .0
3352900119960409    .0
3352900119960410    .0
3352900119960411    .0
3352900119960412    .0
3352900119960413    .0
3352900119960414    .0
3352900119960415    .0
3352900119960416   6.2
3352900119960417   1.8
3352900119960418    .0
3352900119960419    .0
3352900119960420    .0
3352900119960421    .4
3352900119960422  15.2
3352900119960423    .2
3352900119960424    .2
3352900119960425    .0
3352900119960426    .0
3352900119960427    .4
3352900119960428   4.4
3352900119960429    .0
3352900119960430   2.0
3352900119960501  14.6
3352900119960502  15.0
3352900119960503    .0
3352900119960504    .0
3352900119960505    .2
3352900119960506   5.8
3352900119960507    .2
3352900119960508    .0
3352900119960509    .0
3352900119960510    .0
3352900119960511    .0
3352900119960512    .0
3352900119960513    .0
3352900119960514    .0
3352900119960515    .0
3352900119960516    .4
3352900119960517   1.0
3352900119960518    .2
3352900119960519   2.8
3352900119960520   2.0
3352900119960521    .2
3352900119960522    .0
3352900119960523    .0
3352900119960524    .0
3352900119960525   1.3
3352900119960526    .0
3352900119960527    .1
3352900119960528    .2
3352900119960529    .0
3352900119960530    .2
3352900119960531   8.1
3352900119960601    .0
3352900119960602    .0
3352900119960603    .0
3352900119960604    .0
3352900119960605    .0
3352900119960606    .0
3352900119960607  10.6
3352900119960608    .0
3352900119960609    .0
3352900119960610    .0
3352900119960611    .0
3352900119960612    .0
3352900119960613    .0
3352900119960614    .0
3352900119960615    .0
3352900119960616    .0
3352900119960617    .0
3352900119960618    .0
3352900119960619    .0
3352900119960620   9.6
3352900119960621  26.8
3352900119960622    .1
3352900119960623    .0
3352900119960624    .0
3352900119960625    .0
3352900119960626    .0
3352900119960627    .0
3352900119960628    .0
3352900119960629    .8
3352900119960630    .0
3352900119960701   2.6
3352900119960702   1.2
3352900119960703   3.4
3352900119960704   4.0
3352900119960705   4.0
3352900119960706  11.0
3352900119960707  14.4
3352900119960708    .0
3352900119960709    .0
3352900119960710    .5
3352900119960711    .0
3352900119960712    .0
3352900119960713    .0
3352900119960714    .0
3352900119960715    .0
3352900119960716    .0
3352900119960717    .0
3352900119960718    .0
3352900119960719    .0
3352900119960720    .0
3352900119960721    .0
3352900119960722    .0
3352900119960723    .0
3352900119960724    .0
3352900119960725   8.0
3352900119960726    .4
3352900119960727    .2
3352900119960728    .0
3352900119960729    .0
3352900119960730    .0
3352900119960731    .0
3352900119960801   3.0
3352900119960802   5.4
3352900119960803    .0
3352900119960804    .8
3352900119960805    .2
3352900119960806  11.2
3352900119960807    .0
3352900119960808    .0
3352900119960809    .0
3352900119960810   3.0
3352900119960811   9.4
3352900119960812    .0
3352900119960813    .0
3352900119960814    .0
3352900119960815    .0
3352900119960816    .0
3352900119960817    .0
3352900119960818    .0
3352900119960819  16.6
3352900119960820  14.0
3352900119960821  25.6
3352900119960822    .0
3352900119960823   3.0
3352900119960824   5.4
3352900119960825  13.6
3352900119960826    .2
3352900119960827    .6
3352900119960828   1.2
3352900119960829   8.2
3352900119960830    .0
3352900119960831    .0
3352900119960901    .0
3352900119960902    .0
3352900119960903    .0
3352900119960904    .0
3352900119960905    .0
3352900119960906    .0
3352900119960907    .0
3352900119960908    .0
3352900119960909    .0
3352900119960910    .0
3352900119960911    .0
3352900119960912    .0
3352900119960913    .0
3352900119960914    .0
3352900119960915    .0
3352900119960916   3.8
3352900119960917   3.6
3352900119960918   1.2
3352900119960919   3.6
3352900119960920   3.0
3352900119960921   3.2
3352900119960922    .0
3352900119960923  29.0
3352900119960924   5.2
3352900119960925    .8
3352900119960926   5.0
3352900119960927   7.2
3352900119960928    .0
3352900119960929    .0
3352900119960930  29.6
3352900119961001  10.0
3352900119961002  11.6
3352900119961003    .0
3352900119961004   1.8
3352900119961005   1.8
3352900119961006    .0
3352900119961007    .0
3352900119961008    .2
3352900119961009   1.0
3352900119961010    .0
3352900119961011    .0
3352900119961012    .0
3352900119961013   1.8
3352900119961014   5.8
3352900119961015   6.0
3352900119961016  17.6
3352900119961017   1.8
3352900119961018   1.4
3352900119961019    .0
3352900119961020    .0
3352900119961021    .0
3352900119961022    .0
3352900119961023    .0
3352900119961024    .0
3352900119961025    .0
3352900119961026    .0
3352900119961027    .0
3352900119961028   3.4
3352900119961029   1.0
3352900119961030    .0
3352900119961031    .4
3352900119961101    .0
3352900119961102    .0
3352900119961103    .0
3352900119961104  10.2
3352900119961105   1.4
3352900119961106    .0
3352900119961107    .6
3352900119961108    .0
3352900119961109    .0
3352900119961110  29.0
3352900119961111    .2
3352900119961112   2.0
3352900119961113    .0
3352900119961114    .0
3352900119961115    .0
3352900119961116  11.8
3352900119961117  10.2
3352900119961118  12.2
3352900119961119  21.2
3352900119961120   4.8
3352900119961121   6.0
3352900119961122    .8
3352900119961123   1.2
3352900119961124  18.8
3352900119961125  34.2
3352900119961126   7.2
3352900119961127   6.4
3352900119961128   1.6
3352900119961129  11.4
3352900119961130   5.6
3352900119961201   3.0
3352900119961202    .0
3352900119961203   1.4
3352900119961204  10.0
3352900119961205   4.6
3352900119961206   1.6
3352900119961207    .2
3352900119961208    .0
3352900119961209    .0
3352900119961210    .0
3352900119961211   3.0
3352900119961212    .0
3352900119961213    .2
3352900119961214    .0
3352900119961215    .0
3352900119961216    .0
3352900119961217    .0
3352900119961218  21.2
3352900119961219   2.8
3352900119961220   1.2
3352900119961221   4.4
3352900119961222   2.0
3352900119961223    .6
3352900119961224    .8
3352900119961225    .0
3352900119961226    .0
3352900119961227    .0
3352900119961228    .0
3352900119961229    .0
3352900119961230    .0
3352900119961231    .0
3352900119970101    .0
3352900119970102    .0
3352900119970103  14.8
3352900119970104   4.0
3352900119970105    .4
3352900119970106    .0
3352900119970107   1.6
3352900119970108   1.0
3352900119970109   2.6
3352900119970110    .0
3352900119970111    .0
3352900119970112    .0
3352900119970113    .0
3352900119970114    .0
3352900119970115    .0
3352900119970116    .8
3352900119970117   5.6
3352900119970118    .0
3352900119970119    .2
3352900119970120    .8
3352900119970121  11.6
3352900119970122   4.0
3352900119970123    .6
3352900119970124    .0
3352900119970125   2.4
3352900119970126    .0
3352900119970127    .0
3352900119970128    .0
3352900119970129    .0
3352900119970130    .0
3352900119970131    .0
3352900119970201    .0
3352900119970202    .0
3352900119970203    .2
3352900119970204    .2
3352900119970205   2.0
3352900119970206    .2
3352900119970207    .0
3352900119970208    .2
3352900119970209    .4
3352900119970210  16.2
3352900119970211   2.4
3352900119970212    .4
3352900119970213   9.0
3352900119970214  13.8
3352900119970215    .2
3352900119970216    .4
3352900119970217   1.2
3352900119970218    .6
3352900119970219    .2
3352900119970220    .0
3352900119970221    .2
3352900119970222    .2
3352900119970223    .2
3352900119970224   1.8
3352900119970225   1.8
3352900119970226    .0
3352900119970227    .0
3352900119970228    .0
3352900119970301    .0
3352900119970302    .0
3352900119970303    .0
3352900119970304    .0
3352900119970305    .0
3352900119970306    .0
3352900119970307    .0
3352900119970308    .2
3352900119970309    .0
3352900119970310    .0
3352900119970311    .0
3352900119970312    .0
3352900119970313    .0
3352900119970314   2.4
3352900119970315   1.4
3352900119970316    .0
3352900119970317    .2
3352900119970318    .0
3352900119970319    .0
3352900119970320    .0
3352900119970321    .0
3352900119970322    .0
3352900119970323    .0
3352900119970324   9.6
3352900119970325    .0
3352900119970326    .2
3352900119970327    .0
3352900119970328    .0
3352900119970329    .0
3352900119970330    .0
3352900119970331    .0
3352900119970401    .0
3352900119970402    .0
3352900119970403    .0
3352900119970404    .0
3352900119970405    .0
3352900119970406    .0
3352900119970407    .0
3352900119970408    .0
3352900119970409    .0
3352900119970410    .0
3352900119970411    .0
3352900119970412    .0
3352900119970413    .0
3352900119970414    .0
3352900119970415    .0
3352900119970416    .0
3352900119970417    .0
3352900119970418    .0
3352900119970419    .0
3352900119970420    .0
3352900119970421    .0
3352900119970422    .0
3352900119970423    .0
3352900119970424    .0
3352900119970425    .0
3352900119970426  10.8
3352900119970427   2.0
3352900119970428    .0
3352900119970429    .0
3352900119970430    .0
3352900119970501    .0
3352900119970502    .0
3352900119970503    .0
3352900119970504   9.6
3352900119970505   9.0
3352900119970506   6.0
3352900119970507   2.0
3352900119970508   7.4
3352900119970509   1.0
3352900119970510   2.2
3352900119970511    .2
3352900119970512    .0
3352900119970513  19.6
3352900119970514   2.8
3352900119970515    .0
3352900119970516   4.6
3352900119970517    .0
3352900119970518   1.8
3352900119970519    .6
3352900119970520    .0
3352900119970521    .4
3352900119970522    .0
3352900119970523   3.8
3352900119970524    .0
3352900119970525    .0
3352900119970526    .0
3352900119970527   7.8
3352900119970528    .0
3352900119970529    .0
3352900119970530    .0
3352900119970531   6.4
3352900119970601   5.8
3352900119970602    .0
3352900119970603    .0
3352900119970604   3.8
3352900119970605    .2
3352900119970606    .4
3352900119970607   3.0
3352900119970608    .0
3352900119970609    .0
3352900119970610  16.2
3352900119970611    .0
3352900119970612    .0
3352900119970613   8.8
3352900119970614    .0
3352900119970615    .0
3352900119970616    .4
3352900119970617    .0
3352900119970618    .0
3352900119970619    .8
3352900119970620   5.8
3352900119970621   5.4
3352900119970622   3.8
3352900119970623   1.4
3352900119970624    .0
3352900119970625   3.0
3352900119970626   2.2
3352900119970627   4.0
3352900119970628  13.2
3352900119970629  25.4
3352900119970630   6.8
3352900119970701   9.2
3352900119970702    .4
3352900119970703    .0
3352900119970704   2.4
3352900119970705    .2
3352900119970706    .0
3352900119970707    .0
3352900119970708    .0
3352900119970709   5.2
3352900119970710    .0
3352900119970711    .0
3352900119970712   5.4
3352900119970713   2.0
3352900119970714    .0
3352900119970715    .0
3352900119970716    .8
3352900119970717    .2
3352900119970718    .0
3352900119970719    .0
3352900119970720    .0
3352900119970721    .0
3352900119970722    .0
3352900119970723    .0
3352900119970724    .0
3352900119970725   3.4
3352900119970726    .6
3352900119970727    .0
3352900119970728    .0
3352900119970729    .0
3352900119970730    .0
3352900119970731    .0
3352900119970801    .0
3352900119970802    .0
3352900119970803    .0
3352900119970804   2.0
3352900119970805  14.4
3352900119970806   4.6
3352900119970807  33.8
3352900119970808    .0
3352900119970809    .2
3352900119970810   8.8
3352900119970811    .0
3352900119970812    .0
3352900119970813    .0
3352900119970814    .0
3352900119970815    .0
3352900119970816    .0
3352900119970817    .0
3352900119970818    .0
3352900119970819    .0
3352900119970820  24.6
3352900119970821    .0
3352900119970822    .0
3352900119970823    .2
3352900119970824    .0
3352900119970825   5.4
3352900119970826    .2
3352900119970827  15.8
3352900119970828  19.2
3352900119970829   3.4
3352900119970830    .0
3352900119970831    .0
3352900119970901  11.8
3352900119970902    .0
3352900119970903    .0
3352900119970904    .0
3352900119970905    .0
3352900119970906    .0
3352900119970907    .0
3352900119970908    .0
3352900119970909    .0
3352900119970910    .0
3352900119970911    .0
3352900119970912  12.6
3352900119970913    .0
3352900119970914    .0
3352900119970915    .0
3352900119970916    .0
3352900119970917    .0
3352900119970918    .0
3352900119970919    .0
3352900119970920    .0
3352900119970921    .0
3352900119970922    .0
3352900119970923    .0
3352900119970924    .0
3352900119970925    .0
3352900119970926    .0
3352900119970927    .0
3352900119970928    .0
3352900119970929    .0
3352900119970930    .0
3352900119971001    .0
3352900119971002    .0
3352900119971003    .0
3352900119971004    .0
3352900119971005    .0
3352900119971006   8.0
3352900119971007    .0
3352900119971008    .0
3352900119971009    .0
3352900119971010   5.0
3352900119971011   7.8
3352900119971012    .8
3352900119971013   3.4
3352900119971014    .0
3352900119971015   4.0
3352900119971016    .0
3352900119971017    .0
3352900119971018    .0
3352900119971019   3.0
3352900119971020    .0
3352900119971021    .0
3352900119971022    .4
3352900119971023    .0
3352900119971024    .0
3352900119971025    .0
3352900119971026    .0
3352900119971027    .0
3352900119971028    .0
3352900119971029    .0
3352900119971030    .0
3352900119971031    .0
3352900119971101    .0
3352900119971102    .0
3352900119971103    .0
3352900119971104   1.6
3352900119971105  11.4
3352900119971106  12.0
3352900119971107   7.6
3352900119971108  15.6
3352900119971109  11.8
3352900119971110  23.8
3352900119971111  17.2
3352900119971112   6.6
3352900119971113    .2
3352900119971114    .0
3352900119971115    .0
3352900119971116    .0
3352900119971117    .0
3352900119971118   4.0
3352900119971119   1.6
3352900119971120   5.2
3352900119971121  15.6
3352900119971122   1.6
3352900119971123    .0
3352900119971124    .0
3352900119971125   2.8
3352900119971126   1.0
3352900119971127   3.8
3352900119971128  15.2
3352900119971129  17.2
3352900119971130   6.2
3352900119971201  14.2
3352900119971202   9.4
3352900119971203    .0
3352900119971204    .2
3352900119971205    .0
3352900119971206    .2
3352900119971207    .0
3352900119971208   6.2
3352900119971209    .6
3352900119971210  16.0
3352900119971211   5.6
3352900119971212    .6
3352900119971213    .2
3352900119971214    .2
3352900119971215    .0
3352900119971216   5.2
3352900119971217   9.4
3352900119971218   1.8
3352900119971219   2.6
3352900119971220  13.2
3352900119971221   2.6
3352900119971222   5.8
3352900119971223    .0
3352900119971224    .6
3352900119971225   1.2
3352900119971226   8.0
3352900119971227  10.2
3352900119971228   1.6
3352900119971229    .4
3352900119971230  13.0
3352900119971231  14.4
3352900119980101    .8
3352900119980102   3.8
3352900119980103   5.6
3352900119980104    .2
3352900119980105    .0
3352900119980106    .0
3352900119980107    .2
3352900119980108    .4
3352900119980109    .2
3352900119980110    .4
3352900119980111    .0
3352900119980112    .0
3352900119980113   7.2
3352900119980114  12.2
3352900119980115   5.8
3352900119980116   2.6
3352900119980117    .0
3352900119980118  30.8
3352900119980119  13.2
3352900119980120    .0
3352900119980121    .2
3352900119980122    .2
3352900119980123    .0
3352900119980124    .2
3352900119980125    .0
3352900119980126    .0
3352900119980127    .2
3352900119980128    .2
3352900119980129    .0
3352900119980130    .0
3352900119980131    .0
3352900119980201    .2
3352900119980202    .8
3352900119980203    .0
3352900119980204    .0
3352900119980205    .0
3352900119980206    .2
3352900119980207    .0
3352900119980208    .2
3352900119980209    .0
3352900119980210    .2
3352900119980211    .2
3352900119980212    .2
3352900119980213    .2
3352900119980214    .0
3352900119980215    .4
3352900119980216    .2
3352900119980217    .0
3352900119980218    .2
3352900119980219    .2
3352900119980220    .0
3352900119980221  11.4
3352900119980222   4.0
3352900119980223    .0
3352900119980224    .2
3352900119980225    .0
3352900119980226    .2
3352900119980227    .0
3352900119980228   1.8
3352900119980301   1.6
3352900119980302    .0
3352900119980303    .0
3352900119980304   5.0
3352900119980305    .0
3352900119980306    .2
3352900119980307    .0
3352900119980308  17.2
3352900119980309   2.8
3352900119980310   2.4
3352900119980311   5.8
3352900119980312   1.4
3352900119980313    .0
3352900119980314    .0
3352900119980315    .4
3352900119980316    .2
3352900119980317    .2
3352900119980318    .0
3352900119980319    .2
3352900119980320    .0
3352900119980321    .0
3352900119980322    .0
3352900119980323    .0
3352900119980324    .0
3352900119980325    .0
3352900119980326    .0
3352900119980327    .0
3352900119980328    .0
3352900119980329  12.0
3352900119980330   1.4
3352900119980331    .0
3352900119980401   2.6
3352900119980402   2.6
3352900119980403  21.0
3352900119980404   5.8
3352900119980405   3.0
3352900119980406   8.0
3352900119980407   4.4
3352900119980408  15.4
3352900119980409  20.6
3352900119980410   4.8
3352900119980411  19.2
3352900119980412   8.6
3352900119980413   3.4
3352900119980414   2.8
3352900119980415   5.6
3352900119980416   9.2
3352900119980417  10.0
3352900119980418    .8
3352900119980419    .4
3352900119980420   1.0
3352900119980421    .0
3352900119980422   1.6
3352900119980423    .4
3352900119980424   1.0
3352900119980425   6.8
3352900119980426  12.6
3352900119980427  14.4
3352900119980428  10.8
3352900119980429   1.0
3352900119980430    .4
3352900119980501    .6
3352900119980502   1.6
3352900119980503    .0
3352900119980504    .0
3352900119980505    .0
3352900119980506    .2
3352900119980507    .0
3352900119980508    .0
3352900119980509    .0
3352900119980510    .0
3352900119980511    .4
3352900119980512    .0
3352900119980513    .0
3352900119980514    .0
3352900119980515    .4
3352900119980516    .0
3352900119980517    .2
3352900119980518    .0
3352900119980519    .0
3352900119980520    .0
3352900119980521    .0
3352900119980522    .0
3352900119980523    .0
3352900119980524    .0
3352900119980525    .0
3352900119980526   3.2
3352900119980527    .4
3352900119980528    .2
3352900119980529  14.8
3352900119980530    .4
3352900119980531    .4
3352900119980601  17.8
3352900119980602    .2
3352900119980603    .6
3352900119980604  15.0
3352900119980605   3.6
3352900119980606    .0
3352900119980607    .0
3352900119980608    .0
3352900119980609   3.4
3352900119980610   3.4
3352900119980611   8.0
3352900119980612    .0
3352900119980613   3.8
3352900119980614   1.6
3352900119980615    .0
3352900119980616    .2
3352900119980617    .0
3352900119980618    .0
3352900119980619    .0
3352900119980620    .0
3352900119980621    .0
3352900119980622    .0
3352900119980623    .0
3352900119980624   2.6
3352900119980625    .4
3352900119980626    .0
3352900119980627    .4
3352900119980628    .0
3352900119980629    .0
3352900119980630    .0
3352900119980701   9.4
3352900119980702    .0
3352900119980703    .2
3352900119980704    .0
3352900119980705    .2
3352900119980706   3.6
3352900119980707   3.2
3352900119980708    .0
3352900119980709    .0
3352900119980710    .4
3352900119980711    .0
3352900119980712    .0
3352900119980713   3.6
3352900119980714    .0
3352900119980715    .0
3352900119980716    .4
3352900119980717    .0
3352900119980718    .0
3352900119980719    .0
3352900119980720   6.2
3352900119980721    .0
3352900119980722    .2
3352900119980723    .0
3352900119980724    .0
3352900119980725    .0
3352900119980726    .0
3352900119980727    .0
3352900119980728   1.6
3352900119980729    .0
3352900119980730    .2
3352900119980731    .0
3352900119980801    .0
3352900119980802    .2
3352900119980803    .0
3352900119980804    .0
3352900119980805    .0
3352900119980806    .0
3352900119980807    .0
3352900119980808    .0
3352900119980809    .0
3352900119980810    .0
3352900119980811    .0
3352900119980812    .0
3352900119980813    .0
3352900119980814    .0
3352900119980815   1.0
3352900119980816    .2
3352900119980817    .0
3352900119980818    .0
3352900119980819    .2
3352900119980820    .0
3352900119980821   2.4
3352900119980822   2.6
3352900119980823   1.6
3352900119980824   7.6
3352900119980825    .4
3352900119980826    .2
3352900119980827    .0
3352900119980828    .0
3352900119980829    .0
3352900119980830    .0
3352900119980831    .0
3352900119980901    .6
3352900119980902   3.2
3352900119980903    .6
3352900119980904  12.6
3352900119980905    .4
3352900119980906    .8
3352900119980907   1.6
3352900119980908    .0
3352900119980909    .2
3352900119980910   3.8
3352900119980911  15.0
3352900119980912  13.2
3352900119980913   3.0
3352900119980914   3.0
3352900119980915  14.4
3352900119980916    .4
3352900119980917    .2
3352900119980918    .0
3352900119980919    .0
3352900119980920    .0
3352900119980921    .0
3352900119980922   5.0
3352900119980923   3.2
3352900119980924   2.2
3352900119980925   1.8
3352900119980926   4.4
3352900119980927   8.4
3352900119980928    .6
3352900119980929   9.2
3352900119980930   7.8
3352900119981001  36.2
3352900119981002   3.0
3352900119981003    .0
3352900119981004   4.0
3352900119981005   7.2
3352900119981006   4.8
3352900119981007   5.0
3352900119981008   8.6
3352900119981009    .2
3352900119981010   6.2
3352900119981011  27.6
3352900119981012    .0
3352900119981013    .0
3352900119981014    .4
3352900119981015    .2
3352900119981016    .2
3352900119981017   3.0
3352900119981018    .2
3352900119981019   2.6
3352900119981020    .2
3352900119981021    .2
3352900119981022    .2
3352900119981023   1.6
3352900119981024  13.6
3352900119981025   9.8
3352900119981026   2.0
3352900119981027    .0
3352900119981028    .2
3352900119981029   2.2
3352900119981030    .0
3352900119981031   6.0
3352900119981101   3.6
3352900119981102   2.2
3352900119981103  15.4
3352900119981104   2.0
3352900119981105    .2
3352900119981106    .4
3352900119981107    .0
3352900119981108    .0
3352900119981109   3.6
3352900119981110   1.6
3352900119981111    .4
3352900119981112   1.8
3352900119981113  10.2
3352900119981114   3.6
3352900119981115    .2
3352900119981116    .4
3352900119981117    .0
3352900119981118    .0
3352900119981119    .2
3352900119981120    .0
3352900119981121    .2
3352900119981122    .0
3352900119981123    .0
3352900119981124   8.8
3352900119981125  13.2
3352900119981126    .8
3352900119981127   3.6
3352900119981128  11.2
3352900119981129   2.0
3352900119981130    .0
3352900119981201    .0
3352900119981202    .0
3352900119981203    .0
3352900119981204   1.8
3352900119981205   1.8
3352900119981206    .2
3352900119981207    .2
3352900119981208    .0
3352900119981209   4.6
3352900119981210   6.4
3352900119981211   1.8
3352900119981212   1.6
3352900119981213    .4
3352900119981214    .6
3352900119981215    .2
3352900119981216    .2
3352900119981217    .2
3352900119981218   1.2
3352900119981219   9.6
3352900119981220   4.0
3352900119981221    .0
3352900119981222    .2
3352900119981223   3.6
3352900119981224    .0
3352900119981225    .2
3352900119981226    .0
3352900119981227    .0
3352900119981228   5.8
3352900119981229   2.0
3352900119981230  11.0
3352900119981231    .2
