3415400119940101    .0
3415400119940102    .0
3415400119940103    .0
3415400119940104    .0
3415400119940105    .0
3415400119940106   7.5
3415400119940107   3.0
3415400119940108    .0
3415400119940109    .4
3415400119940110  10.6
3415400119940111    .0
3415400119940112    .0
3415400119940113    .0
3415400119940114    .0
3415400119940115    .0
3415400119940116    .0
3415400119940117    .0
3415400119940118    .0
3415400119940119    .0
3415400119940120    .0
3415400119940121    .0
3415400119940122    .0
3415400119940123    .0
3415400119940124    .0
3415400119940125    .0
3415400119940126    .0
3415400119940127    .0
3415400119940128    .0
3415400119940129    .0
3415400119940130    .0
3415400119940131    .0
3415400119940201    .0
3415400119940202    .0
3415400119940203  10.4
3415400119940204  11.2
3415400119940205   6.0
3415400119940206    .0
3415400119940207    .0
3415400119940208    .0
3415400119940209    .0
3415400119940210    .0
3415400119940211   1.0
3415400119940212   1.2
3415400119940213   8.6
3415400119940214  68.0
3415400119940215   8.8
3415400119940216    .0
3415400119940217    .0
3415400119940218    .0
3415400119940219    .0
3415400119940220   2.4
3415400119940221    .0
3415400119940222    .0
3415400119940223   8.2
3415400119940224    .0
3415400119940225    .0
3415400119940226    .0
3415400119940227    .0
3415400119940228    .0
3415400119940301    .2
3415400119940302    .1
3415400119940303    .0
3415400119940304    .0
3415400119940305    .0
3415400119940306    .0
3415400119940307    .0
3415400119940308    .0
3415400119940309    .0
3415400119940310    .0
3415400119940311    .0
3415400119940312    .0
3415400119940313    .0
3415400119940314    .0
3415400119940315    .0
3415400119940316    .0
3415400119940317    .0
3415400119940318    .0
3415400119940319    .0
3415400119940320    .0
3415400119940321   1.6
3415400119940322    .0
3415400119940323    .0
3415400119940324    .0
3415400119940325    .2
3415400119940326   1.0
3415400119940327    .0
3415400119940328    .0
3415400119940329    .0
3415400119940330    .0
3415400119940331    .0
3415400119940401    .0
3415400119940402    .0
3415400119940403    .8
3415400119940404   5.6
3415400119940405    .0
3415400119940406    .0
3415400119940407    .0
3415400119940408    .0
3415400119940409    .0
3415400119940410    .8
3415400119940411    .0
3415400119940412    .0
3415400119940413    .0
3415400119940414    .0
3415400119940415    .0
3415400119940416    .7
3415400119940417    .0
3415400119940418    .0
3415400119940419    .0
3415400119940420   7.0
3415400119940421    .0
3415400119940422    .0
3415400119940423    .0
3415400119940424  16.8
3415400119940425    .4
3415400119940426    .0
3415400119940427    .0
3415400119940428    .0
3415400119940429    .0
3415400119940430    .0
3415400119940501    .0
3415400119940502    .0
3415400119940503    .0
3415400119940504    .0
3415400119940505    .0
3415400119940506    .0
3415400119940507    .0
3415400119940508    .4
3415400119940509    .0
3415400119940510    .0
3415400119940511    .2
3415400119940512    .0
3415400119940513  15.6
3415400119940514    .2
3415400119940515    .0
3415400119940516    .0
3415400119940517   1.2
3415400119940518    .0
3415400119940519    .0
3415400119940520    .0
3415400119940521    .0
3415400119940522    .0
3415400119940523    .0
3415400119940524   3.2
3415400119940525    .0
3415400119940526    .0
3415400119940527    .0
3415400119940528    .0
3415400119940529    .0
3415400119940530    .0
3415400119940531    .0
3415400119940601    .0
3415400119940602    .0
3415400119940603    .0
3415400119940604    .0
3415400119940605    .0
3415400119940606    .0
3415400119940607    .0
3415400119940608   6.8
3415400119940609    .0
3415400119940610    .0
3415400119940611    .0
3415400119940612    .0
3415400119940613    .0
3415400119940614    .0
3415400119940615    .0
3415400119940616    .0
3415400119940617    .0
3415400119940618    .0
3415400119940619    .6
3415400119940620    .0
3415400119940621    .0
3415400119940622    .0
3415400119940623    .0
3415400119940624    .0
3415400119940625  14.6
3415400119940626  13.4
3415400119940627    .0
3415400119940628    .0
3415400119940629    .0
3415400119940630    .0
3415400119940701    .0
3415400119940702    .0
3415400119940703    .0
3415400119940704    .0
3415400119940705    .0
3415400119940706    .0
3415400119940707    .0
3415400119940708    .0
3415400119940709    .0
3415400119940710    .0
3415400119940711    .0
3415400119940712    .0
3415400119940713    .0
3415400119940714    .0
3415400119940715    .0
3415400119940716    .0
3415400119940717    .0
3415400119940718    .0
3415400119940719    .0
3415400119940720    .0
3415400119940721    .0
3415400119940722    .0
3415400119940723    .0
3415400119940724    .0
3415400119940725    .0
3415400119940726    .0
3415400119940727    .0
3415400119940728    .8
3415400119940729    .0
3415400119940730    .0
3415400119940731  27.8
3415400119940801    .0
3415400119940802    .0
3415400119940803    .0
3415400119940804    .0
3415400119940805    .0
3415400119940806    .0
3415400119940807    .2
3415400119940808    .0
3415400119940809    .0
3415400119940810   6.0
3415400119940811    .0
3415400119940812    .0
3415400119940813    .4
3415400119940814    .0
3415400119940815    .0
3415400119940816    .0
3415400119940817    .0
3415400119940818    .0
3415400119940819    .0
3415400119940820    .0
3415400119940821   2.6
3415400119940822    .0
3415400119940823    .0
3415400119940824    .2
3415400119940825    .0
3415400119940826    .0
3415400119940827    .0
3415400119940828    .0
3415400119940829    .0
3415400119940830   6.2
3415400119940831  40.6
3415400119940901    .4
3415400119940902    .0
3415400119940903    .0
3415400119940904    .0
3415400119940905    .0
3415400119940906    .0
3415400119940907  30.4
3415400119940908    .2
3415400119940909    .0
3415400119940910    .0
3415400119940911    .0
3415400119940912  36.8
3415400119940913  19.0
3415400119940914   3.8
3415400119940915    .0
3415400119940916    .8
3415400119940917    .0
3415400119940918    .0
3415400119940919   1.0
3415400119940920   3.8
3415400119940921  23.2
3415400119940922  27.2
3415400119940923  21.8
3415400119940924    .0
3415400119940925    .0
3415400119940926    .0
3415400119940927    .0
3415400119940928    .0
3415400119940929  29.4
3415400119940930  40.4
3415400119941001    .8
3415400119941002    .0
3415400119941003    .1
3415400119941004    .0
3415400119941005    .0
3415400119941006    .0
3415400119941007    .0
3415400119941008    .0
3415400119941009   2.6
3415400119941010   9.8
3415400119941011    .8
3415400119941012    .0
3415400119941013    .0
3415400119941014    .0
3415400119941015    .0
3415400119941016    .0
3415400119941017    .0
3415400119941018   1.6
3415400119941019  57.4
3415400119941020 106.5
3415400119941021    .0
3415400119941022   3.0
3415400119941023    .5
3415400119941024    .0
3415400119941025    .0
3415400119941026    .0
3415400119941027  17.4
3415400119941028   1.6
3415400119941029    .0
3415400119941030    .0
3415400119941031    .0
3415400119941101    .0
3415400119941102   8.0
3415400119941103    .8
3415400119941104  29.8
3415400119941105   4.2
3415400119941106    .0
3415400119941107    .0
3415400119941108    .6
3415400119941109   2.2
3415400119941110    .0
3415400119941111    .0
3415400119941112    .0
3415400119941113    .0
3415400119941114    .0
3415400119941115    .0
3415400119941116    .0
3415400119941117    .0
3415400119941118    .0
3415400119941119    .0
3415400119941120    .0
3415400119941121    .0
3415400119941122    .0
3415400119941123    .0
3415400119941124    .0
3415400119941125    .0
3415400119941126    .0
3415400119941127    .0
3415400119941128    .0
3415400119941129    .2
3415400119941130   2.2
3415400119941201   5.8
3415400119941202    .0
3415400119941203  18.2
3415400119941204    .6
3415400119941205    .0
3415400119941206    .0
3415400119941207    .2
3415400119941208    .0
3415400119941209    .6
3415400119941210    .0
3415400119941211    .0
3415400119941212    .0
3415400119941213    .0
3415400119941214    .0
3415400119941215    .0
3415400119941216    .0
3415400119941217    .0
3415400119941218    .2
3415400119941219    .0
3415400119941220    .0
3415400119941221    .0
3415400119941222    .0
3415400119941223    .0
3415400119941224    .0
3415400119941225    .0
3415400119941226    .0
3415400119941227    .0
3415400119941228    .0
3415400119941229    .0
3415400119941230    .0
3415400119941231    .1
3415400119950101    .0
3415400119950102    .0
3415400119950103    .0
3415400119950104    .0
3415400119950105    .4
3415400119950106   7.2
3415400119950107    .0
3415400119950108    .0
3415400119950109    .0
3415400119950110    .0
3415400119950111    .0
3415400119950112    .0
3415400119950113    .0
3415400119950114    .0
3415400119950115    .0
3415400119950116    .0
3415400119950117    .0
3415400119950118  10.8
3415400119950119    .0
3415400119950120    .0
3415400119950121    .0
3415400119950122    .0
3415400119950123    .0
3415400119950124    .0
3415400119950125    .0
3415400119950126    .0
3415400119950127    .0
3415400119950128    .0
3415400119950129    .0
3415400119950130    .0
3415400119950131    .0
3415400119950201    .0
3415400119950202    .2
3415400119950203    .0
3415400119950204    .0
3415400119950205    .0
3415400119950206    .0
3415400119950207    .0
3415400119950208    .2
3415400119950209    .0
3415400119950210   1.0
3415400119950211    .0
3415400119950212    .2
3415400119950213   3.5
3415400119950214    .0
3415400119950215    .4
3415400119950216    .0
3415400119950217    .2
3415400119950218    .0
3415400119950219    .0
3415400119950220    .0
3415400119950221   1.4
3415400119950222    .0
3415400119950223    .2
3415400119950224    .0
3415400119950225   1.0
3415400119950226    .2
3415400119950227    .0
3415400119950228    .0
3415400119950301    .0
3415400119950302    .0
3415400119950303    .0
3415400119950304    .0
3415400119950305   7.8
3415400119950306    .0
3415400119950307    .0
3415400119950308    .0
3415400119950309    .0
3415400119950310    .0
3415400119950311    .0
3415400119950312    .0
3415400119950313    .4
3415400119950314    .0
3415400119950315    .0
3415400119950316    .0
3415400119950317    .0
3415400119950318    .0
3415400119950319    .0
3415400119950320    .0
3415400119950321    .0
3415400119950322    .0
3415400119950323    .0
3415400119950324    .0
3415400119950325    .0
3415400119950326    .0
3415400119950327    .2
3415400119950328    .0
3415400119950329    .2
3415400119950330    .0
3415400119950331    .0
3415400119950401    .0
3415400119950402    .0
3415400119950403    .0
3415400119950404    .0
3415400119950405    .0
3415400119950406    .0
3415400119950407    .0
3415400119950408    .0
3415400119950409    .0
3415400119950410    .0
3415400119950411    .0
3415400119950412    .0
3415400119950413    .0
3415400119950414    .0
3415400119950415    .0
3415400119950416    .0
3415400119950417    .0
3415400119950418    .0
3415400119950419    .8
3415400119950420    .6
3415400119950421  10.8
3415400119950422    .0
3415400119950423   5.4
3415400119950424  20.0
3415400119950425   3.5
3415400119950426    .0
3415400119950427    .0
3415400119950428    .0
3415400119950429    .8
3415400119950430    .0
3415400119950501    .0
3415400119950502    .0
3415400119950503    .0
3415400119950504    .0
3415400119950505    .0
3415400119950506    .0
3415400119950507    .0
3415400119950508    .0
3415400119950509    .0
3415400119950510    .0
3415400119950511  11.6
3415400119950512   2.4
3415400119950513    .0
3415400119950514    .0
3415400119950515    .2
3415400119950516   1.8
3415400119950517    .4
3415400119950518   1.8
3415400119950519    .0
3415400119950520    .0
3415400119950521    .0
3415400119950522    .0
3415400119950523    .0
3415400119950524    .0
3415400119950525   7.0
3415400119950526   3.0
3415400119950527    .0
3415400119950528    .0
3415400119950529    .8
3415400119950530    .0
3415400119950531    .0
3415400119950601    .0
3415400119950602    .0
3415400119950603    .0
3415400119950604    .0
3415400119950605    .0
3415400119950606    .0
3415400119950607    .0
3415400119950608    .0
3415400119950609    .2
3415400119950610    .0
3415400119950611   2.0
3415400119950612    .0
3415400119950613    .0
3415400119950614    .0
3415400119950615    .0
3415400119950616    .0
3415400119950617    .0
3415400119950618    .0
3415400119950619    .0
3415400119950620    .0
3415400119950621    .0
3415400119950622    .0
3415400119950623    .0
3415400119950624    .0
3415400119950625    .0
3415400119950626    .0
3415400119950627    .0
3415400119950628    .0
3415400119950629    .0
3415400119950630    .0
3415400119950701    .0
3415400119950702   2.0
3415400119950703    .6
3415400119950704   3.0
3415400119950705    .4
3415400119950706    .0
3415400119950707    .0
3415400119950708    .0
3415400119950709    .0
3415400119950710    .0
3415400119950711    .0
3415400119950712    .0
3415400119950713    .0
3415400119950714    .0
3415400119950715    .0
3415400119950716    .0
3415400119950717    .0
3415400119950718    .0
3415400119950719    .0
3415400119950720    .0
3415400119950721    .0
3415400119950722    .0
3415400119950723    .0
3415400119950724    .0
3415400119950725    .0
3415400119950726    .0
3415400119950727    .0
3415400119950728    .0
3415400119950729    .0
3415400119950730    .0
3415400119950731    .0
3415400119950801    .0
3415400119950802    .0
3415400119950803    .0
3415400119950804    .0
3415400119950805    .6
3415400119950806    .0
3415400119950807   1.0
3415400119950808    .0
3415400119950809    .0
3415400119950810   1.8
3415400119950811   1.0
3415400119950812   3.0
3415400119950813    .0
3415400119950814    .0
3415400119950815    .0
3415400119950816    .0
3415400119950817    .4
3415400119950818    .0
3415400119950819    .0
3415400119950820    .2
3415400119950821   4.6
3415400119950822    .0
3415400119950823  11.2
3415400119950824    .0
3415400119950825    .0
3415400119950826    .0
3415400119950827    .0
3415400119950828    .0
3415400119950829    .0
3415400119950830    .0
3415400119950831    .0
3415400119950901    .0
3415400119950902    .0
3415400119950903    .0
3415400119950904    .0
3415400119950905    .0
3415400119950906    .0
3415400119950907   5.0
3415400119950908    .2
3415400119950909    .0
3415400119950910  16.4
3415400119950911    .4
3415400119950912   3.2
3415400119950913    .8
3415400119950914    .0
3415400119950915    .0
3415400119950916    .0
3415400119950917   1.4
3415400119950918  26.2
3415400119950919   2.2
3415400119950920   2.8
3415400119950921    .0
3415400119950922    .0
3415400119950923    .0
3415400119950924    .0
3415400119950925    .6
3415400119950926    .0
3415400119950927    .0
3415400119950928    .0
3415400119950929    .0
3415400119950930    .0
3415400119951001    .0
3415400119951002    .0
3415400119951003   1.0
3415400119951004    .4
3415400119951005  19.4
3415400119951006   6.6
3415400119951007    .0
3415400119951008    .0
3415400119951009    .0
3415400119951010    .0
3415400119951011    .0
3415400119951012    .0
3415400119951013  12.0
3415400119951014  13.8
3415400119951015    .8
3415400119951016    .0
3415400119951017    .0
3415400119951018    .0
3415400119951019    .0
3415400119951020    .0
3415400119951021    .0
3415400119951022  17.0
3415400119951023  10.4
3415400119951024    .2
3415400119951025   3.0
3415400119951026    .0
3415400119951027    .0
3415400119951028    .0
3415400119951029    .0
3415400119951030    .0
3415400119951031    .0
3415400119951101    .0
3415400119951102    .0
3415400119951103    .0
3415400119951104    .0
3415400119951105    .0
3415400119951106    .0
3415400119951107    .0
3415400119951108    .0
3415400119951109    .0
3415400119951110    .4
3415400119951111    .0
3415400119951112    .2
3415400119951113    .0
3415400119951114    .0
3415400119951115    .0
3415400119951116    .2
3415400119951117    .0
3415400119951118    .0
3415400119951119    .0
3415400119951120    .0
3415400119951121  19.0
3415400119951122  20.6
3415400119951123    .0
3415400119951124   1.0
3415400119951125   1.0
3415400119951126  53.6
3415400119951127    .0
3415400119951128    .0
3415400119951129   1.2
3415400119951130    .0
3415400119951201    .0
3415400119951202   3.6
3415400119951203    .0
3415400119951204    .2
3415400119951205    .0
3415400119951206    .0
3415400119951207  18.4
3415400119951208  17.0
3415400119951209    .0
3415400119951210    .0
3415400119951211    .0
3415400119951212    .0
3415400119951213    .0
3415400119951214    .0
3415400119951215   6.4
3415400119951216  25.2
3415400119951217  17.2
3415400119951218    .0
3415400119951219    .0
3415400119951220    .0
3415400119951221    .0
3415400119951222    .0
3415400119951223    .0
3415400119951224    .6
3415400119951225    .0
3415400119951226   4.0
3415400119951227    .0
3415400119951228    .0
3415400119951229    .0
3415400119951230  21.6
3415400119951231    .0
3415400119960101    .2
3415400119960102    .0
3415400119960103    .0
3415400119960104    .0
3415400119960105  30.6
3415400119960106   8.0
3415400119960107   4.2
3415400119960108    .0
3415400119960109   4.8
3415400119960110  14.8
3415400119960111   2.6
3415400119960112  54.8
3415400119960113    .8
3415400119960114    .4
3415400119960115    .0
3415400119960116    .0
3415400119960117    .0
3415400119960118    .0
3415400119960119    .0
3415400119960120  15.4
3415400119960121  18.2
3415400119960122   5.0
3415400119960123   8.6
3415400119960124  24.0
3415400119960125   1.2
3415400119960126    .2
3415400119960127   2.6
3415400119960128   9.2
3415400119960129    .6
3415400119960130    .0
3415400119960131    .2
3415400119960201  20.8
3415400119960202  28.0
3415400119960203    .0
3415400119960204    .0
3415400119960205    .0
3415400119960206  10.0
3415400119960207   4.0
3415400119960208    .0
3415400119960209    .0
3415400119960210    .0
3415400119960211    .0
3415400119960212    .8
3415400119960213    .0
3415400119960214    .0
3415400119960215    .0
3415400119960216    .0
3415400119960217    .0
3415400119960218    .0
3415400119960219    .0
3415400119960220    .0
3415400119960221    .0
3415400119960222    .0
3415400119960223    .0
3415400119960224    .0
3415400119960225    .2
3415400119960226  13.2
3415400119960227  17.4
3415400119960228    .0
3415400119960229    .0
3415400119960301    .0
3415400119960302    .0
3415400119960303    .0
3415400119960304    .0
3415400119960305    .0
3415400119960306    .0
3415400119960307    .4
3415400119960308   1.0
3415400119960309    .2
3415400119960310    .0
3415400119960311    .0
3415400119960312    .0
3415400119960313   5.2
3415400119960314  30.2
3415400119960315  36.2
3415400119960316    .2
3415400119960317    .0
3415400119960318    .0
3415400119960319    .0
3415400119960320    .0
3415400119960321    .0
3415400119960322    .0
3415400119960323    .0
3415400119960324    .0
3415400119960325    .0
3415400119960326   1.2
3415400119960327    .0
3415400119960328    .0
3415400119960329    .0
3415400119960330    .0
3415400119960331    .0
3415400119960401   3.2
3415400119960402   1.2
3415400119960403    .0
3415400119960404    .0
3415400119960405    .0
3415400119960406    .0
3415400119960407    .0
3415400119960408    .0
3415400119960409    .0
3415400119960410    .0
3415400119960411    .0
3415400119960412    .0
3415400119960413    .0
3415400119960414    .0
3415400119960415    .0
3415400119960416   3.0
3415400119960417  18.6
3415400119960418    .0
3415400119960419    .0
3415400119960420    .0
3415400119960421    .0
3415400119960422  11.8
3415400119960423   3.8
3415400119960424    .0
3415400119960425    .0
3415400119960426   4.0
3415400119960427    .4
3415400119960428   9.0
3415400119960429   4.2
3415400119960430    .0
3415400119960501   1.4
3415400119960502   1.6
3415400119960503    .0
3415400119960504    .0
3415400119960505    .0
3415400119960506    .6
3415400119960507   2.2
3415400119960508    .0
3415400119960509   1.8
3415400119960510  10.4
3415400119960511    .0
3415400119960512    .0
3415400119960513    .0
3415400119960514    .0
3415400119960515    .0
3415400119960516   6.0
3415400119960517    .6
3415400119960518    .4
3415400119960519    .0
3415400119960520    .0
3415400119960521    .0
3415400119960522    .0
3415400119960523    .0
3415400119960524    .9
3415400119960525    .0
3415400119960526    .0
3415400119960527    .0
3415400119960528    .0
3415400119960529    .0
3415400119960530    .0
3415400119960531    .0
3415400119960601  13.4
3415400119960602  12.8
3415400119960603    .0
3415400119960604    .0
3415400119960605    .0
3415400119960606    .0
3415400119960607    .0
3415400119960608    .0
3415400119960609    .0
3415400119960610    .0
3415400119960611    .0
3415400119960612    .0
3415400119960613    .0
3415400119960614    .0
3415400119960615    .0
3415400119960616    .0
3415400119960617    .0
3415400119960618    .0
3415400119960619    .0
3415400119960620    .0
3415400119960621    .6
3415400119960622    .0
3415400119960623    .0
3415400119960624    .0
3415400119960625    .0
3415400119960626    .0
3415400119960627    .0
3415400119960628    .0
3415400119960629    .0
3415400119960630    .0
3415400119960701   3.2
3415400119960702   7.0
3415400119960703    .0
3415400119960704   4.0
3415400119960705   7.4
3415400119960706    .0
3415400119960707   7.0
3415400119960708    .0
3415400119960709    .0
3415400119960710    .0
3415400119960711    .0
3415400119960712    .0
3415400119960713    .0
3415400119960714    .0
3415400119960715    .0
3415400119960716    .0
3415400119960717    .2
3415400119960718    .0
3415400119960719    .0
3415400119960720    .0
3415400119960721    .0
3415400119960722    .0
3415400119960723    .0
3415400119960724    .0
3415400119960725    .0
3415400119960726    .0
3415400119960727    .4
3415400119960728    .0
3415400119960729    .2
3415400119960730    .0
3415400119960731    .0
3415400119960801    .0
3415400119960802   9.2
3415400119960803    .0
3415400119960804  22.4
3415400119960805    .0
3415400119960806   2.6
3415400119960807    .0
3415400119960808    .0
3415400119960809    .0
3415400119960810   2.6
3415400119960811  10.2
3415400119960812    .0
3415400119960813    .0
3415400119960814    .0
3415400119960815    .0
3415400119960816    .0
3415400119960817    .0
3415400119960818    .0
3415400119960819    .0
3415400119960820    .0
3415400119960821   1.1
3415400119960822    .0
3415400119960823   2.6
3415400119960824   3.8
3415400119960825    .0
3415400119960826    .0
3415400119960827   8.4
3415400119960828    .0
3415400119960829    .0
3415400119960830    .0
3415400119960831    .0
3415400119960901    .0
3415400119960902    .0
3415400119960903    .0
3415400119960904    .0
3415400119960905    .0
3415400119960906    .0
3415400119960907    .0
3415400119960908    .0
3415400119960909    .0
3415400119960910    .0
3415400119960911    .0
3415400119960912    .0
3415400119960913    .0
3415400119960914    .0
3415400119960915    .0
3415400119960916    .0
3415400119960917  24.2
3415400119960918   1.6
3415400119960919   9.8
3415400119960920  10.4
3415400119960921    .2
3415400119960922  18.0
3415400119960923    .0
3415400119960924    .0
3415400119960925    .0
3415400119960926    .0
3415400119960927    .0
3415400119960928    .0
3415400119960929    .0
3415400119960930    .0
3415400119961001   2.0
3415400119961002    .0
3415400119961003    .0
3415400119961004    .0
3415400119961005    .0
3415400119961006    .0
3415400119961007    .2
3415400119961008    .0
3415400119961009    .0
3415400119961010    .0
3415400119961011    .0
3415400119961012    .0
3415400119961013   4.4
3415400119961014  41.0
3415400119961015   4.6
3415400119961016    .0
3415400119961017    .0
3415400119961018    .0
3415400119961019    .0
3415400119961020    .0
3415400119961021    .0
3415400119961022    .0
3415400119961023    .0
3415400119961024    .0
3415400119961025    .0
3415400119961026    .0
3415400119961027    .0
3415400119961028    .2
3415400119961029    .0
3415400119961030    .0
3415400119961031    .0
3415400119961101    .0
3415400119961102    .0
3415400119961103    .0
3415400119961104    .8
3415400119961105    .6
3415400119961106    .0
3415400119961107    .0
3415400119961108    .0
3415400119961109    .0
3415400119961110   2.2
3415400119961111   6.8
3415400119961112  14.4
3415400119961113   3.6
3415400119961114    .0
3415400119961115   1.6
3415400119961116  35.6
3415400119961117  14.4
3415400119961118   1.2
3415400119961119   1.8
3415400119961120    .2
3415400119961121   3.0
3415400119961122   3.8
3415400119961123    .2
3415400119961124    .2
3415400119961125   1.0
3415400119961126    .0
3415400119961127    .4
3415400119961128    .4
3415400119961129    .0
3415400119961130    .0
3415400119961201    .0
3415400119961202    .0
3415400119961203    .0
3415400119961204    .4
3415400119961205   1.6
3415400119961206  25.8
3415400119961207    .6
3415400119961208  19.0
3415400119961209  11.0
3415400119961210    .4
3415400119961211    .4
3415400119961212  14.6
3415400119961213    .6
3415400119961214    .4
3415400119961215    .0
3415400119961216    .0
3415400119961217   1.4
3415400119961218  23.4
3415400119961219  43.2
3415400119961220    .0
3415400119961221   1.2
3415400119961222   4.6
3415400119961223    .0
3415400119961224   8.0
3415400119961225    .0
3415400119961226    .0
3415400119961227    .0
3415400119961228    .0
3415400119961229    .0
3415400119961230    .0
3415400119961231   9.4
3415400119970101   7.2
3415400119970102  16.6
3415400119970103  23.0
3415400119970104    .4
3415400119970105    .0
3415400119970106    .0
3415400119970107    .0
3415400119970108  60.4
3415400119970109   5.6
3415400119970110    .0
3415400119970111    .0
3415400119970112    .0
3415400119970113    .0
3415400119970114    .0
3415400119970115    .0
3415400119970116    .0
3415400119970117   6.8
3415400119970118    .4
3415400119970119   9.6
3415400119970120   1.8
3415400119970121    .2
3415400119970122    .8
3415400119970123    .0
3415400119970124    .0
3415400119970125    .2
3415400119970126    .0
3415400119970127    .0
3415400119970128    .0
3415400119970129    .0
3415400119970130    .0
3415400119970131    .0
3415400119970201    .0
3415400119970202    .2
3415400119970203    .0
3415400119970204    .4
3415400119970205    .0
3415400119970206    .0
3415400119970207    .0
3415400119970208    .0
3415400119970209    .2
3415400119970210    .0
3415400119970211    .0
3415400119970212    .0
3415400119970213    .0
3415400119970214   1.2
3415400119970215    .0
3415400119970216    .0
3415400119970217    .4
3415400119970218    .0
3415400119970219    .0
3415400119970220    .0
3415400119970221    .0
3415400119970222    .0
3415400119970223    .0
3415400119970224    .0
3415400119970225    .2
3415400119970226    .0
3415400119970227    .0
3415400119970228    .0
3415400119970301    .0
3415400119970302    .0
3415400119970303    .0
3415400119970304    .2
3415400119970305    .0
3415400119970306    .0
3415400119970307    .0
3415400119970308    .0
3415400119970309    .0
3415400119970310    .0
3415400119970311    .0
3415400119970312    .0
3415400119970313    .0
3415400119970314    .0
3415400119970315    .0
3415400119970316    .0
3415400119970317    .0
3415400119970318    .0
3415400119970319    .0
3415400119970320    .0
3415400119970321    .0
3415400119970322    .0
3415400119970323    .0
3415400119970324    .0
3415400119970325    .0
3415400119970326    .0
3415400119970327    .0
3415400119970328    .0
3415400119970329    .0
3415400119970330    .0
3415400119970331    .0
3415400119970401    .0
3415400119970402    .2
3415400119970403    .0
3415400119970404    .0
3415400119970405    .0
3415400119970406    .0
3415400119970407    .0
3415400119970408    .0
3415400119970409    .0
3415400119970410    .0
3415400119970411    .0
3415400119970412    .0
3415400119970413    .0
3415400119970414    .0
3415400119970415    .0
3415400119970416    .0
3415400119970417    .0
3415400119970418    .0
3415400119970419   6.4
3415400119970420    .0
3415400119970421    .0
3415400119970422    .0
3415400119970423    .0
3415400119970424    .0
3415400119970425    .0
3415400119970426   5.4
3415400119970427    .0
3415400119970428    .0
3415400119970429    .0
3415400119970430    .0
3415400119970501    .0
3415400119970502    .0
3415400119970503    .0
3415400119970504   3.8
3415400119970505   8.6
3415400119970506    .2
3415400119970507   2.2
3415400119970508    .0
3415400119970509    .0
3415400119970510    .0
3415400119970511    .2
3415400119970512   1.2
3415400119970513    .4
3415400119970514    .0
3415400119970515    .0
3415400119970516    .4
3415400119970517   6.0
3415400119970518    .0
3415400119970519    .0
3415400119970520    .0
3415400119970521    .0
3415400119970522    .0
3415400119970523    .0
3415400119970524    .0
3415400119970525    .2
3415400119970526    .0
3415400119970527    .0
3415400119970528    .0
3415400119970529    .0
3415400119970530    .0
3415400119970531   3.6
3415400119970601  51.2
3415400119970602  26.0
3415400119970603    .8
3415400119970604   4.2
3415400119970605  25.2
3415400119970606    .0
3415400119970607    .0
3415400119970608    .0
3415400119970609    .0
3415400119970610    .0
3415400119970611    .0
3415400119970612    .0
3415400119970613    .2
3415400119970614    .4
3415400119970615    .0
3415400119970616    .0
3415400119970617    .0
3415400119970618    .0
3415400119970619    .0
3415400119970620    .0
3415400119970621   3.6
3415400119970622    .6
3415400119970623    .0
3415400119970624    .0
3415400119970625    .0
3415400119970626   1.0
3415400119970627    .0
3415400119970628  15.4
3415400119970629    .0
3415400119970630    .2
3415400119970701    .4
3415400119970702   2.2
3415400119970703    .0
3415400119970704    .2
3415400119970705    .0
3415400119970706    .0
3415400119970707    .0
3415400119970708    .0
3415400119970709    .0
3415400119970710    .0
3415400119970711    .0
3415400119970712    .0
3415400119970713    .0
3415400119970714    .0
3415400119970715    .0
3415400119970716   2.6
3415400119970717  10.2
3415400119970718    .0
3415400119970719    .0
3415400119970720    .0
3415400119970721    .0
3415400119970722    .0
3415400119970723    .0
3415400119970724    .0
3415400119970725    .0
3415400119970726    .0
3415400119970727    .0
3415400119970728    .0
3415400119970729    .0
3415400119970730    .0
3415400119970731    .0
3415400119970801    .0
3415400119970802    .0
3415400119970803    .0
3415400119970804    .0
3415400119970805    .0
3415400119970806    .0
3415400119970807    .0
3415400119970808    .0
3415400119970809    .0
3415400119970810  25.4
3415400119970811   4.0
3415400119970812    .0
3415400119970813    .0
3415400119970814    .0
3415400119970815    .0
3415400119970816   2.8
3415400119970817    .0
3415400119970818   1.0
3415400119970819    .0
3415400119970820    .0
3415400119970821    .2
3415400119970822    .0
3415400119970823    .0
3415400119970824    .0
3415400119970825  11.6
3415400119970826    .0
3415400119970827   5.0
3415400119970828   1.6
3415400119970829    .0
3415400119970830    .0
3415400119970831    .0
3415400119970901   5.8
3415400119970902    .0
3415400119970903    .0
3415400119970904    .0
3415400119970905    .2
3415400119970906    .0
3415400119970907    .0
3415400119970908    .0
3415400119970909    .0
3415400119970910    .0
3415400119970911    .0
3415400119970912   1.2
3415400119970913    .0
3415400119970914    .0
3415400119970915    .0
3415400119970916    .0
3415400119970917    .0
3415400119970918    .0
3415400119970919    .0
3415400119970920    .0
3415400119970921    .0
3415400119970922    .0
3415400119970923    .0
3415400119970924    .0
3415400119970925    .0
3415400119970926    .0
3415400119970927    .2
3415400119970928    .0
3415400119970929    .2
3415400119970930    .0
3415400119971001    .0
3415400119971002    .0
3415400119971003    .0
3415400119971004    .0
3415400119971005    .4
3415400119971006  34.0
3415400119971007    .2
3415400119971008    .2
3415400119971009    .0
3415400119971010    .0
3415400119971011    .0
3415400119971012    .0
3415400119971013    .0
3415400119971014    .0
3415400119971015    .2
3415400119971016    .0
3415400119971017    .0
3415400119971018    .0
3415400119971019    .2
3415400119971020    .2
3415400119971021    .0
3415400119971022   5.0
3415400119971023   6.6
3415400119971024    .0
3415400119971025    .0
3415400119971026    .0
3415400119971027    .0
3415400119971028  12.2
3415400119971029    .0
3415400119971030    .0
3415400119971031    .0
3415400119971101    .0
3415400119971102    .0
3415400119971103  21.0
3415400119971104  17.0
3415400119971105   2.8
3415400119971106   1.2
3415400119971107    .0
3415400119971108    .0
3415400119971109    .0
3415400119971110    .6
3415400119971111    .0
3415400119971112    .0
3415400119971113    .0
3415400119971114    .0
3415400119971115    .0
3415400119971116    .0
3415400119971117    .0
3415400119971118   2.2
3415400119971119   5.4
3415400119971120   2.4
3415400119971121    .0
3415400119971122    .0
3415400119971123    .0
3415400119971124  14.4
3415400119971125  14.2
3415400119971126   7.8
3415400119971127    .0
3415400119971128   1.4
3415400119971129    .0
3415400119971130    .0
3415400119971201    .4
3415400119971202    .8
3415400119971203    .0
3415400119971204    .0
3415400119971205    .0
3415400119971206    .0
3415400119971207    .0
3415400119971208    .0
3415400119971209    .0
3415400119971210   1.0
3415400119971211    .0
3415400119971212    .0
3415400119971213    .0
3415400119971214    .0
3415400119971215   2.2
3415400119971216  25.2
3415400119971217  17.2
3415400119971218  22.4
3415400119971219    .0
3415400119971220    .0
3415400119971221    .0
3415400119971222   2.0
3415400119971223    .4
3415400119971224    .0
3415400119971225    .2
3415400119971226    .0
3415400119971227    .0
3415400119971228    .0
3415400119971229    .6
3415400119971230   7.2
3415400119971231  33.2
3415400119980101   3.4
3415400119980102   1.4
3415400119980103    .0
3415400119980104    .0
3415400119980105    .0
3415400119980106    .0
3415400119980107    .0
3415400119980108    .0
3415400119980109    .0
3415400119980110    .0
3415400119980111    .0
3415400119980112    .0
3415400119980113  16.6
3415400119980114    .0
3415400119980115    .0
3415400119980116   3.4
3415400119980117    .0
3415400119980118    .2
3415400119980119    .6
3415400119980120    .0
3415400119980121    .0
3415400119980122    .0
3415400119980123    .0
3415400119980124    .0
3415400119980125   4.0
3415400119980126    .0
3415400119980127    .0
3415400119980128    .0
3415400119980129    .0
3415400119980130    .2
3415400119980131    .0
3415400119980201    .0
3415400119980202  16.0
3415400119980203    .4
3415400119980204    .0
3415400119980205    .0
3415400119980206    .0
3415400119980207    .0
3415400119980208    .0
3415400119980209    .0
3415400119980210    .0
3415400119980211    .0
3415400119980212    .0
3415400119980213    .2
3415400119980214    .2
3415400119980215    .4
3415400119980216    .0
3415400119980217    .0
3415400119980218    .0
3415400119980219    .2
3415400119980220    .0
3415400119980221   1.6
3415400119980222    .4
3415400119980223    .0
3415400119980224    .0
3415400119980225    .0
3415400119980226    .0
3415400119980227    .0
3415400119980228    .0
3415400119980301    .0
3415400119980302    .0
3415400119980303    .0
3415400119980304    .0
3415400119980305    .0
3415400119980306    .0
3415400119980307    .2
3415400119980308    .0
3415400119980309    .0
3415400119980310    .0
3415400119980311   1.2
3415400119980312    .0
3415400119980313    .0
3415400119980314    .0
3415400119980315    .0
3415400119980316    .0
3415400119980317    .0
3415400119980318    .0
3415400119980319    .0
3415400119980320    .0
3415400119980321    .0
3415400119980322    .0
3415400119980323    .0
3415400119980324    .0
3415400119980325    .0
3415400119980326    .0
3415400119980327    .0
3415400119980328    .0
3415400119980329    .0
3415400119980330    .0
3415400119980331    .6
3415400119980401  17.0
3415400119980402    .2
3415400119980403    .0
3415400119980404    .0
3415400119980405   4.6
3415400119980406    .0
3415400119980407    .0
3415400119980408    .0
3415400119980409    .6
3415400119980410   2.6
3415400119980411    .0
3415400119980412    .0
3415400119980413    .0
3415400119980414    .4
3415400119980415  25.2
3415400119980416    .4
3415400119980417    .0
3415400119980418    .0
3415400119980419    .0
3415400119980420    .0
3415400119980421    .0
3415400119980422    .0
3415400119980423    .0
3415400119980424    .0
3415400119980425    .0
3415400119980426  13.6
3415400119980427    .6
3415400119980428    .0
3415400119980429  57.4
3415400119980430  17.0
3415400119980501    .0
3415400119980502    .0
3415400119980503    .0
3415400119980504    .0
3415400119980505    .0
3415400119980506    .0
3415400119980507    .0
3415400119980508    .0
3415400119980509    .0
3415400119980510    .0
3415400119980511    .0
3415400119980512    .0
3415400119980513    .0
3415400119980514    .0
3415400119980515    .0
3415400119980516    .0
3415400119980517    .0
3415400119980518    .0
3415400119980519    .2
3415400119980520    .0
3415400119980521    .0
3415400119980522    .0
3415400119980523    .0
3415400119980524    .0
3415400119980525    .0
3415400119980526    .2
3415400119980527  21.2
3415400119980528  45.0
3415400119980529    .0
3415400119980530    .2
3415400119980531   1.0
3415400119980601    .0
3415400119980602    .0
3415400119980603    .0
3415400119980604    .0
3415400119980605    .0
3415400119980606    .8
3415400119980607    .2
3415400119980608    .0
3415400119980609    .0
3415400119980610   2.6
3415400119980611    .0
3415400119980612    .0
3415400119980613    .0
3415400119980614    .0
3415400119980615    .0
3415400119980616    .0
3415400119980617    .0
3415400119980618    .0
3415400119980619    .0
3415400119980620    .0
3415400119980621    .0
3415400119980622    .0
3415400119980623    .0
3415400119980624    .0
3415400119980625    .2
3415400119980626    .0
3415400119980627    .0
3415400119980628    .0
3415400119980629    .2
3415400119980630    .0
3415400119980701    .0
3415400119980702    .0
3415400119980703    .0
3415400119980704    .0
3415400119980705    .0
3415400119980706    .0
3415400119980707    .0
3415400119980708    .0
3415400119980709    .0
3415400119980710    .0
3415400119980711    .0
3415400119980712    .0
3415400119980713   2.2
3415400119980714    .0
3415400119980715    .0
3415400119980716    .0
3415400119980717    .0
3415400119980718    .0
3415400119980719    .0
3415400119980720    .0
3415400119980721    .0
3415400119980722    .0
3415400119980723    .0
3415400119980724    .0
3415400119980725    .0
3415400119980726    .0
3415400119980727    .0
3415400119980728    .0
3415400119980729    .0
3415400119980730    .0
3415400119980731    .0
3415400119980801    .0
3415400119980802   3.8
3415400119980803  15.8
3415400119980804    .0
3415400119980805    .0
3415400119980806    .0
3415400119980807    .0
3415400119980808    .0
3415400119980809    .0
3415400119980810    .0
3415400119980811    .0
3415400119980812    .0
3415400119980813   4.4
3415400119980814    .0
3415400119980815    .0
3415400119980816    .0
3415400119980817    .0
3415400119980818    .0
3415400119980819    .0
3415400119980820    .0
3415400119980821    .0
3415400119980822    .0
3415400119980823    .0
3415400119980824    .0
3415400119980825    .0
3415400119980826    .0
3415400119980827    .0
3415400119980828    .0
3415400119980829    .0
3415400119980830    .0
3415400119980831    .0
3415400119980901    .0
3415400119980902   5.6
3415400119980903    .2
3415400119980904   1.6
3415400119980905    .0
3415400119980906    .0
3415400119980907  28.4
3415400119980908    .0
3415400119980909    .0
3415400119980910   7.0
3415400119980911   1.6
3415400119980912    .0
3415400119980913    .0
3415400119980914    .0
3415400119980915    .0
3415400119980916    .0
3415400119980917    .0
3415400119980918    .0
3415400119980919    .0
3415400119980920    .0
3415400119980921    .0
3415400119980922    .0
3415400119980923    .4
3415400119980924    .2
3415400119980925    .4
3415400119980926   5.0
3415400119980927    .0
3415400119980928    .0
3415400119980929    .6
3415400119980930    .4
3415400119981001    .0
3415400119981002    .0
3415400119981003    .0
3415400119981004    .0
3415400119981005   3.0
3415400119981006    .0
3415400119981007    .0
3415400119981008    .0
3415400119981009    .0
3415400119981010    .0
3415400119981011    .0
3415400119981012    .0
3415400119981013    .0
3415400119981014    .0
3415400119981015    .0
3415400119981016    .0
3415400119981017   6.8
3415400119981018   6.6
3415400119981019    .0
3415400119981020    .0
3415400119981021    .0
3415400119981022    .0
3415400119981023    .0
3415400119981024    .0
3415400119981025    .0
3415400119981026    .0
3415400119981027    .0
3415400119981028    .0
3415400119981029    .0
3415400119981030    .0
3415400119981031    .0
3415400119981101    .0
3415400119981102   1.6
3415400119981103    .8
3415400119981104    .0
3415400119981105    .0
3415400119981106    .0
3415400119981107    .0
3415400119981108    .0
3415400119981109    .0
3415400119981110   2.2
3415400119981111    .0
3415400119981112    .0
3415400119981113   3.0
3415400119981114    .2
3415400119981115    .0
3415400119981116    .0
3415400119981117    .0
3415400119981118    .0
3415400119981119    .0
3415400119981120    .0
3415400119981121    .0
3415400119981122    .0
3415400119981123    .0
3415400119981124    .0
3415400119981125   1.4
3415400119981126    .0
3415400119981127    .0
3415400119981128   3.6
3415400119981129    .0
3415400119981130    .0
3415400119981201    .0
3415400119981202    .0
3415400119981203    .2
3415400119981204    .0
3415400119981205    .0
3415400119981206    .0
3415400119981207    .0
3415400119981208    .0
3415400119981209    .0
3415400119981210   2.2
3415400119981211    .0
3415400119981212    .0
3415400119981213    .0
3415400119981214    .0
3415400119981215    .0
3415400119981216    .0
3415400119981217    .0
3415400119981218    .0
3415400119981219    .0
3415400119981220   2.8
3415400119981221    .0
3415400119981222    .0
3415400119981223   2.6
3415400119981224    .0
3415400119981225    .0
3415400119981226    .0
3415400119981227    .0
3415400119981228    .0
3415400119981229    .0
3415400119981230    .6
3415400119981231  52.0
