3528100119940101   5.8
3528100119940102   5.0
3528100119940103   5.0
3528100119940104   6.2
3528100119940105   8.8
3528100119940106   2.6
3528100119940107    .0
3528100119940108   2.2
3528100119940109  12.2
3528100119940110    .4
3528100119940111   7.8
3528100119940112   2.2
3528100119940113    .2
3528100119940114   1.0
3528100119940115   9.2
3528100119940116   1.6
3528100119940117    .0
3528100119940118    .8
3528100119940119   7.4
3528100119940120   1.0
3528100119940121    .6
3528100119940122    .4
3528100119940123    .0
3528100119940124    .2
3528100119940125    .2
3528100119940126    .0
3528100119940127    .4
3528100119940128    .2
3528100119940129    .0
3528100119940130    .4
3528100119940131    .0
3528100119940201   3.2
3528100119940202  18.6
3528100119940203   4.6
3528100119940204    .0
3528100119940205    .0
3528100119940206   4.0
3528100119940207   1.2
3528100119940208   3.0
3528100119940209   4.8
3528100119940210   7.0
3528100119940211  14.2
3528100119940212    .0
3528100119940213    .0
3528100119940214    .0
3528100119940215    .2
3528100119940216    .0
3528100119940217   7.0
3528100119940218   2.6
3528100119940219   5.6
3528100119940220   2.6
3528100119940221    .4
3528100119940222    .8
3528100119940223   6.0
3528100119940224    .6
3528100119940225    .0
3528100119940226    .4
3528100119940227    .6
3528100119940228    .6
3528100119940301    .2
3528100119940302   2.0
3528100119940303    .0
3528100119940304    .0
3528100119940305   2.2
3528100119940306    .0
3528100119940307    .2
3528100119940308    .0
3528100119940309    .0
3528100119940310    .0
3528100119940311    .0
3528100119940312    .2
3528100119940313    .2
3528100119940314    .0
3528100119940315    .2
3528100119940316    .0
3528100119940317    .2
3528100119940318    .7
3528100119940319   2.0
3528100119940320   2.4
3528100119940321    .4
3528100119940322    .0
3528100119940323    .0
3528100119940324    .0
3528100119940325    .0
3528100119940326    .0
3528100119940327    .0
3528100119940328    .4
3528100119940329    .0
3528100119940330   7.4
3528100119940331   5.6
3528100119940401    .8
3528100119940402   2.6
3528100119940403   8.2
3528100119940404    .8
3528100119940405   2.4
3528100119940406   9.8
3528100119940407   2.4
3528100119940408   5.6
3528100119940409   6.8
3528100119940410   3.2
3528100119940411    .0
3528100119940412   1.0
3528100119940413   1.8
3528100119940414    .3
3528100119940415   6.0
3528100119940416    .2
3528100119940417    .0
3528100119940418    .0
3528100119940419    .0
3528100119940420    .0
3528100119940421    .0
3528100119940422    .0
3528100119940423   1.8
3528100119940424   1.0
3528100119940425   2.0
3528100119940426    .6
3528100119940427    .0
3528100119940428    .0
3528100119940429    .0
3528100119940430    .0
3528100119940501    .0
3528100119940502    .0
3528100119940503    .0
3528100119940504    .8
3528100119940505    .2
3528100119940506    .0
3528100119940507   9.2
3528100119940508   1.4
3528100119940509    .0
3528100119940510    .0
3528100119940511  12.0
3528100119940512    .0
3528100119940513    .6
3528100119940514    .2
3528100119940515    .0
3528100119940516  18.4
3528100119940517    .8
3528100119940518    .0
3528100119940519   6.8
3528100119940520   9.8
3528100119940521    .6
3528100119940522    .0
3528100119940523  11.0
3528100119940524    .4
3528100119940525   6.4
3528100119940526  10.0
3528100119940527   1.8
3528100119940528   9.0
3528100119940529    .0
3528100119940530    .0
3528100119940531    .0
3528100119940601   7.6
3528100119940602   2.0
3528100119940603   2.0
3528100119940604   5.0
3528100119940605    .0
3528100119940606    .0
3528100119940607    .0
3528100119940608    .0
3528100119940609    .0
3528100119940610    .0
3528100119940611    .0
3528100119940612    .0
3528100119940613    .0
3528100119940614    .0
3528100119940615    .0
3528100119940616    .0
3528100119940617    .0
3528100119940618    .0
3528100119940619    .0
3528100119940620    .0
3528100119940621    .0
3528100119940622    .0
3528100119940623    .0
3528100119940624   9.0
3528100119940625    .0
3528100119940626    .0
3528100119940627    .0
3528100119940628    .0
3528100119940629    .0
3528100119940630    .0
3528100119940701    .0
3528100119940702    .0
3528100119940703    .0
3528100119940704    .0
3528100119940705    .0
3528100119940706    .2
3528100119940707   2.2
3528100119940708    .0
3528100119940709    .0
3528100119940710    .0
3528100119940711    .0
3528100119940712    .0
3528100119940713    .0
3528100119940714    .0
3528100119940715    .0
3528100119940716   5.2
3528100119940717  12.4
3528100119940718   2.4
3528100119940719    .0
3528100119940720    .0
3528100119940721    .0
3528100119940722    .0
3528100119940723    .2
3528100119940724   2.2
3528100119940725    .0
3528100119940726    .0
3528100119940727   8.2
3528100119940728    .0
3528100119940729    .0
3528100119940730   7.4
3528100119940731    .0
3528100119940801    .0
3528100119940802    .0
3528100119940803   2.4
3528100119940804    .2
3528100119940805    .0
3528100119940806    .0
3528100119940807    .4
3528100119940808    .0
3528100119940809   9.0
3528100119940810   4.8
3528100119940811    .0
3528100119940812    .0
3528100119940813    .0
3528100119940814    .0
3528100119940815    .0
3528100119940816    .0
3528100119940817   1.6
3528100119940818    .0
3528100119940819    .0
3528100119940820    .0
3528100119940821    .0
3528100119940822    .0
3528100119940823   3.2
3528100119940824   3.4
3528100119940825    .4
3528100119940826    .0
3528100119940827   5.8
3528100119940828    .0
3528100119940829    .0
3528100119940830    .0
3528100119940831   4.4
3528100119940901    .2
3528100119940902    .0
3528100119940903    .2
3528100119940904    .2
3528100119940905   1.0
3528100119940906  37.6
3528100119940907  10.6
3528100119940908   2.2
3528100119940909   6.6
3528100119940910    .2
3528100119940911    .8
3528100119940912    .0
3528100119940913  14.0
3528100119940914   7.4
3528100119940915    .6
3528100119940916   6.8
3528100119940917    .6
3528100119940918   2.4
3528100119940919   9.0
3528100119940920   5.8
3528100119940921    .0
3528100119940922   3.2
3528100119940923   6.4
3528100119940924   2.6
3528100119940925  11.6
3528100119940926    .8
3528100119940927    .0
3528100119940928    .0
3528100119940929    .0
3528100119940930    .0
3528100119941001    .0
3528100119941002    .0
3528100119941003    .0
3528100119941004    .0
3528100119941005    .0
3528100119941006    .0
3528100119941007    .0
3528100119941008    .0
3528100119941009    .0
3528100119941010    .0
3528100119941011    .0
3528100119941012    .0
3528100119941013    .0
3528100119941014    .0
3528100119941015    .0
3528100119941016    .0
3528100119941017    .0
3528100119941018   6.2
3528100119941019   3.6
3528100119941020    .2
3528100119941021   6.8
3528100119941022   2.2
3528100119941023   2.2
3528100119941024   3.2
3528100119941025    .2
3528100119941026    .0
3528100119941027   1.2
3528100119941028   1.4
3528100119941029   5.0
3528100119941030   3.4
3528100119941031   4.2
3528100119941101    .0
3528100119941102    .2
3528100119941103   6.0
3528100119941104   2.4
3528100119941105   7.8
3528100119941106    .4
3528100119941107    .4
3528100119941108   3.4
3528100119941109  22.0
3528100119941110   3.0
3528100119941111   1.4
3528100119941112   6.6
3528100119941113    .2
3528100119941114   6.8
3528100119941115    .0
3528100119941116    .4
3528100119941117   7.4
3528100119941118   1.4
3528100119941119    .0
3528100119941120    .0
3528100119941121    .0
3528100119941122    .0
3528100119941123    .0
3528100119941124    .0
3528100119941125    .0
3528100119941126    .2
3528100119941127    .2
3528100119941128    .0
3528100119941129    .0
3528100119941130    .0
3528100119941201    .0
3528100119941202    .0
3528100119941203   5.4
3528100119941204    .4
3528100119941205   2.8
3528100119941206   2.8
3528100119941207   5.6
3528100119941208   3.4
3528100119941209  11.4
3528100119941210    .0
3528100119941211    .0
3528100119941212    .0
3528100119941213    .0
3528100119941214    .0
3528100119941215   1.0
3528100119941216    .2
3528100119941217    .0
3528100119941218   5.6
3528100119941219    .0
3528100119941220   1.4
3528100119941221   2.0
3528100119941222    .0
3528100119941223    .0
3528100119941224    .0
3528100119941225    .0
3528100119941226   3.8
3528100119941227   3.2
3528100119941228  18.8
3528100119941229   9.4
3528100119941230    .2
3528100119941231   3.4
3528100119950101   4.4
3528100119950102    .0
3528100119950103    .0
3528100119950104    .0
3528100119950105   2.4
3528100119950106   1.0
3528100119950107    .0
3528100119950108   2.4
3528100119950109    .0
3528100119950110    .6
3528100119950111    .4
3528100119950112    .0
3528100119950113    .0
3528100119950114    .0
3528100119950115    .0
3528100119950116    .0
3528100119950117  18.8
3528100119950118   2.0
3528100119950119  70.4
3528100119950120    .6
3528100119950121  19.8
3528100119950122  10.6
3528100119950123    .2
3528100119950124   8.4
3528100119950125  10.8
3528100119950126   3.8
3528100119950127  10.4
3528100119950128   1.0
3528100119950129   1.2
3528100119950130    .0
3528100119950131    .4
3528100119950201  12.0
3528100119950202    .0
3528100119950203   2.0
3528100119950204   1.2
3528100119950205    .0
3528100119950206    .2
3528100119950207   1.4
3528100119950208    .2
3528100119950209   3.0
3528100119950210   3.8
3528100119950211   5.0
3528100119950212    .0
3528100119950213   3.0
3528100119950214   6.0
3528100119950215    .6
3528100119950216   5.8
3528100119950217   1.0
3528100119950218    .0
3528100119950219   2.4
3528100119950220   3.0
3528100119950221    .0
3528100119950222   5.2
3528100119950223   3.4
3528100119950224   2.8
3528100119950225   1.4
3528100119950226   2.8
3528100119950227    .0
3528100119950228    .8
3528100119950301   1.2
3528100119950302   7.6
3528100119950303    .6
3528100119950304   1.0
3528100119950305   3.0
3528100119950306   3.6
3528100119950307  14.2
3528100119950308   2.0
3528100119950309    .0
3528100119950310    .0
3528100119950311    .0
3528100119950312    .0
3528100119950313    .0
3528100119950314    .0
3528100119950315   3.6
3528100119950316    .2
3528100119950317    .8
3528100119950318   9.8
3528100119950319   2.4
3528100119950320    .0
3528100119950321    .0
3528100119950322    .0
3528100119950323    .0
3528100119950324    .0
3528100119950325    .0
3528100119950326    .0
3528100119950327    .6
3528100119950328   4.8
3528100119950329    .0
3528100119950330    .0
3528100119950331    .0
3528100119950401    .0
3528100119950402    .0
3528100119950403    .0
3528100119950404    .0
3528100119950405    .0
3528100119950406    .0
3528100119950407    .0
3528100119950408    .0
3528100119950409    .0
3528100119950410    .0
3528100119950411    .0
3528100119950412    .0
3528100119950413    .0
3528100119950414    .0
3528100119950415    .0
3528100119950416    .0
3528100119950417    .0
3528100119950418   7.4
3528100119950419   1.2
3528100119950420    .2
3528100119950421   8.0
3528100119950422   1.6
3528100119950423    .0
3528100119950424   2.4
3528100119950425    .2
3528100119950426    .0
3528100119950427    .0
3528100119950428    .2
3528100119950429   2.0
3528100119950430    .0
3528100119950501    .0
3528100119950502    .0
3528100119950503    .0
3528100119950504    .0
3528100119950505    .0
3528100119950506    .0
3528100119950507    .0
3528100119950508    .0
3528100119950509    .0
3528100119950510    .4
3528100119950511  10.0
3528100119950512   3.4
3528100119950513    .0
3528100119950514    .0
3528100119950515    .6
3528100119950516  21.4
3528100119950517   6.4
3528100119950518    .0
3528100119950519    .0
3528100119950520    .0
3528100119950521    .0
3528100119950522    .0
3528100119950523    .0
3528100119950524   2.6
3528100119950525    .0
3528100119950526    .2
3528100119950527    .0
3528100119950528    .0
3528100119950529   2.0
3528100119950530   1.2
3528100119950531    .0
3528100119950601   5.4
3528100119950602    .0
3528100119950603   1.0
3528100119950604    .0
3528100119950605    .0
3528100119950606    .0
3528100119950607    .0
3528100119950608    .0
3528100119950609    .0
3528100119950610    .0
3528100119950611    .4
3528100119950612    .0
3528100119950613    .0
3528100119950614    .0
3528100119950615    .0
3528100119950616    .0
3528100119950617   4.8
3528100119950618    .0
3528100119950619    .0
3528100119950620    .8
3528100119950621    .0
3528100119950622    .0
3528100119950623    .0
3528100119950624    .0
3528100119950625    .0
3528100119950626    .0
3528100119950627    .0
3528100119950628    .0
3528100119950629    .0
3528100119950630    .0
3528100119950701  19.2
3528100119950702  20.4
3528100119950703    .0
3528100119950704    .0
3528100119950705    .0
3528100119950706    .0
3528100119950707    .0
3528100119950708    .0
3528100119950709    .2
3528100119950710    .2
3528100119950711   1.0
3528100119950712   2.8
3528100119950713    .6
3528100119950714  13.0
3528100119950715    .8
3528100119950716    .4
3528100119950717    .2
3528100119950718    .0
3528100119950719    .0
3528100119950720    .0
3528100119950721    .0
3528100119950722    .0
3528100119950723    .0
3528100119950724    .0
3528100119950725    .0
3528100119950726   4.6
3528100119950727    .0
3528100119950728    .0
3528100119950729    .0
3528100119950730    .0
3528100119950731    .0
3528100119950801    .0
3528100119950802    .0
3528100119950803    .0
3528100119950804    .0
3528100119950805  22.6
3528100119950806   1.0
3528100119950807    .0
3528100119950808    .0
3528100119950809    .0
3528100119950810    .0
3528100119950811    .0
3528100119950812   1.4
3528100119950813    .0
3528100119950814    .0
3528100119950815    .0
3528100119950816    .0
3528100119950817    .0
3528100119950818    .0
3528100119950819    .0
3528100119950820    .0
3528100119950821    .0
3528100119950822    .0
3528100119950823    .0
3528100119950824    .0
3528100119950825    .0
3528100119950826    .2
3528100119950827    .0
3528100119950828    .0
3528100119950829    .0
3528100119950830    .0
3528100119950831    .0
3528100119950901    .0
3528100119950902    .4
3528100119950903    .0
3528100119950904    .0
3528100119950905    .0
3528100119950906   6.2
3528100119950907  16.6
3528100119950908    .6
3528100119950909    .4
3528100119950910   4.4
3528100119950911    .6
3528100119950912   3.0
3528100119950913    .0
3528100119950914  11.0
3528100119950915   8.6
3528100119950916   8.2
3528100119950917  11.8
3528100119950918   4.8
3528100119950919    .2
3528100119950920    .0
3528100119950921    .0
3528100119950922    .0
3528100119950923    .0
3528100119950924   2.8
3528100119950925    .0
3528100119950926    .2
3528100119950927   9.6
3528100119950928    .0
3528100119950929    .4
3528100119950930    .0
3528100119951001    .0
3528100119951002    .8
3528100119951003    .6
3528100119951004   5.8
3528100119951005    .0
3528100119951006    .0
3528100119951007    .0
3528100119951008    .0
3528100119951009    .0
3528100119951010    .2
3528100119951011    .0
3528100119951012    .0
3528100119951013    .0
3528100119951014   2.4
3528100119951015    .0
3528100119951016    .0
3528100119951017    .4
3528100119951018    .0
3528100119951019    .0
3528100119951020    .0
3528100119951021    .0
3528100119951022    .0
3528100119951023    .0
3528100119951024   2.2
3528100119951025    .6
3528100119951026    .2
3528100119951027    .2
3528100119951028   6.2
3528100119951029   2.0
3528100119951030    .0
3528100119951031    .0
3528100119951101    .0
3528100119951102    .0
3528100119951103    .0
3528100119951104    .0
3528100119951105    .0
3528100119951106    .0
3528100119951107    .0
3528100119951108    .0
3528100119951109    .0
3528100119951110   1.0
3528100119951111  23.0
3528100119951112   5.6
3528100119951113    .0
3528100119951114   3.4
3528100119951115    .8
3528100119951116   1.2
3528100119951117   2.4
3528100119951118    .0
3528100119951119    .0
3528100119951120    .0
3528100119951121    .0
3528100119951122    .0
3528100119951123    .0
3528100119951124   2.6
3528100119951125  12.8
3528100119951126   8.0
3528100119951127   5.2
3528100119951128  18.4
3528100119951129    .0
3528100119951130   1.8
3528100119951201   1.6
3528100119951202   3.4
3528100119951203   6.4
3528100119951204   3.2
3528100119951205    .0
3528100119951206    .0
3528100119951207    .0
3528100119951208    .0
3528100119951209    .0
3528100119951210    .0
3528100119951211    .0
3528100119951212    .0
3528100119951213    .0
3528100119951214    .0
3528100119951215   1.8
3528100119951216  13.0
3528100119951217    .0
3528100119951218    .0
3528100119951219   3.6
3528100119951220   1.8
3528100119951221   8.4
3528100119951222  17.0
3528100119951223   1.4
3528100119951224    .0
3528100119951225    .0
3528100119951226    .0
3528100119951227    .0
3528100119951228    .0
3528100119951229   8.0
3528100119951230   7.8
3528100119951231   5.4
3528100119960101  10.2
3528100119960102    .0
3528100119960103    .0
3528100119960104    .0
3528100119960105    .0
3528100119960106   1.2
3528100119960107    .8
3528100119960108  15.4
3528100119960109    .0
3528100119960110    .2
3528100119960111   4.2
3528100119960112    .8
3528100119960113    .4
3528100119960114    .2
3528100119960115    .0
3528100119960116    .0
3528100119960117    .0
3528100119960118    .0
3528100119960119    .0
3528100119960120    .2
3528100119960121    .0
3528100119960122   4.2
3528100119960123   5.4
3528100119960124    .0
3528100119960125    .2
3528100119960126    .0
3528100119960127    .0
3528100119960128    .0
3528100119960129    .0
3528100119960130    .0
3528100119960131    .0
3528100119960201    .0
3528100119960202    .0
3528100119960203    .0
3528100119960204    .0
3528100119960205   9.0
3528100119960206   1.4
3528100119960207   8.6
3528100119960208   1.6
3528100119960209    .4
3528100119960210    .2
3528100119960211   1.4
3528100119960212   5.4
3528100119960213    .8
3528100119960214    .0
3528100119960215    .0
3528100119960216    .0
3528100119960217    .0
3528100119960218   8.0
3528100119960219    .8
3528100119960220    .8
3528100119960221    .0
3528100119960222   3.0
3528100119960223    .2
3528100119960224  11.0
3528100119960225  11.0
3528100119960226   2.6
3528100119960227    .0
3528100119960228    .0
3528100119960229    .0
3528100119960301    .0
3528100119960302   1.0
3528100119960303    .0
3528100119960304    .2
3528100119960305    .0
3528100119960306    .0
3528100119960307   2.2
3528100119960308    .0
3528100119960309    .0
3528100119960310    .0
3528100119960311    .0
3528100119960312    .0
3528100119960313    .0
3528100119960314   1.0
3528100119960315    .0
3528100119960316    .0
3528100119960317    .6
3528100119960318    .0
3528100119960319   3.6
3528100119960320  16.6
3528100119960321    .6
3528100119960322    .2
3528100119960323    .0
3528100119960324   3.4
3528100119960325    .6
3528100119960326   2.6
3528100119960327    .0
3528100119960328    .0
3528100119960329    .2
3528100119960330    .0
3528100119960331    .0
3528100119960401    .0
3528100119960402    .0
3528100119960403    .0
3528100119960404    .0
3528100119960405    .0
3528100119960406    .0
3528100119960407    .0
3528100119960408    .0
3528100119960409    .0
3528100119960410   1.2
3528100119960411    .0
3528100119960412   4.2
3528100119960413   5.2
3528100119960414    .0
3528100119960415    .0
3528100119960416    .8
3528100119960417   1.2
3528100119960418    .0
3528100119960419    .0
3528100119960420    .0
3528100119960421   7.0
3528100119960422  13.4
3528100119960423   2.6
3528100119960424    .6
3528100119960425    .0
3528100119960426    .0
3528100119960427    .0
3528100119960428    .0
3528100119960429    .0
3528100119960430    .0
3528100119960501  14.2
3528100119960502   4.6
3528100119960503    .0
3528100119960504    .0
3528100119960505    .0
3528100119960506  12.6
3528100119960507   1.4
3528100119960508    .6
3528100119960509    .0
3528100119960510    .0
3528100119960511    .0
3528100119960512    .0
3528100119960513    .0
3528100119960514    .0
3528100119960515    .0
3528100119960516   6.8
3528100119960517   2.6
3528100119960518   4.0
3528100119960519    .4
3528100119960520   2.0
3528100119960521    .0
3528100119960522    .8
3528100119960523    .0
3528100119960524   4.4
3528100119960525   6.0
3528100119960526    .2
3528100119960527    .2
3528100119960528    .0
3528100119960529    .0
3528100119960530    .0
3528100119960531    .0
3528100119960601    .2
3528100119960602    .0
3528100119960603    .0
3528100119960604    .0
3528100119960605    .0
3528100119960606    .0
3528100119960607   1.4
3528100119960608   4.2
3528100119960609    .0
3528100119960610    .0
3528100119960611    .0
3528100119960612    .0
3528100119960613    .0
3528100119960614    .0
3528100119960615    .0
3528100119960616    .0
3528100119960617    .0
3528100119960618    .0
3528100119960619    .0
3528100119960620    .0
3528100119960621    .0
3528100119960622    .0
3528100119960623    .0
3528100119960624    .0
3528100119960625    .0
3528100119960626    .4
3528100119960627    .2
3528100119960628    .4
3528100119960629    .0
3528100119960630    .8
3528100119960701    .0
3528100119960702    .0
3528100119960703   1.8
3528100119960704   1.2
3528100119960705   2.6
3528100119960706    .8
3528100119960707    .0
3528100119960708    .0
3528100119960709    .6
3528100119960710    .0
3528100119960711    .0
3528100119960712    .0
3528100119960713    .0
3528100119960714    .0
3528100119960715    .0
3528100119960716    .0
3528100119960717    .0
3528100119960718    .0
3528100119960719    .0
3528100119960720    .0
3528100119960721    .0
3528100119960722    .0
3528100119960723    .0
3528100119960724    .0
3528100119960725    .0
3528100119960726    .0
3528100119960727    .0
3528100119960728    .0
3528100119960729    .6
3528100119960730    .0
3528100119960731    .0
3528100119960801    .0
3528100119960802    .0
3528100119960803    .0
3528100119960804    .0
3528100119960805   2.2
3528100119960806   1.2
3528100119960807    .0
3528100119960808    .0
3528100119960809  15.8
3528100119960810   6.6
3528100119960811    .0
3528100119960812    .0
3528100119960813    .0
3528100119960814    .0
3528100119960815    .2
3528100119960816    .0
3528100119960817    .0
3528100119960818    .0
3528100119960819   1.6
3528100119960820    .0
3528100119960821    .0
3528100119960822   5.8
3528100119960823   5.4
3528100119960824    .2
3528100119960825    .0
3528100119960826    .2
3528100119960827    .2
3528100119960828    .8
3528100119960829    .0
3528100119960830    .0
3528100119960831    .0
3528100119960901    .0
3528100119960902    .0
3528100119960903    .0
3528100119960904    .0
3528100119960905    .0
3528100119960906    .0
3528100119960907    .0
3528100119960908    .0
3528100119960909    .0
3528100119960910    .0
3528100119960911    .0
3528100119960912    .0
3528100119960913    .0
3528100119960914    .0
3528100119960915    .0
3528100119960916    .0
3528100119960917    .0
3528100119960918    .0
3528100119960919   4.2
3528100119960920    .2
3528100119960921    .0
3528100119960922    .0
3528100119960923    .0
3528100119960924   6.8
3528100119960925    .2
3528100119960926   9.8
3528100119960927    .6
3528100119960928    .0
3528100119960929    .0
3528100119960930   9.2
3528100119961001   7.8
3528100119961002    .0
3528100119961003   2.6
3528100119961004   2.2
3528100119961005   2.4
3528100119961006   3.0
3528100119961007   1.4
3528100119961008    .0
3528100119961009    .4
3528100119961010    .0
3528100119961011    .0
3528100119961012    .0
3528100119961013    .0
3528100119961014    .8
3528100119961015   1.4
3528100119961016   4.8
3528100119961017    .0
3528100119961018   4.0
3528100119961019    .0
3528100119961020    .0
3528100119961021    .0
3528100119961022    .0
3528100119961023    .0
3528100119961024    .8
3528100119961025   5.0
3528100119961026    .2
3528100119961027    .0
3528100119961028    .2
3528100119961029   1.2
3528100119961030    .0
3528100119961031    .2
3528100119961101    .0
3528100119961102    .0
3528100119961103   4.2
3528100119961104  33.6
3528100119961105    .0
3528100119961106   5.8
3528100119961107    .4
3528100119961108    .0
3528100119961109   2.4
3528100119961110    .8
3528100119961111   5.2
3528100119961112   3.0
3528100119961113    .0
3528100119961114    .0
3528100119961115    .0
3528100119961116    .0
3528100119961117   2.2
3528100119961118   2.6
3528100119961119  19.8
3528100119961120   4.0
3528100119961121    .0
3528100119961122   2.0
3528100119961123    .8
3528100119961124   6.6
3528100119961125   1.8
3528100119961126   1.6
3528100119961127  17.0
3528100119961128   3.4
3528100119961129   2.2
3528100119961130    .6
3528100119961201   1.8
3528100119961202    .4
3528100119961203   9.4
3528100119961204    .0
3528100119961205    .0
3528100119961206   2.8
3528100119961207    .0
3528100119961208    .0
3528100119961209    .0
3528100119961210    .0
3528100119961211    .0
3528100119961212    .0
3528100119961213    .2
3528100119961214    .0
3528100119961215    .0
3528100119961216   3.6
3528100119961217    .0
3528100119961218   5.2
3528100119961219   7.2
3528100119961220    .0
3528100119961221   4.2
3528100119961222   4.8
3528100119961223    .0
3528100119961224    .6
3528100119961225    .0
3528100119961226    .0
3528100119961227    .0
3528100119961228    .0
3528100119961229    .0
3528100119961230    .0
3528100119961231    .0
3528100119970101    .0
3528100119970102    .0
3528100119970103    .4
3528100119970104    .0
3528100119970105    .0
3528100119970106    .0
3528100119970107    .0
3528100119970108   1.0
3528100119970109    .2
3528100119970110    .0
3528100119970111   1.4
3528100119970112    .0
3528100119970113    .0
3528100119970114    .0
3528100119970115    .0
3528100119970116    .0
3528100119970117   2.0
3528100119970118   1.4
3528100119970119    .0
3528100119970120    .0
3528100119970121   2.0
3528100119970122    .4
3528100119970123   1.4
3528100119970124    .0
3528100119970125    .0
3528100119970126    .0
3528100119970127    .0
3528100119970128    .0
3528100119970129    .0
3528100119970130    .0
3528100119970131    .0
3528100119970201    .2
3528100119970202    .2
3528100119970203    .0
3528100119970204   1.2
3528100119970205    .0
3528100119970206    .0
3528100119970207    .0
3528100119970208    .0
3528100119970209    .0
3528100119970210   4.0
3528100119970211    .6
3528100119970212   4.0
3528100119970213   6.4
3528100119970214  11.2
3528100119970215    .0
3528100119970216   1.0
3528100119970217   2.6
3528100119970218   1.8
3528100119970219    .6
3528100119970220    .0
3528100119970221    .0
3528100119970222    .0
3528100119970223   4.4
3528100119970224   8.2
3528100119970225  14.8
3528100119970226   2.2
3528100119970227    .0
3528100119970228    .0
3528100119970301    .0
3528100119970302   2.0
3528100119970303    .0
3528100119970304    .4
3528100119970305    .6
3528100119970306    .2
3528100119970307    .0
3528100119970308    .0
3528100119970309    .0
3528100119970310    .0
3528100119970311    .0
3528100119970312    .0
3528100119970313    .0
3528100119970314    .0
3528100119970315    .2
3528100119970316    .2
3528100119970317    .0
3528100119970318   1.6
3528100119970319    .0
3528100119970320    .0
3528100119970321    .0
3528100119970322    .0
3528100119970323    .0
3528100119970324   1.4
3528100119970325    .0
3528100119970326    .6
3528100119970327    .0
3528100119970328    .0
3528100119970329    .0
3528100119970330    .0
3528100119970331    .0
3528100119970401    .0
3528100119970402    .0
3528100119970403    .0
3528100119970404    .0
3528100119970405    .0
3528100119970406    .0
3528100119970407    .0
3528100119970408    .0
3528100119970409    .0
3528100119970410    .0
3528100119970411    .0
3528100119970412    .0
3528100119970413    .0
3528100119970414    .0
3528100119970415    .0
3528100119970416    .0
3528100119970417    .0
3528100119970418    .0
3528100119970419    .0
3528100119970420    .0
3528100119970421    .0
3528100119970422    .0
3528100119970423    .0
3528100119970424    .0
3528100119970425    .4
3528100119970426   8.4
3528100119970427    .4
3528100119970428    .0
3528100119970429    .0
3528100119970430    .0
3528100119970501    .0
3528100119970502    .0
3528100119970503    .0
3528100119970504   8.4
3528100119970505   7.6
3528100119970506    .2
3528100119970507    .4
3528100119970508    .8
3528100119970509    .8
3528100119970510   3.8
3528100119970511   5.6
3528100119970512   1.8
3528100119970513    .0
3528100119970514    .0
3528100119970515   1.6
3528100119970516   6.6
3528100119970517   6.6
3528100119970518   2.8
3528100119970519  12.8
3528100119970520   3.0
3528100119970521  12.8
3528100119970522    .0
3528100119970523    .0
3528100119970524    .0
3528100119970525    .0
3528100119970526    .0
3528100119970527    .0
3528100119970528    .0
3528100119970529    .0
3528100119970530    .0
3528100119970531    .0
3528100119970601    .0
3528100119970602    .0
3528100119970603    .0
3528100119970604   1.6
3528100119970605    .4
3528100119970606   7.6
3528100119970607    .2
3528100119970608  13.2
3528100119970609    .0
3528100119970610   1.2
3528100119970611   5.4
3528100119970612   2.2
3528100119970613   2.8
3528100119970614    .8
3528100119970615    .2
3528100119970616  12.2
3528100119970617    .2
3528100119970618   3.2
3528100119970619   1.6
3528100119970620   1.8
3528100119970621   4.0
3528100119970622    .6
3528100119970623   1.6
3528100119970624   1.4
3528100119970625   9.0
3528100119970626  15.6
3528100119970627   8.2
3528100119970628    .2
3528100119970629   8.4
3528100119970630  12.0
3528100119970701    .6
3528100119970702    .4
3528100119970703   1.2
3528100119970704   5.6
3528100119970705    .2
3528100119970706    .0
3528100119970707    .0
3528100119970708    .0
3528100119970709    .0
3528100119970710    .2
3528100119970711  11.6
3528100119970712    .0
3528100119970713    .0
3528100119970714    .0
3528100119970715    .0
3528100119970716    .0
3528100119970717    .0
3528100119970718    .0
3528100119970719    .0
3528100119970720    .0
3528100119970721    .0
3528100119970722    .0
3528100119970723    .0
3528100119970724    .4
3528100119970725   3.0
3528100119970726   5.0
3528100119970727    .2
3528100119970728    .0
3528100119970729    .0
3528100119970730    .0
3528100119970731    .2
3528100119970801    .0
3528100119970802    .0
3528100119970803    .0
3528100119970804    .0
3528100119970805  22.0
3528100119970806    .0
3528100119970807    .2
3528100119970808    .0
3528100119970809    .0
3528100119970810  35.4
3528100119970811    .8
3528100119970812    .0
3528100119970813    .2
3528100119970814    .0
3528100119970815    .0
3528100119970816  50.2
3528100119970817    .2
3528100119970818    .0
3528100119970819    .6
3528100119970820    .0
3528100119970821    .2
3528100119970822    .0
3528100119970823    .0
3528100119970824   6.8
3528100119970825   1.2
3528100119970826   3.4
3528100119970827   9.4
3528100119970828   1.0
3528100119970829   5.4
3528100119970830    .6
3528100119970831    .2
3528100119970901    .2
3528100119970902    .0
3528100119970903    .2
3528100119970904   1.4
3528100119970905    .0
3528100119970906    .4
3528100119970907    .2
3528100119970908    .0
3528100119970909    .2
3528100119970910    .0
3528100119970911    .0
3528100119970912    .6
3528100119970913    .0
3528100119970914    .0
3528100119970915    .0
3528100119970916    .0
3528100119970917    .2
3528100119970918    .0
3528100119970919    .0
3528100119970920    .0
3528100119970921    .0
3528100119970922    .2
3528100119970923    .0
3528100119970924    .0
3528100119970925    .0
3528100119970926    .2
3528100119970927    .2
3528100119970928    .2
3528100119970929    .0
3528100119970930    .2
3528100119971001    .0
3528100119971002    .2
3528100119971003    .2
3528100119971004    .2
3528100119971005    .0
3528100119971006    .6
3528100119971007   2.8
3528100119971008  15.4
3528100119971009   1.4
3528100119971010    .4
3528100119971011   1.0
3528100119971012   1.0
3528100119971013   1.6
3528100119971014   6.2
3528100119971015    .2
3528100119971016   1.0
3528100119971017    .0
3528100119971018    .0
3528100119971019  18.0
3528100119971020    .4
3528100119971021    .0
3528100119971022    .0
3528100119971023    .0
3528100119971024    .0
3528100119971025    .0
3528100119971026    .0
3528100119971027    .0
3528100119971028    .0
3528100119971029    .0
3528100119971030    .0
3528100119971031    .0
3528100119971101    .0
3528100119971102    .0
3528100119971103    .8
3528100119971104   2.4
3528100119971105   9.8
3528100119971106    .2
3528100119971107   2.8
3528100119971108  10.8
3528100119971109   3.0
3528100119971110   6.6
3528100119971111    .2
3528100119971112    .4
3528100119971113    .0
3528100119971114    .8
3528100119971115    .4
3528100119971116    .0
3528100119971117    .6
3528100119971118   3.0
3528100119971119  10.6
3528100119971120   2.8
3528100119971121    .4
3528100119971122    .0
3528100119971123   2.2
3528100119971124    .0
3528100119971125   1.0
3528100119971126   1.6
3528100119971127   6.8
3528100119971128   2.6
3528100119971129    .0
3528100119971130   1.6
3528100119971201   6.0
3528100119971202   4.2
3528100119971203    .0
3528100119971204    .0
3528100119971205    .0
3528100119971206    .0
3528100119971207    .6
3528100119971208   3.6
3528100119971209   3.6
3528100119971210   2.4
3528100119971211   1.4
3528100119971212    .0
3528100119971213    .0
3528100119971214    .0
3528100119971215    .0
3528100119971216   4.2
3528100119971217   3.0
3528100119971218    .6
3528100119971219   2.2
3528100119971220    .2
3528100119971221    .0
3528100119971222   9.4
3528100119971223   2.2
3528100119971224   9.0
3528100119971225   4.8
3528100119971226    .0
3528100119971227    .0
3528100119971228    .0
3528100119971229   3.2
3528100119971230   3.8
3528100119971231   1.4
3528100119980101   9.0
3528100119980102   6.4
3528100119980103   2.0
3528100119980104   7.8
3528100119980105   6.4
3528100119980106  13.4
3528100119980107   1.0
3528100119980108    .0
3528100119980109    .0
3528100119980110    .0
3528100119980111    .0
3528100119980112    .2
3528100119980113   6.8
3528100119980114   2.6
3528100119980115   3.8
3528100119980116   2.8
3528100119980117   3.4
3528100119980118  12.6
3528100119980119    .2
3528100119980120    .0
3528100119980121    .0
3528100119980122    .0
3528100119980123    .0
3528100119980124    .0
3528100119980125    .0
3528100119980126    .0
3528100119980127    .0
3528100119980128    .0
3528100119980129    .0
3528100119980130    .0
3528100119980131    .0
3528100119980201    .0
3528100119980202    .0
3528100119980203    .0
3528100119980204    .0
3528100119980205    .0
3528100119980206    .4
3528100119980207    .0
3528100119980208    .0
3528100119980209    .0
3528100119980210    .0
3528100119980211    .0
3528100119980212    .0
3528100119980213    .0
3528100119980214    .0
3528100119980215    .0
3528100119980216    .0
3528100119980217    .0
3528100119980218    .0
3528100119980219    .0
3528100119980220    .0
3528100119980221  12.2
3528100119980222   1.0
3528100119980223    .0
3528100119980224    .0
3528100119980225    .0
3528100119980226    .0
3528100119980227    .4
3528100119980228   1.0
3528100119980301    .2
3528100119980302    .2
3528100119980303   3.4
3528100119980304   7.4
3528100119980305    .2
3528100119980306    .0
3528100119980307   3.4
3528100119980308   5.8
3528100119980309    .0
3528100119980310   3.4
3528100119980311   2.4
3528100119980312    .0
3528100119980313    .4
3528100119980314    .0
3528100119980315    .0
3528100119980316    .0
3528100119980317    .0
3528100119980318    .0
3528100119980319    .0
3528100119980320    .0
3528100119980321    .0
3528100119980322    .0
3528100119980323    .0
3528100119980324    .0
3528100119980325    .8
3528100119980326    .6
3528100119980327    .0
3528100119980328    .0
3528100119980329   2.8
3528100119980330    .0
3528100119980331    .0
3528100119980401   7.6
3528100119980402  12.2
3528100119980403  14.2
3528100119980404   1.8
3528100119980405   4.0
3528100119980406    .4
3528100119980407   7.6
3528100119980408   8.8
3528100119980409   3.4
3528100119980410   9.0
3528100119980411   6.0
3528100119980412    .4
3528100119980413   1.2
3528100119980414   5.6
3528100119980415    .2
3528100119980416  13.0
3528100119980417   2.8
3528100119980418   9.2
3528100119980419   7.2
3528100119980420    .0
3528100119980421    .0
3528100119980422    .0
3528100119980423   3.2
3528100119980424   1.4
3528100119980425  13.4
3528100119980426   1.4
3528100119980427    .8
3528100119980428   6.2
3528100119980429   6.2
3528100119980430   4.2
3528100119980501    .0
3528100119980502   3.4
3528100119980503    .0
3528100119980504    .0
3528100119980505    .0
3528100119980506    .0
3528100119980507    .0
3528100119980508    .0
3528100119980509    .0
3528100119980510    .0
3528100119980511    .0
3528100119980512    .0
3528100119980513    .6
3528100119980514    .0
3528100119980515    .2
3528100119980516    .0
3528100119980517    .0
3528100119980518    .0
3528100119980519    .0
3528100119980520    .0
3528100119980521    .0
3528100119980522    .0
3528100119980523    .0
3528100119980524    .0
3528100119980525    .0
3528100119980526   4.8
3528100119980527   1.4
3528100119980528   1.4
3528100119980529   2.0
3528100119980530   2.4
3528100119980531   2.8
3528100119980601   8.8
3528100119980602   4.0
3528100119980603    .0
3528100119980604   6.2
3528100119980605    .2
3528100119980606    .6
3528100119980607    .6
3528100119980608    .8
3528100119980609   8.6
3528100119980610   3.4
3528100119980611   3.6
3528100119980612   5.4
3528100119980613   4.0
3528100119980614   3.0
3528100119980615    .0
3528100119980616    .0
3528100119980617    .0
3528100119980618    .0
3528100119980619    .0
3528100119980620    .0
3528100119980621    .0
3528100119980622    .0
3528100119980623    .0
3528100119980624    .2
3528100119980625    .0
3528100119980626    .0
3528100119980627   6.4
3528100119980628    .0
3528100119980629    .0
3528100119980630   1.4
3528100119980701    .6
3528100119980702  39.2
3528100119980703    .0
3528100119980704    .0
3528100119980705    .2
3528100119980706    .0
3528100119980707   1.6
3528100119980708    .0
3528100119980709    .0
3528100119980710    .0
3528100119980711    .0
3528100119980712  17.0
3528100119980713   1.0
3528100119980714    .0
3528100119980715    .0
3528100119980716    .2
3528100119980717    .2
3528100119980718    .0
3528100119980719    .0
3528100119980720   2.2
3528100119980721    .6
3528100119980722   3.2
3528100119980723  11.2
3528100119980724    .0
3528100119980725    .2
3528100119980726    .8
3528100119980727    .2
3528100119980728   8.2
3528100119980729    .0
3528100119980730    .0
3528100119980731    .2
3528100119980801    .0
3528100119980802    .0
3528100119980803    .4
3528100119980804    .2
3528100119980805    .2
3528100119980806    .0
3528100119980807    .2
3528100119980808    .0
3528100119980809    .0
3528100119980810    .0
3528100119980811    .0
3528100119980812    .2
3528100119980813    .0
3528100119980814    .2
3528100119980815    .0
3528100119980816    .2
3528100119980817    .0
3528100119980818   1.0
3528100119980819    .0
3528100119980820    .2
3528100119980821    .0
3528100119980822   1.0
3528100119980823   2.0
3528100119980824    .0
3528100119980825    .2
3528100119980826    .0
3528100119980827    .0
3528100119980828    .0
3528100119980829    .0
3528100119980830    .0
3528100119980831    .0
3528100119980901   1.4
3528100119980902  28.6
3528100119980903   4.6
3528100119980904   7.2
3528100119980905    .0
3528100119980906    .2
3528100119980907    .2
3528100119980908   7.4
3528100119980909    .0
3528100119980910   2.8
3528100119980911   7.0
3528100119980912   5.0
3528100119980913   1.6
3528100119980914   3.4
3528100119980915   2.8
3528100119980916    .0
3528100119980917    .2
3528100119980918    .2
3528100119980919    .0
3528100119980920    .0
3528100119980921    .0
3528100119980922    .0
3528100119980923    .0
3528100119980924  10.2
3528100119980925  12.2
3528100119980926  19.4
3528100119980927   8.0
3528100119980928    .2
3528100119980929   3.8
3528100119980930  11.2
3528100119981001   9.0
3528100119981002   2.8
3528100119981003   1.6
3528100119981004    .2
3528100119981005    .0
3528100119981006    .0
3528100119981007    .4
3528100119981008    .4
3528100119981009   2.2
3528100119981010    .0
3528100119981011   3.2
3528100119981012    .0
3528100119981013   5.2
3528100119981014   3.4
3528100119981015   4.0
3528100119981016   1.8
3528100119981017   5.8
3528100119981018    .8
3528100119981019    .4
3528100119981020    .0
3528100119981021    .4
3528100119981022    .2
3528100119981023  12.8
3528100119981024  19.6
3528100119981025    .8
3528100119981026    .6
3528100119981027    .6
3528100119981028  11.4
3528100119981029    .0
3528100119981030   1.0
3528100119981031   6.8
3528100119981101    .0
3528100119981102   1.6
3528100119981103    .8
3528100119981104   1.4
3528100119981105    .0
3528100119981106    .0
3528100119981107    .0
3528100119981108   6.0
3528100119981109   4.4
3528100119981110    .4
3528100119981111   7.4
3528100119981112    .6
3528100119981113  12.2
3528100119981114   2.0
3528100119981115    .0
3528100119981116    .0
3528100119981117    .0
3528100119981118    .0
3528100119981119    .0
3528100119981120    .0
3528100119981121    .0
3528100119981122    .0
3528100119981123    .0
3528100119981124   3.0
3528100119981125   2.0
3528100119981126    .2
3528100119981127   1.0
3528100119981128   3.4
3528100119981129    .6
3528100119981130    .0
3528100119981201    .0
3528100119981202    .0
3528100119981203    .0
3528100119981204    .0
3528100119981205    .6
3528100119981206    .0
3528100119981207    .8
3528100119981208  14.0
3528100119981209   2.6
3528100119981210   2.6
3528100119981211   1.2
3528100119981212   1.2
3528100119981213    .2
3528100119981214    .0
3528100119981215    .2
3528100119981216    .0
3528100119981217    .6
3528100119981218   1.2
3528100119981219  16.4
3528100119981220   3.0
3528100119981221    .0
3528100119981222    .0
3528100119981223  10.4
3528100119981224    .2
3528100119981225    .6
3528100119981226  21.2
3528100119981227   4.0
3528100119981228   1.4
3528100119981229    .0
3528100119981230  12.4
3528100119981231    .4
