4008800119940101   7.4
4008800119940102   1.2
4008800119940103   6.8
4008800119940104   2.8
4008800119940105   3.8
4008800119940106  10.8
4008800119940107   9.2
4008800119940108   6.8
4008800119940109   5.2
4008800119940110  12.0
4008800119940111   3.8
4008800119940112    .0
4008800119940113    .0
4008800119940114   1.6
4008800119940115  24.2
4008800119940116  19.0
4008800119940117    .0
4008800119940118    .0
4008800119940119    .0
4008800119940120    .0
4008800119940121    .0
4008800119940122    .0
4008800119940123    .2
4008800119940124   4.8
4008800119940125  12.8
4008800119940126    .0
4008800119940127   2.6
4008800119940128    .2
4008800119940129    .0
4008800119940130    .0
4008800119940131    .0
4008800119940201    .0
4008800119940202    .4
4008800119940203  22.2
4008800119940204  28.0
4008800119940205    .8
4008800119940206   2.4
4008800119940207   5.8
4008800119940208   9.0
4008800119940209  13.0
4008800119940210  14.4
4008800119940211   2.6
4008800119940212   9.0
4008800119940213    .0
4008800119940214   1.6
4008800119940215    .0
4008800119940216    .0
4008800119940217   4.2
4008800119940218   7.6
4008800119940219   3.6
4008800119940220   1.8
4008800119940221   1.4
4008800119940222    .0
4008800119940223    .4
4008800119940224    .0
4008800119940225    .0
4008800119940226    .0
4008800119940227    .0
4008800119940228   1.8
4008800119940301    .0
4008800119940302   2.2
4008800119940303    .2
4008800119940304    .0
4008800119940305   2.8
4008800119940306    .0
4008800119940307    .0
4008800119940308    .0
4008800119940309    .0
4008800119940310    .0
4008800119940311    .0
4008800119940312    .6
4008800119940313   6.2
4008800119940314    .8
4008800119940315    .2
4008800119940316    .0
4008800119940317    .0
4008800119940318    .0
4008800119940319    .0
4008800119940320    .0
4008800119940321   5.0
4008800119940322    .0
4008800119940323    .0
4008800119940324    .0
4008800119940325   7.6
4008800119940326   2.4
4008800119940327    .0
4008800119940328    .0
4008800119940329    .0
4008800119940330    .0
4008800119940331    .0
4008800119940401  24.8
4008800119940402  18.2
4008800119940403  18.8
4008800119940404  14.4
4008800119940405   6.8
4008800119940406  42.2
4008800119940407   6.6
4008800119940408   9.0
4008800119940409  24.2
4008800119940410   9.4
4008800119940411    .0
4008800119940412    .0
4008800119940413   2.8
4008800119940414    .0
4008800119940415   2.4
4008800119940416    .2
4008800119940417  12.6
4008800119940418    .2
4008800119940419    .0
4008800119940420    .0
4008800119940421    .0
4008800119940422    .0
4008800119940423   1.2
4008800119940424  14.4
4008800119940425    .6
4008800119940426    .0
4008800119940427    .0
4008800119940428    .0
4008800119940429    .0
4008800119940430    .0
4008800119940501    .0
4008800119940502    .0
4008800119940503    .0
4008800119940504    .4
4008800119940505    .0
4008800119940506    .0
4008800119940507  18.4
4008800119940508    .8
4008800119940509   2.8
4008800119940510    .0
4008800119940511   5.2
4008800119940512    .0
4008800119940513  10.2
4008800119940514    .0
4008800119940515   6.0
4008800119940516   9.8
4008800119940517    .2
4008800119940518    .6
4008800119940519    .0
4008800119940520   3.4
4008800119940521   1.8
4008800119940522  19.6
4008800119940523   8.4
4008800119940524    .2
4008800119940525    .0
4008800119940526    .2
4008800119940527    .0
4008800119940528    .0
4008800119940529   2.2
4008800119940530    .2
4008800119940531    .0
4008800119940601  19.0
4008800119940602    .0
4008800119940603    .0
4008800119940604   2.6
4008800119940605    .0
4008800119940606    .0
4008800119940607    .0
4008800119940608   3.8
4008800119940609    .0
4008800119940610    .0
4008800119940611    .0
4008800119940612    .0
4008800119940613    .0
4008800119940614    .0
4008800119940615    .0
4008800119940616    .0
4008800119940617    .0
4008800119940618   2.0
4008800119940619   1.4
4008800119940620    .0
4008800119940621    .0
4008800119940622    .0
4008800119940623    .0
4008800119940624  17.0
4008800119940625  21.6
4008800119940626    .2
4008800119940627    .0
4008800119940628    .0
4008800119940629    .0
4008800119940630    .0
4008800119940701    .0
4008800119940702    .0
4008800119940703    .0
4008800119940704    .0
4008800119940705    .0
4008800119940706    .0
4008800119940707    .0
4008800119940708    .0
4008800119940709    .0
4008800119940710    .0
4008800119940711    .0
4008800119940712    .0
4008800119940713    .0
4008800119940714    .0
4008800119940715    .0
4008800119940716    .2
4008800119940717   1.2
4008800119940718   1.8
4008800119940719    .0
4008800119940720    .0
4008800119940721    .0
4008800119940722    .2
4008800119940723    .0
4008800119940724   2.8
4008800119940725    .0
4008800119940726    .0
4008800119940727    .0
4008800119940728   1.4
4008800119940729   2.0
4008800119940730   5.6
4008800119940731    .6
4008800119940801    .0
4008800119940802    .0
4008800119940803    .4
4008800119940804   8.6
4008800119940805    .0
4008800119940806   2.2
4008800119940807    .0
4008800119940808    .0
4008800119940809    .0
4008800119940810   4.0
4008800119940811    .0
4008800119940812  21.2
4008800119940813    .0
4008800119940814    .0
4008800119940815    .0
4008800119940816   1.0
4008800119940817    .0
4008800119940818    .6
4008800119940819    .0
4008800119940820    .0
4008800119940821   1.0
4008800119940822    .0
4008800119940823    .0
4008800119940824    .4
4008800119940825  10.2
4008800119940826   1.8
4008800119940827   1.2
4008800119940828    .4
4008800119940829    .0
4008800119940830    .0
4008800119940831    .0
4008800119940901    .6
4008800119940902    .0
4008800119940903    .0
4008800119940904    .0
4008800119940905    .0
4008800119940906    .0
4008800119940907  16.0
4008800119940908  19.4
4008800119940909   1.2
4008800119940910    .2
4008800119940911    .0
4008800119940912    .0
4008800119940913   9.8
4008800119940914  49.9
4008800119940915   9.2
4008800119940916  23.3
4008800119940917   1.8
4008800119940918    .0
4008800119940919  11.2
4008800119940920  15.6
4008800119940921  16.3
4008800119940922   1.9
4008800119940923  15.2
4008800119940924    .0
4008800119940925   1.5
4008800119940926  22.5
4008800119940927   8.8
4008800119940928    .4
4008800119940929   1.2
4008800119940930    .0
4008800119941001    .2
4008800119941002    .2
4008800119941003   9.6
4008800119941004    .0
4008800119941005    .0
4008800119941006    .0
4008800119941007    .0
4008800119941008    .0
4008800119941009    .0
4008800119941010    .0
4008800119941011    .0
4008800119941012    .0
4008800119941013    .0
4008800119941014    .0
4008800119941015  27.8
4008800119941016    .4
4008800119941017    .0
4008800119941018   2.2
4008800119941019  18.0
4008800119941020    .0
4008800119941021   2.4
4008800119941022   8.6
4008800119941023   9.6
4008800119941024    .0
4008800119941025   3.2
4008800119941026   3.8
4008800119941027  17.4
4008800119941028    .8
4008800119941029    .0
4008800119941030    .0
4008800119941031    .0
4008800119941101    .0
4008800119941102    .0
4008800119941103   8.0
4008800119941104  25.6
4008800119941105   5.2
4008800119941106   2.0
4008800119941107    .2
4008800119941108    .8
4008800119941109  22.0
4008800119941110  17.6
4008800119941111   1.2
4008800119941112   4.6
4008800119941113    .2
4008800119941114    .0
4008800119941115    .0
4008800119941116   1.4
4008800119941117   5.8
4008800119941118    .0
4008800119941119    .0
4008800119941120    .0
4008800119941121    .0
4008800119941122    .0
4008800119941123    .0
4008800119941124    .0
4008800119941125    .0
4008800119941126    .0
4008800119941127   2.6
4008800119941128    .0
4008800119941129    .0
4008800119941130    .0
4008800119941201    .0
4008800119941202    .0
4008800119941203    .0
4008800119941204   1.6
4008800119941205   6.0
4008800119941206    .0
4008800119941207   4.4
4008800119941208    .2
4008800119941209   3.4
4008800119941210    .2
4008800119941211    .0
4008800119941212    .0
4008800119941213    .8
4008800119941214    .0
4008800119941215    .0
4008800119941216    .0
4008800119941217    .0
4008800119941218  14.0
4008800119941219  17.8
4008800119941220  25.0
4008800119941221  26.2
4008800119941222    .6
4008800119941223    .0
4008800119941224    .0
4008800119941225    .0
4008800119941226    .0
4008800119941227    .0
4008800119941228    .0
4008800119941229    .0
4008800119941230  11.4
4008800119941231  27.2
4008800119950101   5.8
4008800119950102   5.8
4008800119950103    .0
4008800119950104    .0
4008800119950105  16.0
4008800119950106   6.6
4008800119950107    .0
4008800119950108   2.8
4008800119950109    .4
4008800119950110   3.4
4008800119950111  18.8
4008800119950112    .0
4008800119950113    .0
4008800119950114    .0
4008800119950115    .0
4008800119950116    .0
4008800119950117   7.6
4008800119950118  17.8
4008800119950119   1.4
4008800119950120   9.0
4008800119950121    .0
4008800119950122    .0
4008800119950123  10.4
4008800119950124   2.2
4008800119950125    .0
4008800119950126   2.4
4008800119950127   1.2
4008800119950128   2.0
4008800119950129  21.0
4008800119950130    .8
4008800119950131    .0
4008800119950201   1.4
4008800119950202   1.6
4008800119950203    .0
4008800119950204    .0
4008800119950205    .0
4008800119950206    .0
4008800119950207    .0
4008800119950208   1.2
4008800119950209  13.6
4008800119950210   1.8
4008800119950211   1.4
4008800119950212   1.0
4008800119950213  14.2
4008800119950214   3.2
4008800119950215   4.4
4008800119950216    .0
4008800119950217  24.6
4008800119950218   1.4
4008800119950219    .0
4008800119950220    .0
4008800119950221  11.2
4008800119950222    .0
4008800119950223   6.4
4008800119950224   6.8
4008800119950225  22.8
4008800119950226   3.6
4008800119950227    .0
4008800119950228    .0
4008800119950301   2.4
4008800119950302   8.2
4008800119950303  21.8
4008800119950304  13.4
4008800119950305  19.4
4008800119950306   7.6
4008800119950307   6.4
4008800119950308   9.8
4008800119950309    .0
4008800119950310    .0
4008800119950311    .0
4008800119950312    .0
4008800119950313    .0
4008800119950314    .0
4008800119950315  16.4
4008800119950316   6.2
4008800119950317    .0
4008800119950318    .0
4008800119950319   4.4
4008800119950320    .0
4008800119950321    .0
4008800119950322    .0
4008800119950323    .0
4008800119950324    .4
4008800119950325    .0
4008800119950326    .0
4008800119950327   3.0
4008800119950328   6.6
4008800119950329   3.2
4008800119950330    .0
4008800119950331    .0
4008800119950401    .0
4008800119950402    .0
4008800119950403    .0
4008800119950404    .0
4008800119950405    .0
4008800119950406    .0
4008800119950407    .0
4008800119950408    .0
4008800119950409    .0
4008800119950410    .0
4008800119950411    .0
4008800119950412    .0
4008800119950413    .0
4008800119950414    .0
4008800119950415    .0
4008800119950416    .0
4008800119950417    .0
4008800119950418    .0
4008800119950419   3.6
4008800119950420   6.8
4008800119950421   6.2
4008800119950422   5.6
4008800119950423    .0
4008800119950424   1.2
4008800119950425   3.4
4008800119950426    .0
4008800119950427   2.4
4008800119950428    .0
4008800119950429    .0
4008800119950430    .0
4008800119950501    .0
4008800119950502    .0
4008800119950503    .0
4008800119950504    .0
4008800119950505    .0
4008800119950506    .0
4008800119950507    .0
4008800119950508    .0
4008800119950509    .0
4008800119950510    .0
4008800119950511  41.0
4008800119950512  26.6
4008800119950513   2.8
4008800119950514   1.4
4008800119950515   3.6
4008800119950516   1.2
4008800119950517   2.0
4008800119950518   3.2
4008800119950519    .0
4008800119950520    .0
4008800119950521    .0
4008800119950522    .0
4008800119950523    .2
4008800119950524   2.2
4008800119950525    .0
4008800119950526    .0
4008800119950527    .0
4008800119950528    .8
4008800119950529    .8
4008800119950530   6.8
4008800119950531   1.0
4008800119950601    .2
4008800119950602    .0
4008800119950603    .0
4008800119950604    .0
4008800119950605    .2
4008800119950606    .0
4008800119950607    .0
4008800119950608    .0
4008800119950609  12.0
4008800119950610   2.4
4008800119950611    .2
4008800119950612    .0
4008800119950613    .0
4008800119950614    .0
4008800119950615    .0
4008800119950616    .0
4008800119950617    .0
4008800119950618    .0
4008800119950619    .0
4008800119950620    .0
4008800119950621    .2
4008800119950622    .0
4008800119950623    .0
4008800119950624    .0
4008800119950625    .0
4008800119950626    .0
4008800119950627    .0
4008800119950628    .0
4008800119950629    .0
4008800119950630    .0
4008800119950701  24.4
4008800119950702    .4
4008800119950703  14.2
4008800119950704    .0
4008800119950705    .0
4008800119950706    .0
4008800119950707    .0
4008800119950708    .0
4008800119950709    .0
4008800119950710  38.0
4008800119950711    .0
4008800119950712    .0
4008800119950713    .8
4008800119950714    .0
4008800119950715   1.3
4008800119950716    .0
4008800119950717    .0
4008800119950718    .0
4008800119950719    .0
4008800119950720    .0
4008800119950721   1.6
4008800119950722    .0
4008800119950723    .0
4008800119950724    .0
4008800119950725    .0
4008800119950726    .0
4008800119950727    .0
4008800119950728    .0
4008800119950729    .0
4008800119950730    .0
4008800119950731    .0
4008800119950801   2.4
4008800119950802    .0
4008800119950803    .0
4008800119950804    .0
4008800119950805    .2
4008800119950806   7.0
4008800119950807  22.4
4008800119950808    .8
4008800119950809    .0
4008800119950810    .0
4008800119950811    .0
4008800119950812    .0
4008800119950813    .0
4008800119950814    .0
4008800119950815    .0
4008800119950816    .0
4008800119950817    .0
4008800119950818    .0
4008800119950819    .0
4008800119950820    .0
4008800119950821  52.2
4008800119950822  16.0
4008800119950823   2.8
4008800119950824    .6
4008800119950825   1.4
4008800119950826    .2
4008800119950827    .2
4008800119950828    .0
4008800119950829    .0
4008800119950830    .0
4008800119950831    .0
4008800119950901    .0
4008800119950902    .0
4008800119950903    .2
4008800119950904    .0
4008800119950905    .0
4008800119950906    .0
4008800119950907  10.4
4008800119950908   2.6
4008800119950909    .0
4008800119950910  15.4
4008800119950911   2.4
4008800119950912  22.6
4008800119950913  12.4
4008800119950914  10.2
4008800119950915  15.6
4008800119950916   4.0
4008800119950917   6.0
4008800119950918    .6
4008800119950919  34.4
4008800119950920    .0
4008800119950921    .0
4008800119950922    .0
4008800119950923   1.2
4008800119950924   1.6
4008800119950925    .0
4008800119950926    .0
4008800119950927   2.8
4008800119950928    .0
4008800119950929    .0
4008800119950930   7.0
4008800119951001    .0
4008800119951002   6.0
4008800119951003    .0
4008800119951004   3.8
4008800119951005   7.2
4008800119951006    .0
4008800119951007    .0
4008800119951008    .0
4008800119951009    .0
4008800119951010    .2
4008800119951011    .0
4008800119951012    .0
4008800119951013    .0
4008800119951014   9.7
4008800119951015   4.5
4008800119951016    .0
4008800119951017    .0
4008800119951018    .0
4008800119951019    .0
4008800119951020    .0
4008800119951021    .0
4008800119951022    .0
4008800119951023    .0
4008800119951024    .0
4008800119951025    .4
4008800119951026    .0
4008800119951027    .4
4008800119951028    .2
4008800119951029   3.6
4008800119951030    .0
4008800119951031    .0
4008800119951101    .0
4008800119951102    .0
4008800119951103    .0
4008800119951104    .0
4008800119951105    .0
4008800119951106    .0
4008800119951107    .0
4008800119951108    .0
4008800119951109   2.4
4008800119951110   1.4
4008800119951111   5.8
4008800119951112   1.2
4008800119951113   9.8
4008800119951114    .0
4008800119951115   3.8
4008800119951116   1.4
4008800119951117   3.8
4008800119951118    .0
4008800119951119    .0
4008800119951120    .0
4008800119951121  12.6
4008800119951122   1.4
4008800119951123    .0
4008800119951124    .0
4008800119951125  11.8
4008800119951126   8.0
4008800119951127    .0
4008800119951128    .0
4008800119951129    .0
4008800119951130   2.0
4008800119951201    .0
4008800119951202  14.2
4008800119951203  15.2
4008800119951204   3.8
4008800119951205    .0
4008800119951206    .0
4008800119951207   3.6
4008800119951208    .0
4008800119951209    .0
4008800119951210    .0
4008800119951211    .0
4008800119951212    .0
4008800119951213    .0
4008800119951214    .0
4008800119951215   2.4
4008800119951216   1.0
4008800119951217    .0
4008800119951218    .0
4008800119951219    .0
4008800119951220    .0
4008800119951221    .0
4008800119951222    .0
4008800119951223   8.8
4008800119951224  18.4
4008800119951225   7.0
4008800119951226  25.4
4008800119951227   3.4
4008800119951228    .4
4008800119951229   8.2
4008800119951230    .6
4008800119951231   4.4
4008800119960101  10.6
4008800119960102   8.8
4008800119960103    .0
4008800119960104   1.4
4008800119960105  13.0
4008800119960106   2.4
4008800119960107    .4
4008800119960108    .2
4008800119960109   1.0
4008800119960110   2.6
4008800119960111    .2
4008800119960112    .6
4008800119960113    .2
4008800119960114    .0
4008800119960115    .0
4008800119960116    .0
4008800119960117    .0
4008800119960118    .0
4008800119960119    .4
4008800119960120    .0
4008800119960121    .0
4008800119960122   7.4
4008800119960123    .0
4008800119960124  20.8
4008800119960125  20.6
4008800119960126    .0
4008800119960127    .0
4008800119960128   2.0
4008800119960129   4.0
4008800119960130    .0
4008800119960131    .0
4008800119960201   1.2
4008800119960202    .8
4008800119960203   5.4
4008800119960204    .0
4008800119960205  14.4
4008800119960206  11.6
4008800119960207  31.4
4008800119960208   2.6
4008800119960209   6.8
4008800119960210  27.2
4008800119960211  11.0
4008800119960212  10.4
4008800119960213    .4
4008800119960214    .0
4008800119960215    .0
4008800119960216    .0
4008800119960217    .0
4008800119960218  12.0
4008800119960219   7.8
4008800119960220    .2
4008800119960221    .2
4008800119960222   8.0
4008800119960223  35.0
4008800119960224    .0
4008800119960225    .8
4008800119960226  11.8
4008800119960227    .0
4008800119960228    .0
4008800119960229    .0
4008800119960301    .4
4008800119960302    .2
4008800119960303    .0
4008800119960304    .0
4008800119960305    .0
4008800119960306    .0
4008800119960307    .0
4008800119960308    .0
4008800119960309    .0
4008800119960310    .0
4008800119960311    .0
4008800119960312    .0
4008800119960313    .0
4008800119960314  10.4
4008800119960315   4.2
4008800119960316   1.6
4008800119960317    .0
4008800119960318    .0
4008800119960319    .2
4008800119960320    .4
4008800119960321    .0
4008800119960322    .0
4008800119960323    .0
4008800119960324    .0
4008800119960325    .8
4008800119960326    .2
4008800119960327  14.0
4008800119960328    .0
4008800119960329    .0
4008800119960330    .0
4008800119960331   1.2
4008800119960401    .0
4008800119960402    .0
4008800119960403    .0
4008800119960404    .0
4008800119960405    .0
4008800119960406    .0
4008800119960407   1.4
4008800119960408    .0
4008800119960409    .0
4008800119960410    .0
4008800119960411    .0
4008800119960412    .0
4008800119960413    .0
4008800119960414    .4
4008800119960415   2.8
4008800119960416  12.6
4008800119960417   1.8
4008800119960418    .0
4008800119960419    .0
4008800119960420    .0
4008800119960421    .0
4008800119960422  18.4
4008800119960423    .0
4008800119960424    .0
4008800119960425    .0
4008800119960426    .0
4008800119960427    .0
4008800119960428   5.0
4008800119960429    .4
4008800119960430   1.0
4008800119960501   9.8
4008800119960502  39.2
4008800119960503    .6
4008800119960504    .0
4008800119960505    .0
4008800119960506    .6
4008800119960507    .4
4008800119960508   1.0
4008800119960509   8.6
4008800119960510    .0
4008800119960511    .0
4008800119960512    .0
4008800119960513    .0
4008800119960514    .0
4008800119960515    .0
4008800119960516   1.6
4008800119960517   6.4
4008800119960518   4.0
4008800119960519   3.4
4008800119960520    .6
4008800119960521    .6
4008800119960522    .0
4008800119960523    .0
4008800119960524   1.4
4008800119960525    .8
4008800119960526    .2
4008800119960527    .2
4008800119960528    .0
4008800119960529    .0
4008800119960530   1.0
4008800119960531   4.6
4008800119960601    .0
4008800119960602   1.0
4008800119960603    .0
4008800119960604    .0
4008800119960605    .0
4008800119960606    .0
4008800119960607   8.2
4008800119960608    .0
4008800119960609    .0
4008800119960610    .0
4008800119960611    .0
4008800119960612    .0
4008800119960613    .0
4008800119960614    .0
4008800119960615    .0
4008800119960616    .0
4008800119960617    .0
4008800119960618    .0
4008800119960619    .0
4008800119960620  21.4
4008800119960621  18.8
4008800119960622    .2
4008800119960623    .4
4008800119960624    .0
4008800119960625    .0
4008800119960626    .0
4008800119960627    .0
4008800119960628    .0
4008800119960629    .0
4008800119960630    .0
4008800119960701   1.2
4008800119960702    .2
4008800119960703    .0
4008800119960704    .0
4008800119960705  13.0
4008800119960706   3.4
4008800119960707  23.4
4008800119960708    .4
4008800119960709    .0
4008800119960710   2.0
4008800119960711    .0
4008800119960712    .0
4008800119960713    .0
4008800119960714    .0
4008800119960715    .0
4008800119960716    .0
4008800119960717    .0
4008800119960718    .0
4008800119960719    .0
4008800119960720    .0
4008800119960721    .0
4008800119960722    .0
4008800119960723    .2
4008800119960724    .0
4008800119960725  19.6
4008800119960726  19.8
4008800119960727    .0
4008800119960728    .0
4008800119960729    .0
4008800119960730    .0
4008800119960731    .0
4008800119960801    .4
4008800119960802    .0
4008800119960803    .0
4008800119960804  10.2
4008800119960805    .6
4008800119960806   3.4
4008800119960807   1.0
4008800119960808    .0
4008800119960809    .0
4008800119960810    .0
4008800119960811   4.4
4008800119960812   1.2
4008800119960813    .0
4008800119960814    .0
4008800119960815    .0
4008800119960816    .0
4008800119960817    .0
4008800119960818    .0
4008800119960819    .8
4008800119960820   5.2
4008800119960821   3.6
4008800119960822    .0
4008800119960823    .2
4008800119960824   1.8
4008800119960825   8.8
4008800119960826  15.4
4008800119960827   1.2
4008800119960828   1.2
4008800119960829   2.8
4008800119960830   1.8
4008800119960831    .0
4008800119960901    .0
4008800119960902    .0
4008800119960903    .0
4008800119960904    .0
4008800119960905    .0
4008800119960906    .0
4008800119960907    .0
4008800119960908    .0
4008800119960909    .0
4008800119960910    .0
4008800119960911    .0
4008800119960912    .0
4008800119960913    .0
4008800119960914    .0
4008800119960915    .0
4008800119960916   9.0
4008800119960917  21.6
4008800119960918   5.2
4008800119960919   5.6
4008800119960920    .8
4008800119960921   9.4
4008800119960922   1.2
4008800119960923   2.4
4008800119960924   4.6
4008800119960925   4.2
4008800119960926    .6
4008800119960927   2.2
4008800119960928    .0
4008800119960929    .2
4008800119960930  14.4
4008800119961001   8.8
4008800119961002  15.4
4008800119961003    .0
4008800119961004   1.2
4008800119961005   8.2
4008800119961006    .4
4008800119961007    .0
4008800119961008    .0
4008800119961009    .4
4008800119961010    .0
4008800119961011    .0
4008800119961012    .0
4008800119961013   1.6
4008800119961014  14.4
4008800119961015   1.6
4008800119961016   3.8
4008800119961017   5.8
4008800119961018    .0
4008800119961019    .0
4008800119961020    .0
4008800119961021    .0
4008800119961022    .0
4008800119961023    .0
4008800119961024    .0
4008800119961025    .0
4008800119961026    .0
4008800119961027    .0
4008800119961028   2.8
4008800119961029   1.4
4008800119961030    .0
4008800119961031    .0
4008800119961101    .0
4008800119961102    .0
4008800119961103    .0
4008800119961104   5.6
4008800119961105   7.0
4008800119961106    .0
4008800119961107   2.4
4008800119961108    .0
4008800119961109    .0
4008800119961110  15.4
4008800119961111   1.0
4008800119961112   4.0
4008800119961113    .2
4008800119961114    .0
4008800119961115    .0
4008800119961116   3.2
4008800119961117  16.8
4008800119961118  15.2
4008800119961119  28.4
4008800119961120  19.0
4008800119961121   2.4
4008800119961122  10.2
4008800119961123   1.6
4008800119961124    .6
4008800119961125  30.4
4008800119961126  11.2
4008800119961127   9.8
4008800119961128   2.8
4008800119961129  15.2
4008800119961130  19.6
4008800119961201   3.0
4008800119961202    .0
4008800119961203    .0
4008800119961204  32.2
4008800119961205  16.6
4008800119961206   6.0
4008800119961207    .0
4008800119961208    .6
4008800119961209    .8
4008800119961210    .0
4008800119961211   2.8
4008800119961212   1.8
4008800119961213   3.8
4008800119961214   3.4
4008800119961215    .0
4008800119961216    .0
4008800119961217    .0
4008800119961218   5.8
4008800119961219    .0
4008800119961220   3.0
4008800119961221    .0
4008800119961222   3.8
4008800119961223   2.0
4008800119961224   4.0
4008800119961225   5.2
4008800119961226    .0
4008800119961227    .0
4008800119961228    .0
4008800119961229    .0
4008800119961230    .0
4008800119961231    .6
4008800119970101    .0
4008800119970102    .0
4008800119970103  31.2
4008800119970104   6.8
4008800119970105   3.6
4008800119970106    .0
4008800119970107   1.6
4008800119970108    .4
4008800119970109   6.6
4008800119970110    .0
4008800119970111    .0
4008800119970112    .0
4008800119970113    .0
4008800119970114    .0
4008800119970115    .0
4008800119970116   4.0
4008800119970117  15.2
4008800119970118    .2
4008800119970119  10.8
4008800119970120   3.2
4008800119970121   3.4
4008800119970122   2.8
4008800119970123    .0
4008800119970124    .8
4008800119970125    .4
4008800119970126    .0
4008800119970127    .0
4008800119970128    .0
4008800119970129    .0
4008800119970130    .0
4008800119970131    .0
4008800119970201    .0
4008800119970202    .0
4008800119970203    .0
4008800119970204    .0
4008800119970205   1.0
4008800119970206    .0
4008800119970207    .0
4008800119970208    .0
4008800119970209    .0
4008800119970210    .8
4008800119970211    .4
4008800119970212    .0
4008800119970213   8.0
4008800119970214  17.2
4008800119970215    .0
4008800119970216    .0
4008800119970217    .0
4008800119970218    .0
4008800119970219    .0
4008800119970220    .0
4008800119970221    .0
4008800119970222    .0
4008800119970223    .8
4008800119970224    .2
4008800119970225    .0
4008800119970226    .0
4008800119970227    .0
4008800119970228    .0
4008800119970301    .0
4008800119970302    .0
4008800119970303    .0
4008800119970304    .0
4008800119970305    .0
4008800119970306    .0
4008800119970307    .0
4008800119970308    .0
4008800119970309    .0
4008800119970310    .0
4008800119970311    .0
4008800119970312    .0
4008800119970313    .0
4008800119970314    .8
4008800119970315    .4
4008800119970316    .0
4008800119970317    .0
4008800119970318    .0
4008800119970319    .0
4008800119970320    .0
4008800119970321    .0
4008800119970322    .0
4008800119970323    .0
4008800119970324   8.2
4008800119970325    .0
4008800119970326    .0
4008800119970327    .0
4008800119970328    .2
4008800119970329    .0
4008800119970330    .0
4008800119970331    .0
4008800119970401    .0
4008800119970402    .0
4008800119970403    .0
4008800119970404    .0
4008800119970405    .0
4008800119970406    .0
4008800119970407    .0
4008800119970408    .0
4008800119970409    .0
4008800119970410    .0
4008800119970411    .0
4008800119970412    .0
4008800119970413    .0
4008800119970414    .0
4008800119970415    .0
4008800119970416    .0
4008800119970417   2.2
4008800119970418  11.8
4008800119970419   1.8
4008800119970420    .0
4008800119970421    .0
4008800119970422    .0
4008800119970423    .0
4008800119970424    .0
4008800119970425    .0
4008800119970426  11.8
4008800119970427  11.2
4008800119970428  13.4
4008800119970429    .0
4008800119970430    .0
4008800119970501    .0
4008800119970502    .0
4008800119970503    .0
4008800119970504   2.8
4008800119970505  11.6
4008800119970506  33.0
4008800119970507  18.4
4008800119970508  11.4
4008800119970509   1.4
4008800119970510   2.8
4008800119970511    .0
4008800119970512    .4
4008800119970513  22.4
4008800119970514   3.6
4008800119970515    .2
4008800119970516   7.0
4008800119970517    .2
4008800119970518    .4
4008800119970519    .6
4008800119970520    .6
4008800119970521    .0
4008800119970522    .0
4008800119970523    .2
4008800119970524    .0
4008800119970525    .0
4008800119970526    .0
4008800119970527    .4
4008800119970528    .0
4008800119970529    .0
4008800119970530    .0
4008800119970531  29.4
4008800119970601   9.0
4008800119970602    .6
4008800119970603    .0
4008800119970604  10.4
4008800119970605    .0
4008800119970606    .0
4008800119970607   2.0
4008800119970608    .0
4008800119970609    .0
4008800119970610    .2
4008800119970611    .0
4008800119970612    .0
4008800119970613    .0
4008800119970614    .0
4008800119970615   2.4
4008800119970616    .0
4008800119970617    .0
4008800119970618    .0
4008800119970619    .0
4008800119970620    .0
4008800119970621  11.4
4008800119970622   6.4
4008800119970623   5.4
4008800119970624    .0
4008800119970625   2.6
4008800119970626   6.2
4008800119970627   1.2
4008800119970628  22.2
4008800119970629  27.4
4008800119970630  18.2
4008800119970701  24.8
4008800119970702  13.6
4008800119970703    .0
4008800119970704   2.8
4008800119970705    .0
4008800119970706    .0
4008800119970707    .0
4008800119970708    .0
4008800119970709    .4
4008800119970710    .2
4008800119970711    .0
4008800119970712   1.8
4008800119970713   6.0
4008800119970714    .0
4008800119970715    .0
4008800119970716  38.8
4008800119970717    .2
4008800119970718    .2
4008800119970719    .0
4008800119970720    .0
4008800119970721    .0
4008800119970722    .0
4008800119970723   9.4
4008800119970724    .4
4008800119970725    .0
4008800119970726    .0
4008800119970727    .0
4008800119970728    .0
4008800119970729    .0
4008800119970730    .0
4008800119970731    .0
4008800119970801    .0
4008800119970802    .0
4008800119970803    .0
4008800119970804   3.0
4008800119970805  10.8
4008800119970806   5.8
4008800119970807    .0
4008800119970808    .0
4008800119970809    .0
4008800119970810   1.0
4008800119970811    .0
4008800119970812    .0
4008800119970813    .0
4008800119970814    .0
4008800119970815   5.0
4008800119970816    .0
4008800119970817  16.4
4008800119970818    .0
4008800119970819    .0
4008800119970820  10.2
4008800119970821    .0
4008800119970822    .0
4008800119970823    .0
4008800119970824    .0
4008800119970825  31.4
4008800119970826    .0
4008800119970827  27.0
4008800119970828  25.0
4008800119970829    .0
4008800119970830    .0
4008800119970831    .0
4008800119970901  31.0
4008800119970902    .0
4008800119970903    .0
4008800119970904    .0
4008800119970905    .0
4008800119970906    .0
4008800119970907    .0
4008800119970908    .0
4008800119970909    .0
4008800119970910    .0
4008800119970911    .0
4008800119970912  12.8
4008800119970913   3.0
4008800119970914    .0
4008800119970915    .0
4008800119970916    .0
4008800119970917    .0
4008800119970918    .0
4008800119970919    .0
4008800119970920    .0
4008800119970921    .0
4008800119970922    .0
4008800119970923    .0
4008800119970924    .0
4008800119970925    .0
4008800119970926    .0
4008800119970927    .0
4008800119970928    .0
4008800119970929    .0
4008800119970930    .0
4008800119971001    .0
4008800119971002    .0
4008800119971003    .0
4008800119971004    .0
4008800119971005    .0
4008800119971006    .0
4008800119971007    .0
4008800119971008    .0
4008800119971009    .0
4008800119971010  11.0
4008800119971011  11.0
4008800119971012  11.0
4008800119971013   6.8
4008800119971014    .0
4008800119971015  11.6
4008800119971016    .2
4008800119971017    .0
4008800119971018    .0
4008800119971019    .0
4008800119971020    .0
4008800119971021    .0
4008800119971022    .0
4008800119971023  10.6
4008800119971024    .0
4008800119971025    .0
4008800119971026    .0
4008800119971027    .0
4008800119971028    .0
4008800119971029    .0
4008800119971030    .0
4008800119971031    .0
4008800119971101    .0
4008800119971102    .0
4008800119971103    .8
4008800119971104   3.6
4008800119971105  41.2
4008800119971106  30.8
4008800119971107  12.4
4008800119971108  32.8
4008800119971109   5.2
4008800119971110   6.2
4008800119971111  46.6
4008800119971112  33.6
4008800119971113    .0
4008800119971114    .0
4008800119971115    .0
4008800119971116    .0
4008800119971117    .0
4008800119971118   6.8
4008800119971119   1.0
4008800119971120  17.6
4008800119971121   6.0
4008800119971122   7.2
4008800119971123    .0
4008800119971124    .2
4008800119971125   2.2
4008800119971126   3.6
4008800119971127    .4
4008800119971128  17.6
4008800119971129  20.2
4008800119971130   4.6
4008800119971201  13.2
4008800119971202   7.2
4008800119971203    .0
4008800119971204    .0
4008800119971205    .0
4008800119971206    .0
4008800119971207    .0
4008800119971208   1.6
4008800119971209   1.0
4008800119971210    .8
4008800119971211   4.4
4008800119971212    .6
4008800119971213    .0
4008800119971214    .0
4008800119971215    .0
4008800119971216   6.6
4008800119971217   8.8
4008800119971218   8.8
4008800119971219  10.6
4008800119971220  35.2
4008800119971221    .2
4008800119971222   7.2
4008800119971223    .0
4008800119971224    .0
4008800119971225   7.2
4008800119971226  22.2
4008800119971227  10.2
4008800119971228   3.6
4008800119971229    .0
4008800119971230   1.4
4008800119971231  19.8
4008800119980101    .0
4008800119980102   8.6
4008800119980103   7.8
4008800119980104   2.4
4008800119980105    .0
4008800119980106    .0
4008800119980107    .0
4008800119980108    .0
4008800119980109    .0
4008800119980110    .0
4008800119980111    .0
4008800119980112    .4
4008800119980113   6.8
4008800119980114  18.2
4008800119980115   3.0
4008800119980116   8.0
4008800119980117    .0
4008800119980118   6.6
4008800119980119  30.6
4008800119980120    .0
4008800119980121    .0
4008800119980122    .0
4008800119980123    .0
4008800119980124    .0
4008800119980125    .0
4008800119980126    .0
4008800119980127    .0
4008800119980128    .0
4008800119980129    .0
4008800119980130    .0
4008800119980131    .0
4008800119980201    .0
4008800119980202   7.2
4008800119980203   1.4
4008800119980204    .0
4008800119980205    .0
4008800119980206    .0
4008800119980207    .0
4008800119980208    .0
4008800119980209    .0
4008800119980210    .0
4008800119980211    .0
4008800119980212    .0
4008800119980213    .0
4008800119980214    .0
4008800119980215    .0
4008800119980216    .0
4008800119980217    .0
4008800119980218    .0
4008800119980219    .0
4008800119980220    .0
4008800119980221   1.2
4008800119980222  13.4
4008800119980223    .0
4008800119980224    .0
4008800119980225    .0
4008800119980226    .0
4008800119980227    .0
4008800119980228    .2
4008800119980301   1.6
4008800119980302    .0
4008800119980303    .0
4008800119980304   1.8
4008800119980305    .0
4008800119980306    .0
4008800119980307    .0
4008800119980308   8.4
4008800119980309   4.2
4008800119980310   6.6
4008800119980311   4.6
4008800119980312   1.0
4008800119980313    .0
4008800119980314    .0
4008800119980315    .0
4008800119980316    .0
4008800119980317    .0
4008800119980318    .0
4008800119980319    .0
4008800119980320    .0
4008800119980321    .0
4008800119980322    .0
4008800119980323    .0
4008800119980324    .0
4008800119980325    .0
4008800119980326    .0
4008800119980327    .0
4008800119980328    .0
4008800119980329  11.0
4008800119980330    .6
4008800119980331    .2
4008800119980401   1.0
4008800119980402    .4
4008800119980403  16.6
4008800119980404    .0
4008800119980405    .6
4008800119980406  10.6
4008800119980407  14.6
4008800119980408  22.8
4008800119980409  14.4
4008800119980410  16.4
4008800119980411  26.0
4008800119980412  26.2
4008800119980413   3.2
4008800119980414   1.4
4008800119980415   3.4
4008800119980416  11.2
4008800119980417  18.8
4008800119980418    .4
4008800119980419    .0
4008800119980420    .4
4008800119980421    .0
4008800119980422   1.2
4008800119980423    .0
4008800119980424    .4
4008800119980425   9.2
4008800119980426  12.4
4008800119980427  10.0
4008800119980428   3.6
4008800119980429   7.6
4008800119980430    .6
4008800119980501   9.4
4008800119980502   1.8
4008800119980503   6.6
4008800119980504    .0
4008800119980505    .0
4008800119980506    .0
4008800119980507    .0
4008800119980508    .0
4008800119980509    .0
4008800119980510    .0
4008800119980511    .6
4008800119980512    .2
4008800119980513    .4
4008800119980514    .2
4008800119980515   3.6
4008800119980516    .0
4008800119980517    .0
4008800119980518    .0
4008800119980519    .0
4008800119980520   5.4
4008800119980521    .0
4008800119980522    .0
4008800119980523    .0
4008800119980524    .0
4008800119980525    .0
4008800119980526   1.6
4008800119980527   1.6
4008800119980528   4.4
4008800119980529   7.8
4008800119980530    .8
4008800119980531   1.4
4008800119980601  11.4
4008800119980602    .0
4008800119980603    .0
4008800119980604  15.6
4008800119980605   6.6
4008800119980606    .0
4008800119980607    .0
4008800119980608    .0
4008800119980609    .8
4008800119980610   5.4
4008800119980611  11.4
4008800119980612    .0
4008800119980613   1.4
4008800119980614    .2
4008800119980615   4.4
4008800119980616    .2
4008800119980617    .0
4008800119980618    .0
4008800119980619    .0
4008800119980620    .0
4008800119980621    .0
4008800119980622    .0
4008800119980623    .0
4008800119980624    .2
4008800119980625   2.4
4008800119980626    .0
4008800119980627    .0
4008800119980628    .0
4008800119980629    .0
4008800119980630  14.4
4008800119980701   3.2
4008800119980702    .0
4008800119980703    .0
4008800119980704    .0
4008800119980705    .0
4008800119980706   8.6
4008800119980707   7.6
4008800119980708    .0
4008800119980709    .0
4008800119980710    .4
4008800119980711    .2
4008800119980712    .0
4008800119980713    .8
4008800119980714    .0
4008800119980715    .0
4008800119980716    .0
4008800119980717    .0
4008800119980718    .0
4008800119980719    .0
4008800119980720   4.6
4008800119980721    .0
4008800119980722    .0
4008800119980723    .0
4008800119980724    .0
4008800119980725    .0
4008800119980726   2.4
4008800119980727    .0
4008800119980728   3.8
4008800119980729    .0
4008800119980730    .0
4008800119980731  14.8
4008800119980801   1.4
4008800119980802   7.4
4008800119980803    .0
4008800119980804    .0
4008800119980805    .0
4008800119980806    .0
4008800119980807    .0
4008800119980808    .0
4008800119980809    .0
4008800119980810    .0
4008800119980811    .0
4008800119980812    .0
4008800119980813    .0
4008800119980814    .0
4008800119980815   9.6
4008800119980816    .0
4008800119980817    .4
4008800119980818    .0
4008800119980819    .0
4008800119980820    .0
4008800119980821   1.0
4008800119980822   1.2
4008800119980823    .2
4008800119980824    .0
4008800119980825    .0
4008800119980826    .2
4008800119980827    .0
4008800119980828    .0
4008800119980829    .0
4008800119980830    .0
4008800119980831    .0
4008800119980901    .8
4008800119980902    .4
4008800119980903    .0
4008800119980904  12.6
4008800119980905   4.2
4008800119980906    .2
4008800119980907  14.2
4008800119980908    .0
4008800119980909    .0
4008800119980910   2.2
4008800119980911  12.4
4008800119980912  13.4
4008800119980913   4.8
4008800119980914   5.0
4008800119980915    .4
4008800119980916   1.6
4008800119980917    .0
4008800119980918    .0
4008800119980919    .0
4008800119980920    .0
4008800119980921    .0
4008800119980922   3.8
4008800119980923   4.4
4008800119980924   9.2
4008800119980925   3.6
4008800119980926    .6
4008800119980927   5.6
4008800119980928    .0
4008800119980929  24.8
4008800119980930   5.4
4008800119981001  33.2
4008800119981002  22.4
4008800119981003   6.6
4008800119981004   4.4
4008800119981005   5.2
4008800119981006  13.4
4008800119981007   3.8
4008800119981008   9.8
4008800119981009   1.4
4008800119981010   5.2
4008800119981011  18.4
4008800119981012    .2
4008800119981013    .0
4008800119981014    .0
4008800119981015    .0
4008800119981016    .0
4008800119981017   3.2
4008800119981018    .2
4008800119981019    .2
4008800119981020    .0
4008800119981021    .0
4008800119981022    .0
4008800119981023    .2
4008800119981024   6.4
4008800119981025   6.8
4008800119981026  14.8
4008800119981027    .0
4008800119981028    .0
4008800119981029    .8
4008800119981030    .0
4008800119981031    .0
4008800119981101   9.2
4008800119981102   4.8
4008800119981103   8.8
4008800119981104   9.4
4008800119981105    .0
4008800119981106    .0
4008800119981107    .0
4008800119981108    .0
4008800119981109   1.6
4008800119981110   7.2
4008800119981111  20.0
4008800119981112   1.6
4008800119981113   6.0
4008800119981114   6.0
4008800119981115    .2
4008800119981116    .0
4008800119981117    .0
4008800119981118    .2
4008800119981119    .2
4008800119981120    .0
4008800119981121    .0
4008800119981122    .2
4008800119981123    .0
4008800119981124   6.2
4008800119981125  20.4
4008800119981126   2.6
4008800119981127   5.6
4008800119981128   8.0
4008800119981129   4.2
4008800119981130    .0
4008800119981201    .0
4008800119981202    .0
4008800119981203    .0
4008800119981204    .4
4008800119981205    .0
4008800119981206   1.6
4008800119981207    .0
4008800119981208    .2
4008800119981209    .2
4008800119981210   3.0
4008800119981211   2.2
4008800119981212    .0
4008800119981213    .0
4008800119981214    .0
4008800119981215    .0
4008800119981216    .0
4008800119981217    .0
4008800119981218   2.0
4008800119981219   1.8
4008800119981220   9.6
4008800119981221    .0
4008800119981222    .2
4008800119981223    .8
4008800119981224    .0
4008800119981225    .2
4008800119981226    .0
4008800119981227    .0
4008800119981228    .0
4008800119981229    .8
4008800119981230   8.2
4008800119981231    .0
