4019200119940101   1.0
4019200119940102   5.6
4019200119940103   2.0
4019200119940104   6.6
4019200119940105   6.8
4019200119940106   6.4
4019200119940107    .8
4019200119940108   4.0
4019200119940109   4.4
4019200119940110   4.6
4019200119940111   3.2
4019200119940112    .0
4019200119940113    .0
4019200119940114   2.2
4019200119940115  22.2
4019200119940116  19.8
4019200119940117    .0
4019200119940118    .0
4019200119940119    .0
4019200119940120    .0
4019200119940121    .0
4019200119940122    .0
4019200119940123    .4
4019200119940124   2.0
4019200119940125   5.6
4019200119940126    .4
4019200119940127   1.4
4019200119940128    .0
4019200119940129    .0
4019200119940130    .0
4019200119940131    .0
4019200119940201    .0
4019200119940202    .4
4019200119940203  13.2
4019200119940204    .8
4019200119940205    .6
4019200119940206    .4
4019200119940207   6.2
4019200119940208   2.8
4019200119940209   6.4
4019200119940210   6.4
4019200119940211    .0
4019200119940212   1.4
4019200119940213    .0
4019200119940214    .0
4019200119940215    .0
4019200119940216    .0
4019200119940217   1.8
4019200119940218   8.2
4019200119940219   1.0
4019200119940220   4.4
4019200119940221   2.0
4019200119940222   2.8
4019200119940223   2.6
4019200119940224   1.0
4019200119940225    .0
4019200119940226    .0
4019200119940227    .0
4019200119940228   1.1
4019200119940301   2.0
4019200119940302    .4
4019200119940303    .2
4019200119940304    .0
4019200119940305   3.8
4019200119940306    .0
4019200119940307    .0
4019200119940308    .0
4019200119940309    .0
4019200119940310    .0
4019200119940311    .0
4019200119940312    .0
4019200119940313   4.4
4019200119940314    .2
4019200119940315    .0
4019200119940316    .0
4019200119940317    .0
4019200119940318    .0
4019200119940319    .0
4019200119940320    .0
4019200119940321   1.6
4019200119940322    .0
4019200119940323    .0
4019200119940324    .0
4019200119940325   3.0
4019200119940326    .0
4019200119940327    .0
4019200119940328    .0
4019200119940329    .0
4019200119940330    .0
4019200119940331    .0
4019200119940401   6.0
4019200119940402  14.0
4019200119940403   5.2
4019200119940404  13.6
4019200119940405  12.6
4019200119940406  34.6
4019200119940407   5.0
4019200119940408   6.6
4019200119940409   5.6
4019200119940410   5.8
4019200119940411   3.2
4019200119940412    .0
4019200119940413   1.5
4019200119940414    .0
4019200119940415    .0
4019200119940416   1.2
4019200119940417  15.8
4019200119940418    .2
4019200119940419    .0
4019200119940420    .0
4019200119940421    .0
4019200119940422    .0
4019200119940423    .0
4019200119940424   9.8
4019200119940425   1.4
4019200119940426    .0
4019200119940427    .0
4019200119940428    .0
4019200119940429    .0
4019200119940430    .0
4019200119940501    .0
4019200119940502    .0
4019200119940503    .0
4019200119940504    .2
4019200119940505    .0
4019200119940506    .0
4019200119940507  18.4
4019200119940508   7.4
4019200119940509    .0
4019200119940510    .0
4019200119940511   1.0
4019200119940512    .0
4019200119940513   2.8
4019200119940514    .0
4019200119940515   1.4
4019200119940516   5.0
4019200119940517    .8
4019200119940518    .6
4019200119940519    .2
4019200119940520   1.2
4019200119940521   6.2
4019200119940522  11.8
4019200119940523   4.4
4019200119940524    .6
4019200119940525    .0
4019200119940526    .0
4019200119940527    .0
4019200119940528    .0
4019200119940529    .6
4019200119940530    .0
4019200119940531    .0
4019200119940601   9.6
4019200119940602    .2
4019200119940603    .0
4019200119940604   1.6
4019200119940605    .0
4019200119940606    .0
4019200119940607    .0
4019200119940608   7.2
4019200119940609    .0
4019200119940610    .0
4019200119940611    .0
4019200119940612    .0
4019200119940613    .0
4019200119940614    .0
4019200119940615    .0
4019200119940616    .0
4019200119940617    .0
4019200119940618   1.2
4019200119940619    .0
4019200119940620    .0
4019200119940621    .0
4019200119940622    .0
4019200119940623    .0
4019200119940624   8.0
4019200119940625   8.2
4019200119940626   1.6
4019200119940627    .0
4019200119940628    .0
4019200119940629    .0
4019200119940630    .0
4019200119940701    .2
4019200119940702    .0
4019200119940703    .0
4019200119940704    .0
4019200119940705    .0
4019200119940706    .0
4019200119940707    .0
4019200119940708    .0
4019200119940709    .0
4019200119940710    .0
4019200119940711    .0
4019200119940712    .0
4019200119940713    .0
4019200119940714    .0
4019200119940715    .0
4019200119940716    .2
4019200119940717    .0
4019200119940718    .2
4019200119940719    .4
4019200119940720    .0
4019200119940721    .0
4019200119940722    .0
4019200119940723    .0
4019200119940724   1.2
4019200119940725    .0
4019200119940726    .0
4019200119940727    .0
4019200119940728   2.2
4019200119940729    .0
4019200119940730  11.0
4019200119940731   2.8
4019200119940801    .0
4019200119940802    .0
4019200119940803    .0
4019200119940804   6.2
4019200119940805    .0
4019200119940806    .8
4019200119940807    .0
4019200119940808    .0
4019200119940809    .0
4019200119940810   1.0
4019200119940811    .4
4019200119940812   8.2
4019200119940813   1.8
4019200119940814    .0
4019200119940815    .0
4019200119940816   8.3
4019200119940817    .0
4019200119940818    .4
4019200119940819    .0
4019200119940820    .0
4019200119940821   1.8
4019200119940822    .0
4019200119940823    .0
4019200119940824    .0
4019200119940825   3.0
4019200119940826    .4
4019200119940827    .6
4019200119940828    .0
4019200119940829    .0
4019200119940830    .0
4019200119940831    .0
4019200119940901    .4
4019200119940902    .0
4019200119940903    .0
4019200119940904    .0
4019200119940905    .0
4019200119940906    .0
4019200119940907  18.6
4019200119940908  14.8
4019200119940909    .2
4019200119940910    .2
4019200119940911    .0
4019200119940912    .0
4019200119940913  10.0
4019200119940914  34.6
4019200119940915  17.6
4019200119940916   4.8
4019200119940917    .4
4019200119940918    .2
4019200119940919   7.8
4019200119940920   2.8
4019200119940921   1.8
4019200119940922    .0
4019200119940923   7.0
4019200119940924    .0
4019200119940925    .6
4019200119940926   6.8
4019200119940927  10.4
4019200119940928    .0
4019200119940929   4.6
4019200119940930    .0
4019200119941001  38.2
4019200119941002    .0
4019200119941003  10.8
4019200119941004    .0
4019200119941005    .0
4019200119941006    .0
4019200119941007    .0
4019200119941008    .0
4019200119941009    .0
4019200119941010    .0
4019200119941011    .0
4019200119941012    .0
4019200119941013    .0
4019200119941014    .0
4019200119941015    .0
4019200119941016    .0
4019200119941017    .0
4019200119941018    .0
4019200119941019  23.6
4019200119941020   2.8
4019200119941021    .8
4019200119941022   5.6
4019200119941023   4.8
4019200119941024   4.0
4019200119941025   1.6
4019200119941026   4.2
4019200119941027  15.4
4019200119941028    .2
4019200119941029    .0
4019200119941030    .0
4019200119941031    .0
4019200119941101    .0
4019200119941102    .0
4019200119941103   6.6
4019200119941104  24.6
4019200119941105    .0
4019200119941106    .2
4019200119941107    .0
4019200119941108   1.2
4019200119941109  19.6
4019200119941110  15.2
4019200119941111    .0
4019200119941112    .4
4019200119941113    .0
4019200119941114    .0
4019200119941115    .0
4019200119941116    .0
4019200119941117   4.0
4019200119941118    .6
4019200119941119    .0
4019200119941120    .0
4019200119941121    .0
4019200119941122    .0
4019200119941123    .0
4019200119941124    .0
4019200119941125    .0
4019200119941126    .0
4019200119941127   3.2
4019200119941128    .0
4019200119941129    .0
4019200119941130    .0
4019200119941201    .0
4019200119941202    .0
4019200119941203    .0
4019200119941204   1.2
4019200119941205    .8
4019200119941206    .0
4019200119941207   1.2
4019200119941208    .0
4019200119941209   8.2
4019200119941210    .0
4019200119941211    .0
4019200119941212    .0
4019200119941213    .0
4019200119941214    .0
4019200119941215    .0
4019200119941216    .0
4019200119941217    .0
4019200119941218   7.2
4019200119941219  10.2
4019200119941220   7.0
4019200119941221  23.2
4019200119941222    .0
4019200119941223    .0
4019200119941224    .0
4019200119941225    .0
4019200119941226    .0
4019200119941227    .0
4019200119941228    .0
4019200119941229    .4
4019200119941230  11.4
4019200119941231  23.0
4019200119950101   1.2
4019200119950102   1.8
4019200119950103    .0
4019200119950104    .0
4019200119950105   8.0
4019200119950106   5.8
4019200119950107    .0
4019200119950108   1.2
4019200119950109    .0
4019200119950110   3.0
4019200119950111  16.6
4019200119950112    .0
4019200119950113    .0
4019200119950114    .0
4019200119950115    .0
4019200119950116    .0
4019200119950117   2.2
4019200119950118  14.2
4019200119950119    .0
4019200119950120   4.2
4019200119950121    .4
4019200119950122    .0
4019200119950123   6.2
4019200119950124   5.6
4019200119950125    .0
4019200119950126   5.6
4019200119950127    .8
4019200119950128   1.4
4019200119950129  18.8
4019200119950130    .2
4019200119950131    .0
4019200119950201    .0
4019200119950202    .6
4019200119950203    .0
4019200119950204    .0
4019200119950205    .0
4019200119950206    .0
4019200119950207    .0
4019200119950208  10.4
4019200119950209   1.6
4019200119950210   1.8
4019200119950211   2.8
4019200119950212    .2
4019200119950213  15.2
4019200119950214   3.8
4019200119950215   7.6
4019200119950216    .0
4019200119950217  38.4
4019200119950218   3.4
4019200119950219    .0
4019200119950220    .0
4019200119950221  12.6
4019200119950222    .0
4019200119950223  14.6
4019200119950224  11.4
4019200119950225  23.8
4019200119950226   3.8
4019200119950227    .0
4019200119950228    .0
4019200119950301   1.6
4019200119950302   9.0
4019200119950303  10.8
4019200119950304   9.2
4019200119950305  15.6
4019200119950306   3.6
4019200119950307   9.6
4019200119950308  23.6
4019200119950309    .0
4019200119950310    .0
4019200119950311    .2
4019200119950312    .0
4019200119950313    .0
4019200119950314    .0
4019200119950315  10.4
4019200119950316   3.8
4019200119950317    .2
4019200119950318    .0
4019200119950319  10.0
4019200119950320    .0
4019200119950321    .0
4019200119950322    .0
4019200119950323    .0
4019200119950324    .2
4019200119950325    .0
4019200119950326    .0
4019200119950327   1.8
4019200119950328   4.8
4019200119950329    .6
4019200119950330    .0
4019200119950331    .0
4019200119950401    .0
4019200119950402    .0
4019200119950403    .0
4019200119950404    .0
4019200119950405    .0
4019200119950406    .0
4019200119950407    .0
4019200119950408    .0
4019200119950409    .0
4019200119950410    .0
4019200119950411    .0
4019200119950412    .0
4019200119950413    .0
4019200119950414    .0
4019200119950415    .0
4019200119950416    .8
4019200119950417    .0
4019200119950418    .0
4019200119950419   1.6
4019200119950420   2.8
4019200119950421   7.0
4019200119950422   2.4
4019200119950423    .0
4019200119950424   5.8
4019200119950425   2.2
4019200119950426    .0
4019200119950427    .2
4019200119950428    .0
4019200119950429    .4
4019200119950430    .0
4019200119950501    .0
4019200119950502    .0
4019200119950503    .0
4019200119950504    .0
4019200119950505    .0
4019200119950506    .0
4019200119950507    .0
4019200119950508    .2
4019200119950509    .0
4019200119950510    .0
4019200119950511   2.8
4019200119950512  10.8
4019200119950513   1.4
4019200119950514    .6
4019200119950515   2.5
4019200119950516   3.1
4019200119950517   6.4
4019200119950518   4.8
4019200119950519    .8
4019200119950520    .0
4019200119950521    .0
4019200119950522    .0
4019200119950523    .8
4019200119950524    .6
4019200119950525    .8
4019200119950526    .0
4019200119950527    .0
4019200119950528   3.2
4019200119950529    .2
4019200119950530   3.8
4019200119950531   1.1
4019200119950601    .0
4019200119950602   4.9
4019200119950603    .0
4019200119950604    .4
4019200119950605    .0
4019200119950606    .0
4019200119950607    .0
4019200119950608    .0
4019200119950609  18.0
4019200119950610   3.0
4019200119950611   1.2
4019200119950612   1.9
4019200119950613    .2
4019200119950614    .0
4019200119950615    .0
4019200119950616    .0
4019200119950617    .0
4019200119950618    .0
4019200119950619    .0
4019200119950620   3.6
4019200119950621   5.0
4019200119950622    .2
4019200119950623    .0
4019200119950624    .0
4019200119950625    .0
4019200119950626    .0
4019200119950627    .1
4019200119950628    .0
4019200119950629    .0
4019200119950630    .2
4019200119950701  48.6
4019200119950702   1.6
4019200119950703   4.0
4019200119950704   9.4
4019200119950705    .0
4019200119950706    .0
4019200119950707    .0
4019200119950708    .0
4019200119950709    .2
4019200119950710  26.0
4019200119950711    .0
4019200119950712    .0
4019200119950713   5.8
4019200119950714    .0
4019200119950715    .0
4019200119950716    .0
4019200119950717    .0
4019200119950718    .0
4019200119950719    .0
4019200119950720    .2
4019200119950721    .4
4019200119950722    .2
4019200119950723    .0
4019200119950724    .0
4019200119950725    .6
4019200119950726    .0
4019200119950727    .0
4019200119950728    .0
4019200119950729    .0
4019200119950730    .0
4019200119950731    .0
4019200119950801    .0
4019200119950802    .0
4019200119950803    .0
4019200119950804    .0
4019200119950805    .0
4019200119950806  12.8
4019200119950807  11.8
4019200119950808    .0
4019200119950809    .6
4019200119950810    .0
4019200119950811    .0
4019200119950812    .0
4019200119950813    .0
4019200119950814    .0
4019200119950815    .0
4019200119950816    .0
4019200119950817    .0
4019200119950818    .0
4019200119950819    .0
4019200119950820    .0
4019200119950821  44.2
4019200119950822   1.4
4019200119950823   2.2
4019200119950824    .0
4019200119950825    .0
4019200119950826    .0
4019200119950827    .0
4019200119950828    .0
4019200119950829    .0
4019200119950830    .0
4019200119950831    .0
4019200119950901    .0
4019200119950902    .0
4019200119950903   1.0
4019200119950904    .0
4019200119950905    .0
4019200119950906    .0
4019200119950907   3.0
4019200119950908  10.6
4019200119950909    .0
4019200119950910  13.8
4019200119950911   9.8
4019200119950912    .2
4019200119950913   2.8
4019200119950914   6.2
4019200119950915   3.6
4019200119950916   3.6
4019200119950917   4.6
4019200119950918    .0
4019200119950919  14.8
4019200119950920    .0
4019200119950921    .0
4019200119950922    .0
4019200119950923    .0
4019200119950924    .6
4019200119950925    .0
4019200119950926    .0
4019200119950927   2.4
4019200119950928    .0
4019200119950929    .0
4019200119950930   2.8
4019200119951001    .0
4019200119951002  37.0
4019200119951003    .0
4019200119951004  18.2
4019200119951005    .0
4019200119951006    .0
4019200119951007    .0
4019200119951008    .0
4019200119951009    .0
4019200119951010    .0
4019200119951011    .0
4019200119951012    .0
4019200119951013    .0
4019200119951014   2.2
4019200119951015    .4
4019200119951016    .0
4019200119951017    .0
4019200119951018    .0
4019200119951019    .0
4019200119951020    .0
4019200119951021    .0
4019200119951022    .0
4019200119951023    .0
4019200119951024    .0
4019200119951025    .2
4019200119951026    .0
4019200119951027    .0
4019200119951028   6.4
4019200119951029    .8
4019200119951030    .0
4019200119951031    .0
4019200119951101    .0
4019200119951102    .0
4019200119951103    .0
4019200119951104    .0
4019200119951105    .0
4019200119951106    .0
4019200119951107    .0
4019200119951108    .0
4019200119951109    .8
4019200119951110    .4
4019200119951111   8.4
4019200119951112   1.0
4019200119951113   2.8
4019200119951114    .0
4019200119951115   2.6
4019200119951116    .6
4019200119951117   2.6
4019200119951118    .0
4019200119951119    .0
4019200119951120    .0
4019200119951121  13.0
4019200119951122   1.6
4019200119951123    .0
4019200119951124    .0
4019200119951125   2.0
4019200119951126   1.4
4019200119951127    .0
4019200119951128    .0
4019200119951129    .0
4019200119951130    .4
4019200119951201    .0
4019200119951202   7.8
4019200119951203   9.6
4019200119951204  15.0
4019200119951205    .0
4019200119951206    .0
4019200119951207    .4
4019200119951208    .0
4019200119951209    .0
4019200119951210    .0
4019200119951211    .0
4019200119951212    .0
4019200119951213    .0
4019200119951214    .0
4019200119951215   6.0
4019200119951216   3.8
4019200119951217    .0
4019200119951218    .0
4019200119951219    .0
4019200119951220    .0
4019200119951221    .0
4019200119951222    .2
4019200119951223   6.2
4019200119951224  21.2
4019200119951225   3.2
4019200119951226  14.6
4019200119951227   4.2
4019200119951228   1.6
4019200119951229   6.0
4019200119951230   2.6
4019200119951231   2.6
4019200119960101   4.2
4019200119960102   2.2
4019200119960103    .0
4019200119960104    .2
4019200119960105   9.6
4019200119960106   3.6
4019200119960107   2.0
4019200119960108   1.8
4019200119960109   3.6
4019200119960110   2.6
4019200119960111    .0
4019200119960112    .6
4019200119960113    .0
4019200119960114    .0
4019200119960115    .0
4019200119960116    .0
4019200119960117    .0
4019200119960118    .0
4019200119960119    .0
4019200119960120    .0
4019200119960121    .0
4019200119960122   8.8
4019200119960123    .0
4019200119960124  16.0
4019200119960125   3.8
4019200119960126    .0
4019200119960127    .0
4019200119960128    .0
4019200119960129    .0
4019200119960130    .0
4019200119960131    .0
4019200119960201    .0
4019200119960202    .0
4019200119960203    .6
4019200119960204    .0
4019200119960205  12.6
4019200119960206   8.4
4019200119960207  13.6
4019200119960208   1.0
4019200119960209   1.6
4019200119960210  11.0
4019200119960211   5.8
4019200119960212  10.4
4019200119960213   2.4
4019200119960214    .0
4019200119960215    .0
4019200119960216    .0
4019200119960217    .0
4019200119960218   6.6
4019200119960219   5.6
4019200119960220   2.4
4019200119960221    .6
4019200119960222  18.2
4019200119960223   7.2
4019200119960224    .0
4019200119960225    .0
4019200119960226   2.2
4019200119960227    .0
4019200119960228    .0
4019200119960229    .0
4019200119960301    .0
4019200119960302    .0
4019200119960303    .0
4019200119960304    .0
4019200119960305    .0
4019200119960306    .0
4019200119960307    .0
4019200119960308    .0
4019200119960309    .0
4019200119960310    .0
4019200119960311    .0
4019200119960312    .0
4019200119960313    .0
4019200119960314   2.0
4019200119960315    .8
4019200119960316   1.8
4019200119960317    .0
4019200119960318    .0
4019200119960319    .2
4019200119960320    .0
4019200119960321    .0
4019200119960322    .0
4019200119960323    .0
4019200119960324   1.2
4019200119960325    .2
4019200119960326    .8
4019200119960327   4.4
4019200119960328    .0
4019200119960329    .0
4019200119960330    .0
4019200119960331    .8
4019200119960401    .0
4019200119960402    .0
4019200119960403    .0
4019200119960404    .0
4019200119960405    .0
4019200119960406    .0
4019200119960407    .0
4019200119960408    .0
4019200119960409    .0
4019200119960410    .0
4019200119960411    .0
4019200119960412    .0
4019200119960413    .0
4019200119960414    .0
4019200119960415    .2
4019200119960416   9.2
4019200119960417   2.4
4019200119960418    .0
4019200119960419    .0
4019200119960420    .0
4019200119960421    .0
4019200119960422  10.0
4019200119960423    .2
4019200119960424   1.0
4019200119960425    .0
4019200119960426    .0
4019200119960427    .6
4019200119960428  12.2
4019200119960429    .4
4019200119960430   1.8
4019200119960501   7.8
4019200119960502  17.4
4019200119960503   5.8
4019200119960504    .0
4019200119960505    .0
4019200119960506   4.2
4019200119960507   4.6
4019200119960508    .0
4019200119960509    .6
4019200119960510    .0
4019200119960511    .2
4019200119960512    .0
4019200119960513    .0
4019200119960514    .0
4019200119960515    .0
4019200119960516    .0
4019200119960517   8.8
4019200119960518   3.0
4019200119960519   2.0
4019200119960520    .2
4019200119960521   4.4
4019200119960522    .0
4019200119960523    .0
4019200119960524    .2
4019200119960525    .0
4019200119960526    .0
4019200119960527    .0
4019200119960528    .0
4019200119960529    .0
4019200119960530    .0
4019200119960531   4.2
4019200119960601    .0
4019200119960602   1.2
4019200119960603    .0
4019200119960604    .0
4019200119960605    .0
4019200119960606    .0
4019200119960607   3.8
4019200119960608    .0
4019200119960609    .0
4019200119960610    .0
4019200119960611    .0
4019200119960612    .0
4019200119960613    .0
4019200119960614    .0
4019200119960615    .0
4019200119960616    .0
4019200119960617    .0
4019200119960618    .0
4019200119960619    .0
4019200119960620  24.6
4019200119960621  27.8
4019200119960622    .4
4019200119960623    .0
4019200119960624    .0
4019200119960625    .0
4019200119960626    .8
4019200119960627    .0
4019200119960628    .0
4019200119960629    .0
4019200119960630    .0
4019200119960701    .2
4019200119960702    .0
4019200119960703    .0
4019200119960704   3.0
4019200119960705  11.6
4019200119960706   4.2
4019200119960707  27.2
4019200119960708    .0
4019200119960709    .0
4019200119960710    .4
4019200119960711    .0
4019200119960712    .0
4019200119960713    .0
4019200119960714    .0
4019200119960715    .0
4019200119960716    .0
4019200119960717    .0
4019200119960718    .0
4019200119960719    .0
4019200119960720    .0
4019200119960721    .0
4019200119960722    .0
4019200119960723    .0
4019200119960724    .0
4019200119960725   3.2
4019200119960726  22.2
4019200119960727   3.8
4019200119960728    .0
4019200119960729    .0
4019200119960730    .0
4019200119960731    .0
4019200119960801  10.4
4019200119960802  14.0
4019200119960803    .0
4019200119960804  16.6
4019200119960805   3.8
4019200119960806  12.8
4019200119960807   6.8
4019200119960808    .0
4019200119960809    .2
4019200119960810   1.0
4019200119960811   6.6
4019200119960812   1.0
4019200119960813    .0
4019200119960814    .0
4019200119960815    .0
4019200119960816    .0
4019200119960817    .0
4019200119960818    .0
4019200119960819    .2
4019200119960820   4.0
4019200119960821   4.2
4019200119960822    .0
4019200119960823    .0
4019200119960824   5.0
4019200119960825   6.6
4019200119960826   6.2
4019200119960827    .2
4019200119960828   5.2
4019200119960829   4.0
4019200119960830    .8
4019200119960831    .0
4019200119960901    .0
4019200119960902    .0
4019200119960903    .0
4019200119960904    .0
4019200119960905    .0
4019200119960906    .0
4019200119960907    .0
4019200119960908    .0
4019200119960909    .0
4019200119960910    .0
4019200119960911    .0
4019200119960912    .0
4019200119960913    .0
4019200119960914    .0
4019200119960915    .0
4019200119960916   2.6
4019200119960917  21.8
4019200119960918   2.8
4019200119960919   4.8
4019200119960920    .8
4019200119960921   5.8
4019200119960922    .2
4019200119960923   2.8
4019200119960924   4.6
4019200119960925   5.4
4019200119960926   1.2
4019200119960927   1.2
4019200119960928    .0
4019200119960929    .0
4019200119960930  12.6
4019200119961001  10.4
4019200119961002  16.2
4019200119961003    .0
4019200119961004   1.4
4019200119961005   1.0
4019200119961006    .0
4019200119961007    .0
4019200119961008    .0
4019200119961009    .0
4019200119961010    .0
4019200119961011    .0
4019200119961012    .0
4019200119961013    .0
4019200119961014   4.8
4019200119961015    .4
4019200119961016   2.6
4019200119961017   3.0
4019200119961018    .0
4019200119961019    .0
4019200119961020    .0
4019200119961021    .0
4019200119961022    .0
4019200119961023    .0
4019200119961024    .0
4019200119961025    .0
4019200119961026    .0
4019200119961027    .0
4019200119961028    .6
4019200119961029   2.2
4019200119961030    .0
4019200119961031    .0
4019200119961101    .0
4019200119961102    .0
4019200119961103    .0
4019200119961104   7.0
4019200119961105    .6
4019200119961106    .0
4019200119961107   4.2
4019200119961108    .0
4019200119961109    .0
4019200119961110  15.8
4019200119961111   1.0
4019200119961112   2.2
4019200119961113    .0
4019200119961114    .0
4019200119961115    .0
4019200119961116   6.6
4019200119961117   9.8
4019200119961118   8.6
4019200119961119  22.8
4019200119961120   5.0
4019200119961121   3.0
4019200119961122   5.4
4019200119961123   1.2
4019200119961124   2.0
4019200119961125  22.0
4019200119961126   4.6
4019200119961127  15.0
4019200119961128    .2
4019200119961129   8.4
4019200119961130   4.2
4019200119961201    .6
4019200119961202    .6
4019200119961203    .0
4019200119961204  14.4
4019200119961205   1.4
4019200119961206   1.4
4019200119961207    .0
4019200119961208   1.0
4019200119961209    .6
4019200119961210    .0
4019200119961211    .4
4019200119961212   1.4
4019200119961213   9.0
4019200119961214   7.2
4019200119961215    .0
4019200119961216    .0
4019200119961217    .0
4019200119961218  10.6
4019200119961219    .0
4019200119961220    .0
4019200119961221    .2
4019200119961222   1.4
4019200119961223   1.4
4019200119961224    .8
4019200119961225    .0
4019200119961226    .0
4019200119961227    .0
4019200119961228    .0
4019200119961229    .0
4019200119961230    .0
4019200119961231    .4
4019200119970101    .0
4019200119970102    .0
4019200119970103  27.8
4019200119970104   1.2
4019200119970105    .0
4019200119970106    .0
4019200119970107    .0
4019200119970108    .4
4019200119970109   4.2
4019200119970110    .0
4019200119970111    .0
4019200119970112    .0
4019200119970113    .0
4019200119970114    .0
4019200119970115    .0
4019200119970116    .0
4019200119970117   9.2
4019200119970118    .4
4019200119970119   3.0
4019200119970120    .0
4019200119970121    .4
4019200119970122    .4
4019200119970123    .0
4019200119970124   1.2
4019200119970125    .2
4019200119970126    .0
4019200119970127    .0
4019200119970128    .0
4019200119970129    .0
4019200119970130    .0
4019200119970131    .4
4019200119970201    .0
4019200119970202   2.2
4019200119970203    .0
4019200119970204    .0
4019200119970205    .2
4019200119970206    .0
4019200119970207    .0
4019200119970208    .0
4019200119970209    .0
4019200119970210    .0
4019200119970211    .2
4019200119970212    .2
4019200119970213   4.0
4019200119970214  18.2
4019200119970215    .0
4019200119970216    .0
4019200119970217    .8
4019200119970218    .0
4019200119970219    .0
4019200119970220    .0
4019200119970221    .0
4019200119970222    .0
4019200119970223   1.0
4019200119970224    .0
4019200119970225    .0
4019200119970226    .0
4019200119970227    .0
4019200119970228    .0
4019200119970301    .0
4019200119970302    .0
4019200119970303    .0
4019200119970304    .0
4019200119970305    .0
4019200119970306    .0
4019200119970307    .0
4019200119970308    .0
4019200119970309    .0
4019200119970310    .0
4019200119970311    .0
4019200119970312    .0
4019200119970313    .0
4019200119970314    .6
4019200119970315    .2
4019200119970316    .0
4019200119970317    .0
4019200119970318    .0
4019200119970319    .0
4019200119970320    .0
4019200119970321    .0
4019200119970322    .0
4019200119970323    .0
4019200119970324   4.8
4019200119970325    .0
4019200119970326    .0
4019200119970327    .0
4019200119970328    .0
4019200119970329    .0
4019200119970330    .0
4019200119970331    .0
4019200119970401    .0
4019200119970402    .0
4019200119970403    .0
4019200119970404    .0
4019200119970405    .0
4019200119970406    .0
4019200119970407    .0
4019200119970408    .0
4019200119970409    .0
4019200119970410    .0
4019200119970411    .0
4019200119970412    .0
4019200119970413    .0
4019200119970414    .0
4019200119970415    .0
4019200119970416    .0
4019200119970417    .0
4019200119970418    .8
4019200119970419    .6
4019200119970420    .0
4019200119970421    .0
4019200119970422    .0
4019200119970423    .0
4019200119970424    .0
4019200119970425    .0
4019200119970426  10.2
4019200119970427   3.4
4019200119970428   6.6
4019200119970429    .0
4019200119970430    .0
4019200119970501    .0
4019200119970502    .0
4019200119970503    .0
4019200119970504  12.2
4019200119970505   6.8
4019200119970506  11.4
4019200119970507  14.0
4019200119970508   6.2
4019200119970509   3.8
4019200119970510   2.8
4019200119970511    .2
4019200119970512   1.4
4019200119970513   8.6
4019200119970514   2.0
4019200119970515    .2
4019200119970516  14.0
4019200119970517   2.6
4019200119970518    .2
4019200119970519    .0
4019200119970520    .4
4019200119970521   1.8
4019200119970522    .0
4019200119970523   1.0
4019200119970524    .0
4019200119970525    .0
4019200119970526    .0
4019200119970527    .0
4019200119970528    .0
4019200119970529    .0
4019200119970530    .0
4019200119970531  37.4
4019200119970601   5.4
4019200119970602   3.6
4019200119970603    .0
4019200119970604   5.8
4019200119970605    .0
4019200119970606    .0
4019200119970607  24.2
4019200119970608    .0
4019200119970609    .0
4019200119970610   1.6
4019200119970611    .0
4019200119970612    .0
4019200119970613    .0
4019200119970614    .2
4019200119970615    .0
4019200119970616    .0
4019200119970617    .0
4019200119970618    .0
4019200119970619    .0
4019200119970620   1.4
4019200119970621   4.2
4019200119970622   9.6
4019200119970623   2.4
4019200119970624    .0
4019200119970625    .4
4019200119970626   5.4
4019200119970627    .0
4019200119970628   9.2
4019200119970629  24.2
4019200119970630  28.4
4019200119970701   8.4
4019200119970702  15.8
4019200119970703    .0
4019200119970704   5.0
4019200119970705   1.4
4019200119970706    .0
4019200119970707    .0
4019200119970708    .0
4019200119970709    .0
4019200119970710    .2
4019200119970711    .0
4019200119970712   8.0
4019200119970713   7.2
4019200119970714    .0
4019200119970715    .0
4019200119970716  25.0
4019200119970717    .8
4019200119970718    .0
4019200119970719    .0
4019200119970720    .0
4019200119970721    .0
4019200119970722    .0
4019200119970723   5.6
4019200119970724    .2
4019200119970725   1.8
4019200119970726    .6
4019200119970727    .0
4019200119970728    .0
4019200119970729    .0
4019200119970730    .0
4019200119970731    .0
4019200119970801    .0
4019200119970802    .0
4019200119970803    .0
4019200119970804   1.0
4019200119970805  33.2
4019200119970806   4.8
4019200119970807    .0
4019200119970808    .0
4019200119970809    .0
4019200119970810  36.8
4019200119970811    .0
4019200119970812    .0
4019200119970813    .0
4019200119970814    .0
4019200119970815  22.0
4019200119970816    .0
4019200119970817    .4
4019200119970818    .0
4019200119970819    .0
4019200119970820   5.2
4019200119970821    .0
4019200119970822    .0
4019200119970823    .0
4019200119970824    .0
4019200119970825  11.6
4019200119970826    .0
4019200119970827  13.8
4019200119970828   8.0
4019200119970829   1.0
4019200119970830    .0
4019200119970831    .0
4019200119970901  18.0
4019200119970902    .0
4019200119970903    .0
4019200119970904    .0
4019200119970905    .0
4019200119970906    .0
4019200119970907    .0
4019200119970908    .0
4019200119970909    .0
4019200119970910    .0
4019200119970911    .4
4019200119970912  17.8
4019200119970913   7.0
4019200119970914    .0
4019200119970915    .0
4019200119970916    .0
4019200119970917    .0
4019200119970918    .0
4019200119970919    .0
4019200119970920    .0
4019200119970921    .0
4019200119970922    .0
4019200119970923    .0
4019200119970924    .0
4019200119970925    .0
4019200119970926    .0
4019200119970927    .0
4019200119970928    .0
4019200119970929    .0
4019200119970930    .0
4019200119971001    .0
4019200119971002    .0
4019200119971003    .0
4019200119971004    .0
4019200119971005    .0
4019200119971006    .2
4019200119971007    .0
4019200119971008    .0
4019200119971009    .0
4019200119971010   4.0
4019200119971011   7.8
4019200119971012    .2
4019200119971013    .4
4019200119971014    .0
4019200119971015   4.2
4019200119971016    .0
4019200119971017    .0
4019200119971018    .0
4019200119971019    .0
4019200119971020    .0
4019200119971021    .0
4019200119971022    .0
4019200119971023    .0
4019200119971024    .0
4019200119971025    .0
4019200119971026    .0
4019200119971027    .0
4019200119971028    .0
4019200119971029    .0
4019200119971030    .0
4019200119971031    .0
4019200119971101    .0
4019200119971102    .0
4019200119971103    .4
4019200119971104  10.6
4019200119971105  22.0
4019200119971106  15.0
4019200119971107  12.0
4019200119971108  18.0
4019200119971109   5.4
4019200119971110   3.8
4019200119971111  25.4
4019200119971112  19.0
4019200119971113    .0
4019200119971114    .0
4019200119971115    .0
4019200119971116    .0
4019200119971117    .0
4019200119971118   1.8
4019200119971119    .4
4019200119971120   4.2
4019200119971121    .2
4019200119971122    .4
4019200119971123    .0
4019200119971124    .0
4019200119971125    .0
4019200119971126    .0
4019200119971127    .0
4019200119971128   5.0
4019200119971129  19.0
4019200119971130   4.4
4019200119971201   4.0
4019200119971202   3.6
4019200119971203    .0
4019200119971204    .0
4019200119971205    .0
4019200119971206    .0
4019200119971207    .0
4019200119971208   2.6
4019200119971209    .2
4019200119971210   3.2
4019200119971211   2.0
4019200119971212    .4
4019200119971213    .0
4019200119971214    .0
4019200119971215    .0
4019200119971216   4.8
4019200119971217   2.6
4019200119971218   7.4
4019200119971219   5.8
4019200119971220  13.8
4019200119971221    .6
4019200119971222   2.4
4019200119971223    .0
4019200119971224    .0
4019200119971225   3.8
4019200119971226  13.4
4019200119971227  12.6
4019200119971228    .0
4019200119971229    .0
4019200119971230    .0
4019200119971231   7.6
4019200119980101    .0
4019200119980102   6.8
4019200119980103   5.0
4019200119980104    .0
4019200119980105    .0
4019200119980106    .0
4019200119980107    .0
4019200119980108    .0
4019200119980109    .0
4019200119980110    .0
4019200119980111    .0
4019200119980112    .0
4019200119980113   2.2
4019200119980114  11.0
4019200119980115   2.6
4019200119980116   6.0
4019200119980117    .0
4019200119980118  10.6
4019200119980119  24.6
4019200119980120    .0
4019200119980121    .0
4019200119980122    .0
4019200119980123    .0
4019200119980124    .0
4019200119980125    .0
4019200119980126    .0
4019200119980127    .0
4019200119980128    .0
4019200119980129    .0
4019200119980130    .0
4019200119980131    .0
4019200119980201    .0
4019200119980202    .6
4019200119980203    .0
4019200119980204    .0
4019200119980205    .0
4019200119980206    .0
4019200119980207    .0
4019200119980208    .0
4019200119980209    .0
4019200119980210    .0
4019200119980211    .0
4019200119980212    .0
4019200119980213    .0
4019200119980214    .0
4019200119980215    .0
4019200119980216    .0
4019200119980217    .0
4019200119980218    .0
4019200119980219    .0
4019200119980220    .0
4019200119980221   4.6
4019200119980222   2.6
4019200119980223    .0
4019200119980224    .0
4019200119980225    .0
4019200119980226    .0
4019200119980227    .0
4019200119980228    .0
4019200119980301    .8
4019200119980302    .0
4019200119980303    .0
4019200119980304    .4
4019200119980305    .0
4019200119980306    .0
4019200119980307    .0
4019200119980308   7.2
4019200119980309   4.8
4019200119980310   1.0
4019200119980311   3.0
4019200119980312    .0
4019200119980313    .0
4019200119980314    .0
4019200119980315    .0
4019200119980316    .0
4019200119980317    .0
4019200119980318    .0
4019200119980319    .0
4019200119980320    .0
4019200119980321    .0
4019200119980322    .0
4019200119980323    .0
4019200119980324    .0
4019200119980325    .0
4019200119980326    .0
4019200119980327    .0
4019200119980328    .0
4019200119980329   9.0
4019200119980330   1.4
4019200119980331   7.2
4019200119980401   1.0
4019200119980402   3.4
4019200119980403   1.6
4019200119980404    .0
4019200119980405   3.0
4019200119980406   6.8
4019200119980407   6.2
4019200119980408  26.4
4019200119980409   8.8
4019200119980410   7.0
4019200119980411  26.6
4019200119980412   5.6
4019200119980413    .6
4019200119980414    .8
4019200119980415   1.8
4019200119980416  11.8
4019200119980417  15.0
4019200119980418   1.6
4019200119980419    .0
4019200119980420   1.2
4019200119980421    .0
4019200119980422    .8
4019200119980423    .2
4019200119980424    .6
4019200119980425   4.2
4019200119980426  20.0
4019200119980427   5.8
4019200119980428   2.2
4019200119980429   2.0
4019200119980430   2.8
4019200119980501  10.8
4019200119980502    .2
4019200119980503    .0
4019200119980504    .0
4019200119980505    .0
4019200119980506    .0
4019200119980507    .0
4019200119980508    .0
4019200119980509    .0
4019200119980510    .0
4019200119980511    .0
4019200119980512    .0
4019200119980513    .0
4019200119980514    .0
4019200119980515    .2
4019200119980516    .0
4019200119980517    .0
4019200119980518    .0
4019200119980519    .0
4019200119980520   4.6
4019200119980521    .0
4019200119980522    .0
4019200119980523    .0
4019200119980524    .0
4019200119980525    .0
4019200119980526   1.6
4019200119980527    .4
4019200119980528   6.2
4019200119980529   6.8
4019200119980530   8.4
4019200119980531   1.4
4019200119980601   7.4
4019200119980602   3.0
4019200119980603    .0
4019200119980604   9.6
4019200119980605    .0
4019200119980606    .0
4019200119980607    .0
4019200119980608    .0
4019200119980609    .6
4019200119980610   4.2
4019200119980611   5.8
4019200119980612    .4
4019200119980613   1.4
4019200119980614    .6
4019200119980615   2.0
4019200119980616    .0
4019200119980617    .0
4019200119980618    .0
4019200119980619    .0
4019200119980620    .0
4019200119980621    .0
4019200119980622    .0
4019200119980623    .0
4019200119980624    .0
4019200119980625   3.4
4019200119980626    .0
4019200119980627    .0
4019200119980628    .0
4019200119980629    .0
4019200119980630  11.0
4019200119980701   6.8
4019200119980702    .4
4019200119980703    .6
4019200119980704    .0
4019200119980705    .0
4019200119980706  14.6
4019200119980707  11.4
4019200119980708    .0
4019200119980709    .0
4019200119980710    .0
4019200119980711    .6
4019200119980712    .0
4019200119980713    .0
4019200119980714    .0
4019200119980715    .0
4019200119980716    .0
4019200119980717    .0
4019200119980718    .0
4019200119980719    .0
4019200119980720   4.0
4019200119980721    .2
4019200119980722    .0
4019200119980723    .0
4019200119980724    .0
4019200119980725    .0
4019200119980726  42.2
4019200119980727    .0
4019200119980728    .4
4019200119980729    .0
4019200119980730    .0
4019200119980731  20.8
4019200119980801    .0
4019200119980802   1.2
4019200119980803    .0
4019200119980804    .0
4019200119980805    .0
4019200119980806    .0
4019200119980807    .0
4019200119980808    .0
4019200119980809    .0
4019200119980810    .0
4019200119980811    .0
4019200119980812    .0
4019200119980813    .0
4019200119980814    .0
4019200119980815   3.8
4019200119980816    .0
4019200119980817  14.4
4019200119980818    .0
4019200119980819    .0
4019200119980820    .0
4019200119980821    .0
4019200119980822   1.6
4019200119980823    .4
4019200119980824   1.0
4019200119980825    .0
4019200119980826    .0
4019200119980827    .0
4019200119980828    .0
4019200119980829    .0
4019200119980830    .0
4019200119980831    .0
4019200119980901   2.8
4019200119980902    .2
4019200119980903    .0
4019200119980904   3.4
4019200119980905   1.0
4019200119980906    .0
4019200119980907  20.4
4019200119980908    .0
4019200119980909    .0
4019200119980910    .0
4019200119980911   8.4
4019200119980912  14.6
4019200119980913   3.2
4019200119980914   1.0
4019200119980915    .0
4019200119980916   2.8
4019200119980917    .0
4019200119980918    .0
4019200119980919    .0
4019200119980920    .0
4019200119980921    .0
4019200119980922   5.8
4019200119980923    .4
4019200119980924   4.6
4019200119980925   2.4
4019200119980926   5.6
4019200119980927   6.2
4019200119980928    .2
4019200119980929  18.0
4019200119980930   9.2
4019200119981001  43.8
4019200119981002  21.8
4019200119981003    .4
4019200119981004    .6
4019200119981005   2.2
4019200119981006   3.8
4019200119981007    .2
4019200119981008   4.2
4019200119981009   2.0
4019200119981010   1.4
4019200119981011   8.2
4019200119981012    .0
4019200119981013    .0
4019200119981014    .0
4019200119981015    .0
4019200119981016    .0
4019200119981017   1.4
4019200119981018    .0
4019200119981019    .0
4019200119981020    .0
4019200119981021    .0
4019200119981022    .0
4019200119981023    .0
4019200119981024   6.4
4019200119981025   4.8
4019200119981026   5.4
4019200119981027    .0
4019200119981028    .0
4019200119981029    .2
4019200119981030    .0
4019200119981031    .0
4019200119981101   8.4
4019200119981102   4.0
4019200119981103  10.0
4019200119981104   1.4
4019200119981105    .0
4019200119981106    .0
4019200119981107    .0
4019200119981108    .0
4019200119981109   1.4
4019200119981110   3.0
4019200119981111   2.0
4019200119981112   3.2
4019200119981113  10.2
4019200119981114   2.8
4019200119981115    .0
4019200119981116    .0
4019200119981117    .0
4019200119981118    .0
4019200119981119    .0
4019200119981120    .0
4019200119981121    .0
4019200119981122    .0
4019200119981123    .0
4019200119981124   2.0
4019200119981125  10.2
4019200119981126    .4
4019200119981127   3.0
4019200119981128   4.8
4019200119981129    .6
4019200119981130    .0
4019200119981201    .0
4019200119981202    .0
4019200119981203    .0
4019200119981204    .2
4019200119981205    .2
4019200119981206    .6
4019200119981207    .0
4019200119981208    .0
4019200119981209    .0
4019200119981210   2.0
4019200119981211    .4
4019200119981212    .0
4019200119981213    .0
4019200119981214    .0
4019200119981215    .0
4019200119981216    .0
4019200119981217    .0
4019200119981218    .4
4019200119981219   1.0
4019200119981220   4.4
4019200119981221    .0
4019200119981222    .0
4019200119981223    .2
4019200119981224    .4
4019200119981225    .0
4019200119981226    .0
4019200119981227    .0
4019200119981228    .0
4019200119981229    .0
4019200119981230   5.4
4019200119981231    .0
