4200500119940101    .0
4200500119940102   4.0
4200500119940103    .0
4200500119940104    .0
4200500119940105   1.0
4200500119940106  45.4
4200500119940107  19.0
4200500119940108    .0
4200500119940109    .0
4200500119940110  19.2
4200500119940111    .2
4200500119940112    .0
4200500119940113    .0
4200500119940114   3.2
4200500119940115    .8
4200500119940116   5.8
4200500119940117    .2
4200500119940118    .0
4200500119940119    .0
4200500119940120    .4
4200500119940121    .0
4200500119940122    .0
4200500119940123    .0
4200500119940124   3.6
4200500119940125    .4
4200500119940126    .0
4200500119940127   1.4
4200500119940128    .0
4200500119940129    .0
4200500119940130    .6
4200500119940131    .4
4200500119940201    .0
4200500119940202    .8
4200500119940203   6.4
4200500119940204  11.8
4200500119940205   6.0
4200500119940206    .6
4200500119940207    .6
4200500119940208    .8
4200500119940209   1.2
4200500119940210    .6
4200500119940211   2.4
4200500119940212    .0
4200500119940213   1.0
4200500119940214    .0
4200500119940215    .0
4200500119940216    .0
4200500119940217    .0
4200500119940218   1.8
4200500119940219   1.0
4200500119940220    .4
4200500119940221    .0
4200500119940222    .0
4200500119940223    .0
4200500119940224    .4
4200500119940225    .0
4200500119940226    .0
4200500119940227   2.4
4200500119940228    .0
4200500119940301   1.2
4200500119940302   2.4
4200500119940303    .2
4200500119940304    .0
4200500119940305    .0
4200500119940306    .0
4200500119940307    .0
4200500119940308    .0
4200500119940309    .0
4200500119940310    .0
4200500119940311    .0
4200500119940312    .4
4200500119940313    .2
4200500119940314    .0
4200500119940315    .4
4200500119940316    .0
4200500119940317    .0
4200500119940318    .0
4200500119940319    .2
4200500119940320    .0
4200500119940321  13.2
4200500119940322    .0
4200500119940323    .0
4200500119940324    .0
4200500119940325    .6
4200500119940326    .0
4200500119940327    .0
4200500119940328    .2
4200500119940329    .0
4200500119940330    .0
4200500119940331    .0
4200500119940401   2.2
4200500119940402   5.0
4200500119940403   3.0
4200500119940404   4.8
4200500119940405   6.2
4200500119940406   3.6
4200500119940407   8.4
4200500119940408   1.2
4200500119940409   4.8
4200500119940410    .0
4200500119940411    .0
4200500119940412    .2
4200500119940413    .0
4200500119940414   5.6
4200500119940415    .0
4200500119940416   6.2
4200500119940417   4.9
4200500119940418    .1
4200500119940419    .0
4200500119940420    .0
4200500119940421   1.4
4200500119940422    .0
4200500119940423    .0
4200500119940424  32.0
4200500119940425   2.0
4200500119940426    .0
4200500119940427    .0
4200500119940428    .0
4200500119940429    .0
4200500119940430    .0
4200500119940501    .0
4200500119940502    .0
4200500119940503   5.8
4200500119940504   2.2
4200500119940505    .0
4200500119940506    .0
4200500119940507    .6
4200500119940508  11.1
4200500119940509    .2
4200500119940510    .0
4200500119940511   2.0
4200500119940512    .2
4200500119940513   7.0
4200500119940514    .8
4200500119940515    .0
4200500119940516   2.2
4200500119940517   7.4
4200500119940518   9.4
4200500119940519   5.2
4200500119940520    .0
4200500119940521   5.0
4200500119940522   2.0
4200500119940523   2.8
4200500119940524   7.6
4200500119940525    .6
4200500119940526   4.3
4200500119940527    .0
4200500119940528   2.8
4200500119940529   4.8
4200500119940530    .0
4200500119940531    .0
4200500119940601    .0
4200500119940602    .2
4200500119940603    .8
4200500119940604    .0
4200500119940605    .0
4200500119940606    .0
4200500119940607    .0
4200500119940608  20.6
4200500119940609    .0
4200500119940610    .0
4200500119940611    .8
4200500119940612    .0
4200500119940613    .0
4200500119940614    .0
4200500119940615    .0
4200500119940616    .0
4200500119940617    .0
4200500119940618    .0
4200500119940619  11.4
4200500119940620    .0
4200500119940621    .0
4200500119940622    .0
4200500119940623    .0
4200500119940624    .0
4200500119940625  14.8
4200500119940626  17.8
4200500119940627    .8
4200500119940628    .0
4200500119940629    .0
4200500119940630    .0
4200500119940701    .3
4200500119940702    .0
4200500119940703    .0
4200500119940704   4.6
4200500119940705    .0
4200500119940706    .0
4200500119940707    .0
4200500119940708    .0
4200500119940709    .0
4200500119940710    .0
4200500119940711    .0
4200500119940712    .0
4200500119940713    .0
4200500119940714    .0
4200500119940715    .0
4200500119940716    .0
4200500119940717    .0
4200500119940718  13.0
4200500119940719  11.2
4200500119940720    .0
4200500119940721    .0
4200500119940722    .0
4200500119940723    .0
4200500119940724    .0
4200500119940725  24.0
4200500119940726    .0
4200500119940727    .0
4200500119940728    .0
4200500119940729   6.6
4200500119940730    .0
4200500119940731  15.0
4200500119940801    .0
4200500119940802    .0
4200500119940803    .0
4200500119940804    .0
4200500119940805    .0
4200500119940806   2.8
4200500119940807   1.2
4200500119940808    .0
4200500119940809    .0
4200500119940810  27.0
4200500119940811    .0
4200500119940812    .0
4200500119940813   4.6
4200500119940814    .0
4200500119940815    .0
4200500119940816   1.6
4200500119940817   1.6
4200500119940818    .2
4200500119940819    .0
4200500119940820    .0
4200500119940821   2.2
4200500119940822    .0
4200500119940823   1.6
4200500119940824    .0
4200500119940825    .6
4200500119940826    .0
4200500119940827    .0
4200500119940828    .0
4200500119940829    .0
4200500119940830  22.6
4200500119940831  13.6
4200500119940901    .0
4200500119940902    .0
4200500119940903    .0
4200500119940904    .0
4200500119940905    .0
4200500119940906    .0
4200500119940907  12.8
4200500119940908  10.2
4200500119940909    .0
4200500119940910    .0
4200500119940911   2.4
4200500119940912  46.8
4200500119940913   8.8
4200500119940914    .6
4200500119940915   1.0
4200500119940916  19.2
4200500119940917   2.6
4200500119940918    .2
4200500119940919    .0
4200500119940920   9.4
4200500119940921   6.3
4200500119940922   6.0
4200500119940923  11.4
4200500119940924    .0
4200500119940925    .0
4200500119940926    .0
4200500119940927   4.2
4200500119940928    .0
4200500119940929  12.4
4200500119940930   5.6
4200500119941001    .2
4200500119941002   1.6
4200500119941003   1.4
4200500119941004    .0
4200500119941005    .0
4200500119941006    .0
4200500119941007    .0
4200500119941008    .0
4200500119941009    .0
4200500119941010    .0
4200500119941011    .4
4200500119941012    .0
4200500119941013    .0
4200500119941014    .0
4200500119941015    .0
4200500119941016    .0
4200500119941017    .0
4200500119941018    .0
4200500119941019  41.6
4200500119941020  33.6
4200500119941021   2.2
4200500119941022   1.0
4200500119941023    .4
4200500119941024    .2
4200500119941025    .0
4200500119941026    .0
4200500119941027  13.0
4200500119941028   7.8
4200500119941029    .0
4200500119941030    .0
4200500119941031    .0
4200500119941101    .0
4200500119941102    .0
4200500119941103    .0
4200500119941104   8.4
4200500119941105  23.0
4200500119941106    .0
4200500119941107    .2
4200500119941108    .0
4200500119941109   5.0
4200500119941110  11.6
4200500119941111    .0
4200500119941112    .0
4200500119941113    .0
4200500119941114    .0
4200500119941115    .6
4200500119941116    .4
4200500119941117   1.0
4200500119941118   8.6
4200500119941119    .0
4200500119941120    .0
4200500119941121    .4
4200500119941122    .0
4200500119941123    .0
4200500119941124    .0
4200500119941125    .0
4200500119941126    .2
4200500119941127    .0
4200500119941128    .0
4200500119941129    .0
4200500119941130    .0
4200500119941201    .0
4200500119941202    .0
4200500119941203    .0
4200500119941204    .6
4200500119941205    .0
4200500119941206    .0
4200500119941207    .0
4200500119941208    .0
4200500119941209    .0
4200500119941210    .0
4200500119941211    .2
4200500119941212    .0
4200500119941213    .0
4200500119941214    .2
4200500119941215    .0
4200500119941216    .0
4200500119941217    .0
4200500119941218   1.8
4200500119941219   1.0
4200500119941220   2.2
4200500119941221    .0
4200500119941222    .0
4200500119941223    .0
4200500119941224    .0
4200500119941225    .0
4200500119941226    .0
4200500119941227   1.2
4200500119941228    .2
4200500119941229    .7
4200500119941230   2.8
4200500119941231    .0
4200500119950101   1.8
4200500119950102   1.4
4200500119950103    .2
4200500119950104    .0
4200500119950105   2.0
4200500119950106   4.2
4200500119950107    .0
4200500119950108   5.0
4200500119950109   1.2
4200500119950110   1.6
4200500119950111   5.6
4200500119950112    .7
4200500119950113    .0
4200500119950114    .0
4200500119950115    .0
4200500119950116    .0
4200500119950117    .0
4200500119950118   9.6
4200500119950119    .0
4200500119950120   2.6
4200500119950121    .0
4200500119950122    .0
4200500119950123   8.4
4200500119950124    .2
4200500119950125    .0
4200500119950126   3.2
4200500119950127    .0
4200500119950128    .8
4200500119950129    .6
4200500119950130   2.2
4200500119950131    .0
4200500119950201    .0
4200500119950202    .2
4200500119950203    .0
4200500119950204   3.8
4200500119950205    .0
4200500119950206    .2
4200500119950207    .0
4200500119950208   1.2
4200500119950209    .2
4200500119950210   1.8
4200500119950211   1.2
4200500119950212    .0
4200500119950213   3.4
4200500119950214    .8
4200500119950215   2.0
4200500119950216    .0
4200500119950217  22.2
4200500119950218   1.8
4200500119950219    .0
4200500119950220    .0
4200500119950221   5.6
4200500119950222    .0
4200500119950223    .2
4200500119950224   3.0
4200500119950225   5.2
4200500119950226   4.4
4200500119950227    .0
4200500119950228    .0
4200500119950301    .0
4200500119950302    .0
4200500119950303   7.0
4200500119950304    .4
4200500119950305    .6
4200500119950306    .0
4200500119950307    .0
4200500119950308   1.0
4200500119950309    .0
4200500119950310    .0
4200500119950311    .0
4200500119950312    .0
4200500119950313    .0
4200500119950314    .0
4200500119950315   1.6
4200500119950316    .0
4200500119950317    .0
4200500119950318    .2
4200500119950319   5.6
4200500119950320    .0
4200500119950321    .0
4200500119950322    .0
4200500119950323    .0
4200500119950324    .0
4200500119950325    .3
4200500119950326    .2
4200500119950327   2.0
4200500119950328    .0
4200500119950329   3.4
4200500119950330    .2
4200500119950331    .0
4200500119950401    .4
4200500119950402    .0
4200500119950403    .0
4200500119950404    .0
4200500119950405    .0
4200500119950406    .0
4200500119950407    .0
4200500119950408    .0
4200500119950409    .0
4200500119950410    .0
4200500119950411    .0
4200500119950412    .0
4200500119950413    .0
4200500119950414    .0
4200500119950415   1.2
4200500119950416    .0
4200500119950417    .0
4200500119950418    .0
4200500119950419   4.0
4200500119950420   1.2
4200500119950421  12.2
4200500119950422   3.2
4200500119950423  13.2
4200500119950424   6.6
4200500119950425  17.0
4200500119950426   4.8
4200500119950427    .0
4200500119950428    .0
4200500119950429   6.0
4200500119950430    .2
4200500119950501    .0
4200500119950502    .0
4200500119950503    .0
4200500119950504    .0
4200500119950505    .0
4200500119950506    .0
4200500119950507    .0
4200500119950508    .6
4200500119950509    .0
4200500119950510    .0
4200500119950511   1.8
4200500119950512   2.0
4200500119950513   4.0
4200500119950514    .2
4200500119950515    .8
4200500119950516    .0
4200500119950517    .2
4200500119950518   3.8
4200500119950519    .0
4200500119950520    .0
4200500119950521    .0
4200500119950522    .0
4200500119950523    .0
4200500119950524    .0
4200500119950525  12.0
4200500119950526    .0
4200500119950527    .0
4200500119950528    .0
4200500119950529   6.6
4200500119950530   1.6
4200500119950531  22.0
4200500119950601    .0
4200500119950602    .0
4200500119950603   1.6
4200500119950604    .0
4200500119950605    .0
4200500119950606    .0
4200500119950607    .0
4200500119950608  14.2
4200500119950609    .0
4200500119950610   1.0
4200500119950611    .8
4200500119950612   3.0
4200500119950613   8.6
4200500119950614    .0
4200500119950615    .0
4200500119950616    .0
4200500119950617    .4
4200500119950618    .4
4200500119950619    .0
4200500119950620    .0
4200500119950621    .0
4200500119950622    .0
4200500119950623    .0
4200500119950624    .0
4200500119950625    .0
4200500119950626    .0
4200500119950627    .0
4200500119950628    .0
4200500119950629    .0
4200500119950630   6.6
4200500119950701  17.8
4200500119950702   7.8
4200500119950703   1.8
4200500119950704    .2
4200500119950705    .0
4200500119950706    .0
4200500119950707    .0
4200500119950708    .0
4200500119950709    .0
4200500119950710  10.4
4200500119950711   8.4
4200500119950712    .0
4200500119950713    .2
4200500119950714    .0
4200500119950715    .2
4200500119950716    .4
4200500119950717    .0
4200500119950718    .0
4200500119950719    .0
4200500119950720    .0
4200500119950721    .0
4200500119950722    .0
4200500119950723    .0
4200500119950724    .0
4200500119950725    .0
4200500119950726    .0
4200500119950727    .0
4200500119950728    .0
4200500119950729    .0
4200500119950730    .0
4200500119950731   2.8
4200500119950801    .0
4200500119950802    .0
4200500119950803    .0
4200500119950804    .0
4200500119950805    .0
4200500119950806   7.6
4200500119950807   7.2
4200500119950808   8.0
4200500119950809    .0
4200500119950810    .4
4200500119950811    .0
4200500119950812    .0
4200500119950813    .0
4200500119950814    .0
4200500119950815    .0
4200500119950816    .0
4200500119950817    .0
4200500119950818    .0
4200500119950819    .0
4200500119950820    .0
4200500119950821   5.6
4200500119950822    .0
4200500119950823   9.6
4200500119950824  13.0
4200500119950825    .0
4200500119950826    .0
4200500119950827   2.8
4200500119950828    .0
4200500119950829    .0
4200500119950830    .0
4200500119950831    .0
4200500119950901    .0
4200500119950902    .0
4200500119950903    .2
4200500119950904    .0
4200500119950905    .0
4200500119950906    .0
4200500119950907  15.0
4200500119950908    .0
4200500119950909   1.0
4200500119950910   5.2
4200500119950911   8.6
4200500119950912  27.4
4200500119950913    .0
4200500119950914    .0
4200500119950915    .0
4200500119950916   1.2
4200500119950917   5.0
4200500119950918  30.4
4200500119950919   6.4
4200500119950920   3.6
4200500119950921    .2
4200500119950922    .0
4200500119950923    .0
4200500119950924   4.8
4200500119950925    .0
4200500119950926    .0
4200500119950927    .0
4200500119950928    .0
4200500119950929    .0
4200500119950930    .0
4200500119951001    .0
4200500119951002   3.0
4200500119951003    .0
4200500119951004  15.2
4200500119951005  13.4
4200500119951006    .0
4200500119951007    .0
4200500119951008    .0
4200500119951009    .0
4200500119951010    .0
4200500119951011    .0
4200500119951012    .0
4200500119951013    .2
4200500119951014   1.2
4200500119951015    .4
4200500119951016    .0
4200500119951017    .0
4200500119951018    .6
4200500119951019    .0
4200500119951020    .0
4200500119951021    .0
4200500119951022    .0
4200500119951023    .0
4200500119951024    .0
4200500119951025    .0
4200500119951026    .0
4200500119951027   2.2
4200500119951028   5.0
4200500119951029   1.0
4200500119951030    .2
4200500119951031    .0
4200500119951101    .0
4200500119951102    .0
4200500119951103    .6
4200500119951104    .0
4200500119951105    .0
4200500119951106    .0
4200500119951107    .0
4200500119951108    .0
4200500119951109    .0
4200500119951110    .0
4200500119951111    .0
4200500119951112  21.4
4200500119951113    .0
4200500119951114    .0
4200500119951115    .0
4200500119951116    .0
4200500119951117   4.8
4200500119951118    .0
4200500119951119    .0
4200500119951120    .0
4200500119951121    .0
4200500119951122   3.2
4200500119951123    .8
4200500119951124    .0
4200500119951125    .0
4200500119951126  24.6
4200500119951127   1.4
4200500119951128    .0
4200500119951129    .0
4200500119951130    .0
4200500119951201    .2
4200500119951202    .2
4200500119951203   1.6
4200500119951204    .0
4200500119951205    .0
4200500119951206    .0
4200500119951207    .6
4200500119951208    .0
4200500119951209    .0
4200500119951210    .0
4200500119951211    .0
4200500119951212    .0
4200500119951213    .6
4200500119951214    .4
4200500119951215    .2
4200500119951216   1.2
4200500119951217   6.4
4200500119951218    .0
4200500119951219    .0
4200500119951220    .0
4200500119951221    .0
4200500119951222    .0
4200500119951223    .0
4200500119951224    .0
4200500119951225    .2
4200500119951226   7.2
4200500119951227    .0
4200500119951228    .6
4200500119951229    .4
4200500119951230   1.8
4200500119951231    .2
4200500119960101   8.0
4200500119960102   5.2
4200500119960103    .0
4200500119960104    .0
4200500119960105  11.6
4200500119960106   2.8
4200500119960107    .6
4200500119960108    .0
4200500119960109    .4
4200500119960110  10.0
4200500119960111    .0
4200500119960112  10.6
4200500119960113    .0
4200500119960114    .0
4200500119960115    .0
4200500119960116    .0
4200500119960117    .0
4200500119960118    .0
4200500119960119    .0
4200500119960120    .0
4200500119960121    .0
4200500119960122    .2
4200500119960123    .0
4200500119960124    .0
4200500119960125   2.0
4200500119960126    .0
4200500119960127    .0
4200500119960128   2.0
4200500119960129    .0
4200500119960130    .0
4200500119960131    .0
4200500119960201    .0
4200500119960202   8.0
4200500119960203   1.8
4200500119960204    .0
4200500119960205    .0
4200500119960206   4.2
4200500119960207   3.2
4200500119960208    .0
4200500119960209    .0
4200500119960210    .0
4200500119960211    .2
4200500119960212   4.0
4200500119960213    .6
4200500119960214    .4
4200500119960215    .0
4200500119960216    .0
4200500119960217    .0
4200500119960218   3.2
4200500119960219   2.0
4200500119960220   1.8
4200500119960221   4.2
4200500119960222    .4
4200500119960223    .2
4200500119960224    .0
4200500119960225    .0
4200500119960226   3.0
4200500119960227   7.0
4200500119960228    .0
4200500119960229    .0
4200500119960301    .0
4200500119960302    .0
4200500119960303    .0
4200500119960304    .0
4200500119960305    .0
4200500119960306    .0
4200500119960307    .0
4200500119960308    .0
4200500119960309    .0
4200500119960310    .0
4200500119960311    .0
4200500119960312    .0
4200500119960313    .4
4200500119960314   5.0
4200500119960315   5.8
4200500119960316   4.8
4200500119960317   4.2
4200500119960318    .0
4200500119960319    .0
4200500119960320    .0
4200500119960321    .0
4200500119960322    .0
4200500119960323    .0
4200500119960324    .0
4200500119960325    .0
4200500119960326  13.0
4200500119960327    .2
4200500119960328    .0
4200500119960329    .0
4200500119960330    .0
4200500119960331    .0
4200500119960401  12.0
4200500119960402    .0
4200500119960403    .0
4200500119960404    .0
4200500119960405    .0
4200500119960406    .0
4200500119960407    .0
4200500119960408    .0
4200500119960409    .0
4200500119960410    .0
4200500119960411    .0
4200500119960412    .0
4200500119960413   2.4
4200500119960414    .0
4200500119960415    .0
4200500119960416   3.6
4200500119960417   8.2
4200500119960418    .0
4200500119960419    .0
4200500119960420    .0
4200500119960421    .0
4200500119960422    .0
4200500119960423   4.4
4200500119960424    .0
4200500119960425    .0
4200500119960426    .0
4200500119960427    .0
4200500119960428    .4
4200500119960429   4.4
4200500119960430   1.6
4200500119960501  11.2
4200500119960502   4.6
4200500119960503    .4
4200500119960504    .0
4200500119960505    .0
4200500119960506    .0
4200500119960507    .0
4200500119960508   2.4
4200500119960509   5.4
4200500119960510    .0
4200500119960511    .4
4200500119960512   3.8
4200500119960513    .2
4200500119960514    .0
4200500119960515    .0
4200500119960516    .0
4200500119960517    .0
4200500119960518  29.6
4200500119960519   9.2
4200500119960520    .0
4200500119960521    .8
4200500119960522    .0
4200500119960523    .0
4200500119960524   1.2
4200500119960525   1.2
4200500119960526    .4
4200500119960527   1.2
4200500119960528    .0
4200500119960529    .0
4200500119960530    .0
4200500119960531    .0
4200500119960601   8.8
4200500119960602  29.2
4200500119960603    .0
4200500119960604    .0
4200500119960605    .0
4200500119960606    .0
4200500119960607    .0
4200500119960608    .0
4200500119960609    .0
4200500119960610    .8
4200500119960611    .0
4200500119960612    .0
4200500119960613    .0
4200500119960614    .0
4200500119960615    .0
4200500119960616    .0
4200500119960617    .0
4200500119960618    .0
4200500119960619    .0
4200500119960620   1.4
4200500119960621  53.0
4200500119960622    .2
4200500119960623   5.8
4200500119960624    .0
4200500119960625    .0
4200500119960626    .0
4200500119960627    .0
4200500119960628    .0
4200500119960629    .0
4200500119960630    .0
4200500119960701    .0
4200500119960702    .0
4200500119960703    .0
4200500119960704  13.4
4200500119960705  17.8
4200500119960706    .2
4200500119960707  47.8
4200500119960708   2.0
4200500119960709    .0
4200500119960710    .0
4200500119960711    .0
4200500119960712    .0
4200500119960713    .0
4200500119960714    .0
4200500119960715    .0
4200500119960716    .0
4200500119960717    .0
4200500119960718    .0
4200500119960719    .0
4200500119960720    .0
4200500119960721    .0
4200500119960722    .0
4200500119960723   3.4
4200500119960724   1.0
4200500119960725    .0
4200500119960726    .0
4200500119960727    .6
4200500119960728    .2
4200500119960729    .4
4200500119960730    .0
4200500119960731    .0
4200500119960801    .0
4200500119960802   5.4
4200500119960803   2.2
4200500119960804    .0
4200500119960805    .6
4200500119960806  27.8
4200500119960807    .2
4200500119960808    .0
4200500119960809    .0
4200500119960810  20.8
4200500119960811    .6
4200500119960812    .0
4200500119960813    .8
4200500119960814    .0
4200500119960815    .0
4200500119960816    .0
4200500119960817    .0
4200500119960818    .0
4200500119960819    .0
4200500119960820   1.8
4200500119960821   3.6
4200500119960822    .2
4200500119960823    .0
4200500119960824    .0
4200500119960825    .0
4200500119960826    .4
4200500119960827    .2
4200500119960828    .0
4200500119960829    .0
4200500119960830    .0
4200500119960831    .0
4200500119960901    .0
4200500119960902    .0
4200500119960903    .0
4200500119960904    .0
4200500119960905    .0
4200500119960906    .0
4200500119960907    .0
4200500119960908    .0
4200500119960909    .0
4200500119960910    .0
4200500119960911    .0
4200500119960912    .2
4200500119960913    .0
4200500119960914    .0
4200500119960915    .0
4200500119960916    .0
4200500119960917    .0
4200500119960918    .6
4200500119960919   1.8
4200500119960920    .0
4200500119960921   4.2
4200500119960922    .6
4200500119960923    .0
4200500119960924    .0
4200500119960925   3.0
4200500119960926    .0
4200500119960927    .1
4200500119960928    .1
4200500119960929    .0
4200500119960930    .0
4200500119961001   6.8
4200500119961002    .0
4200500119961003    .1
4200500119961004   1.2
4200500119961005    .2
4200500119961006    .0
4200500119961007    .4
4200500119961008   1.4
4200500119961009    .8
4200500119961010    .3
4200500119961011    .0
4200500119961012    .0
4200500119961013    .0
4200500119961014   6.4
4200500119961015  15.4
4200500119961016    .0
4200500119961017   2.0
4200500119961018    .0
4200500119961019   5.4
4200500119961020    .0
4200500119961021    .2
4200500119961022    .2
4200500119961023    .0
4200500119961024    .0
4200500119961025    .0
4200500119961026    .0
4200500119961027    .0
4200500119961028    .4
4200500119961029    .4
4200500119961030    .0
4200500119961031    .0
4200500119961101    .4
4200500119961102    .0
4200500119961103    .0
4200500119961104   3.6
4200500119961105    .8
4200500119961106    .0
4200500119961107   2.2
4200500119961108    .0
4200500119961109    .0
4200500119961110    .0
4200500119961111  25.2
4200500119961112  97.4
4200500119961113    .8
4200500119961114    .4
4200500119961115   2.2
4200500119961116    .0
4200500119961117  19.4
4200500119961118  10.4
4200500119961119    .2
4200500119961120    .0
4200500119961121  12.4
4200500119961122    .0
4200500119961123    .0
4200500119961124    .0
4200500119961125   7.0
4200500119961126    .6
4200500119961127    .6
4200500119961128    .4
4200500119961129    .6
4200500119961130   6.2
4200500119961201    .2
4200500119961202    .0
4200500119961203    .0
4200500119961204    .0
4200500119961205    .0
4200500119961206    .0
4200500119961207    .0
4200500119961208    .0
4200500119961209    .0
4200500119961210    .0
4200500119961211    .0
4200500119961212    .0
4200500119961213   2.2
4200500119961214   1.4
4200500119961215    .0
4200500119961216    .0
4200500119961217    .0
4200500119961218    .0
4200500119961219  14.8
4200500119961220    .0
4200500119961221    .0
4200500119961222  15.6
4200500119961223   6.4
4200500119961224    .0
4200500119961225    .0
4200500119961226   1.2
4200500119961227    .0
4200500119961228    .0
4200500119961229    .0
4200500119961230    .0
4200500119961231   3.0
4200500119970101    .0
4200500119970102  16.5
4200500119970103   4.6
4200500119970104   4.8
4200500119970105    .4
4200500119970106    .0
4200500119970107    .0
4200500119970108   2.8
4200500119970109   1.4
4200500119970110    .6
4200500119970111    .0
4200500119970112    .0
4200500119970113    .0
4200500119970114    .0
4200500119970115    .0
4200500119970116    .0
4200500119970117   1.6
4200500119970118    .2
4200500119970119  12.8
4200500119970120  16.6
4200500119970121    .0
4200500119970122    .0
4200500119970123    .0
4200500119970124    .0
4200500119970125    .0
4200500119970126    .0
4200500119970127    .0
4200500119970128    .0
4200500119970129    .0
4200500119970130    .0
4200500119970131    .0
4200500119970201    .0
4200500119970202    .0
4200500119970203    .0
4200500119970204    .0
4200500119970205   2.8
4200500119970206    .0
4200500119970207    .0
4200500119970208    .0
4200500119970209    .0
4200500119970210    .4
4200500119970211    .2
4200500119970212    .0
4200500119970213   1.2
4200500119970214   6.4
4200500119970215   2.2
4200500119970216    .0
4200500119970217    .0
4200500119970218    .0
4200500119970219    .2
4200500119970220    .0
4200500119970221    .1
4200500119970222    .1
4200500119970223    .2
4200500119970224    .0
4200500119970225    .0
4200500119970226   1.6
4200500119970227    .0
4200500119970228    .0
4200500119970301    .0
4200500119970302    .0
4200500119970303    .1
4200500119970304    .0
4200500119970305    .0
4200500119970306    .4
4200500119970307    .0
4200500119970308    .1
4200500119970309    .1
4200500119970310    .0
4200500119970311    .0
4200500119970312    .0
4200500119970313    .0
4200500119970314    .2
4200500119970315    .0
4200500119970316    .0
4200500119970317    .0
4200500119970318    .6
4200500119970319    .8
4200500119970320    .0
4200500119970321    .0
4200500119970322    .0
4200500119970323    .1
4200500119970324    .0
4200500119970325    .4
4200500119970326    .0
4200500119970327    .0
4200500119970328    .2
4200500119970329    .0
4200500119970330    .0
4200500119970331    .0
4200500119970401    .0
4200500119970402    .0
4200500119970403    .0
4200500119970404    .0
4200500119970405    .0
4200500119970406    .0
4200500119970407    .0
4200500119970408    .0
4200500119970409    .0
4200500119970410    .0
4200500119970411    .0
4200500119970412    .0
4200500119970413    .0
4200500119970414    .0
4200500119970415    .0
4200500119970416    .0
4200500119970417    .0
4200500119970418    .0
4200500119970419    .0
4200500119970420    .0
4200500119970421    .0
4200500119970422    .0
4200500119970423    .0
4200500119970424    .0
4200500119970425    .0
4200500119970426   5.8
4200500119970427   2.6
4200500119970428    .0
4200500119970429    .5
4200500119970430    .0
4200500119970501    .0
4200500119970502    .0
4200500119970503   1.6
4200500119970504   1.2
4200500119970505   8.0
4200500119970506   1.6
4200500119970507   4.4
4200500119970508    .0
4200500119970509    .4
4200500119970510    .0
4200500119970511  19.4
4200500119970512  11.8
4200500119970513   1.5
4200500119970514    .2
4200500119970515   1.0
4200500119970516    .0
4200500119970517    .0
4200500119970518    .0
4200500119970519   1.0
4200500119970520    .4
4200500119970521    .2
4200500119970522    .0
4200500119970523    .0
4200500119970524    .0
4200500119970525    .0
4200500119970526    .0
4200500119970527    .0
4200500119970528    .0
4200500119970529    .0
4200500119970530    .0
4200500119970531    .0
4200500119970601   9.6
4200500119970602    .2
4200500119970603    .5
4200500119970604    .8
4200500119970605   1.4
4200500119970606    .0
4200500119970607    .0
4200500119970608    .0
4200500119970609    .0
4200500119970610    .0
4200500119970611   8.8
4200500119970612    .0
4200500119970613   3.4
4200500119970614    .2
4200500119970615    .0
4200500119970616   8.0
4200500119970617    .1
4200500119970618    .1
4200500119970619   2.2
4200500119970620    .8
4200500119970621  23.6
4200500119970622    .2
4200500119970623    .6
4200500119970624   1.6
4200500119970625    .1
4200500119970626   1.4
4200500119970627    .0
4200500119970628  14.4
4200500119970629   1.0
4200500119970630    .6
4200500119970701    .2
4200500119970702  11.6
4200500119970703   1.6
4200500119970704  18.6
4200500119970705   6.0
4200500119970706    .0
4200500119970707    .2
4200500119970708    .0
4200500119970709    .0
4200500119970710   3.4
4200500119970711   1.2
4200500119970712    .1
4200500119970713    .0
4200500119970714    .8
4200500119970715    .0
4200500119970716    .0
4200500119970717   3.6
4200500119970718    .6
4200500119970719    .2
4200500119970720    .0
4200500119970721    .1
4200500119970722    .0
4200500119970723   6.0
4200500119970724   6.0
4200500119970725   2.2
4200500119970726    .0
4200500119970727    .0
4200500119970728    .0
4200500119970729    .0
4200500119970730    .0
4200500119970731    .0
4200500119970801    .0
4200500119970802    .0
4200500119970803    .0
4200500119970804    .0
4200500119970805  24.6
4200500119970806    .0
4200500119970807    .0
4200500119970808    .0
4200500119970809    .0
4200500119970810    .0
4200500119970811  24.0
4200500119970812    .0
4200500119970813    .0
4200500119970814    .0
4200500119970815    .0
4200500119970816   6.0
4200500119970817    .0
4200500119970818    .0
4200500119970819    .0
4200500119970820    .0
4200500119970821    .0
4200500119970822    .0
4200500119970823    .0
4200500119970824    .0
4200500119970825    .0
4200500119970826    .0
4200500119970827  13.0
4200500119970828   4.1
4200500119970829    .0
4200500119970830    .0
4200500119970831    .0
4200500119970901   3.6
4200500119970902    .0
4200500119970903    .2
4200500119970904    .1
4200500119970905    .0
4200500119970906   1.2
4200500119970907    .2
4200500119970908    .0
4200500119970909    .0
4200500119970910    .0
4200500119970911    .0
4200500119970912  18.8
4200500119970913   3.4
4200500119970914    .2
4200500119970915    .1
4200500119970916    .0
4200500119970917    .0
4200500119970918    .0
4200500119970919    .0
4200500119970920    .0
4200500119970921    .0
4200500119970922    .0
4200500119970923    .4
4200500119970924    .0
4200500119970925    .0
4200500119970926    .0
4200500119970927    .0
4200500119970928    .0
4200500119970929    .0
4200500119970930    .0
4200500119971001    .0
4200500119971002    .0
4200500119971003    .0
4200500119971004    .0
4200500119971005    .0
4200500119971006   4.4
4200500119971007    .0
4200500119971008    .0
4200500119971009    .0
4200500119971010   4.7
4200500119971011    .0
4200500119971012   4.0
4200500119971013   1.0
4200500119971014    .4
4200500119971015   3.0
4200500119971016    .0
4200500119971017    .0
4200500119971018    .0
4200500119971019    .0
4200500119971020    .0
4200500119971021    .0
4200500119971022  10.4
4200500119971023   1.0
4200500119971024    .0
4200500119971025    .2
4200500119971026    .2
4200500119971027    .2
4200500119971028    .0
4200500119971029    .0
4200500119971030    .2
4200500119971031    .2
4200500119971101    .2
4200500119971102    .2
4200500119971103    .2
4200500119971104   6.6
4200500119971105   3.4
4200500119971106    .6
4200500119971107    .0
4200500119971108    .6
4200500119971109    .0
4200500119971110   4.2
4200500119971111   7.4
4200500119971112   3.4
4200500119971113    .0
4200500119971114    .0
4200500119971115    .3
4200500119971116    .4
4200500119971117    .0
4200500119971118    .6
4200500119971119   2.8
4200500119971120    .0
4200500119971121    .0
4200500119971122    .0
4200500119971123    .2
4200500119971124    .2
4200500119971125    .0
4200500119971126    .2
4200500119971127    .9
4200500119971128    .8
4200500119971129    .4
4200500119971130   5.0
4200500119971201    .4
4200500119971202   3.0
4200500119971203   1.4
4200500119971204    .4
4200500119971205    .0
4200500119971206    .0
4200500119971207    .0
4200500119971208    .2
4200500119971209    .0
4200500119971210   4.2
4200500119971211   1.0
4200500119971212   1.4
4200500119971213    .0
4200500119971214    .4
4200500119971215    .2
4200500119971216    .0
4200500119971217    .0
4200500119971218   6.4
4200500119971219   7.2
4200500119971220   4.8
4200500119971221    .4
4200500119971222    .0
4200500119971223    .0
4200500119971224    .4
4200500119971225   2.8
4200500119971226    .4
4200500119971227   2.0
4200500119971228    .0
4200500119971229    .2
4200500119971230    .0
4200500119971231    .0
4200500119980101   2.6
4200500119980102   5.4
4200500119980103   1.4
4200500119980104    .0
4200500119980105   2.6
4200500119980106    .0
4200500119980107    .0
4200500119980108    .0
4200500119980109    .0
4200500119980110    .0
4200500119980111    .0
4200500119980112    .0
4200500119980113   4.6
4200500119980114    .0
4200500119980115   7.2
4200500119980116   2.6
4200500119980117    .0
4200500119980118   6.8
4200500119980119   1.2
4200500119980120    .0
4200500119980121    .0
4200500119980122    .0
4200500119980123    .0
4200500119980124    .0
4200500119980125   5.6
4200500119980126    .0
4200500119980127    .0
4200500119980128    .0
4200500119980129    .0
4200500119980130    .0
4200500119980131    .0
4200500119980201    .0
4200500119980202    .0
4200500119980203    .0
4200500119980204    .0
4200500119980205    .0
4200500119980206    .0
4200500119980207    .0
4200500119980208    .0
4200500119980209    .0
4200500119980210    .0
4200500119980211    .0
4200500119980212    .0
4200500119980213    .0
4200500119980214    .0
4200500119980215    .0
4200500119980216    .0
4200500119980217    .0
4200500119980218    .0
4200500119980219    .0
4200500119980220    .0
4200500119980221   3.6
4200500119980222   3.0
4200500119980223   4.4
4200500119980224    .0
4200500119980225    .0
4200500119980226    .0
4200500119980227    .0
4200500119980228    .4
4200500119980301    .4
4200500119980302    .0
4200500119980303    .0
4200500119980304   1.0
4200500119980305    .0
4200500119980306    .0
4200500119980307    .1
4200500119980308   9.8
4200500119980309    .0
4200500119980310   1.8
4200500119980311   4.2
4200500119980312    .4
4200500119980313    .0
4200500119980314    .0
4200500119980315    .0
4200500119980316    .0
4200500119980317    .0
4200500119980318    .0
4200500119980319    .0
4200500119980320    .0
4200500119980321    .0
4200500119980322    .0
4200500119980323   1.4
4200500119980324    .0
4200500119980325    .0
4200500119980326    .0
4200500119980327    .0
4200500119980328    .0
4200500119980329    .0
4200500119980330    .0
4200500119980331    .1
4200500119980401   5.6
4200500119980402    .0
4200500119980403   7.2
4200500119980404    .0
4200500119980405    .0
4200500119980406    .5
4200500119980407   4.0
4200500119980408    .0
4200500119980409   1.6
4200500119980410    .8
4200500119980411   1.0
4200500119980412   1.0
4200500119980413   1.8
4200500119980414   1.2
4200500119980415   4.4
4200500119980416    .0
4200500119980417   2.8
4200500119980418    .8
4200500119980419    .0
4200500119980420    .8
4200500119980421    .0
4200500119980422    .0
4200500119980423    .0
4200500119980424    .0
4200500119980425    .0
4200500119980426  23.2
4200500119980427   5.0
4200500119980428    .0
4200500119980429  14.4
4200500119980430   2.0
4200500119980501    .6
4200500119980502  11.6
4200500119980503    .0
4200500119980504    .0
4200500119980505    .0
4200500119980506    .0
4200500119980507    .0
4200500119980508    .0
4200500119980509    .0
4200500119980510    .0
4200500119980511    .0
4200500119980512    .0
4200500119980513    .0
4200500119980514    .0
4200500119980515    .0
4200500119980516    .0
4200500119980517    .0
4200500119980518    .0
4200500119980519    .0
4200500119980520    .0
4200500119980521    .0
4200500119980522    .0
4200500119980523    .0
4200500119980524    .0
4200500119980525    .0
4200500119980526    .0
4200500119980527  43.4
4200500119980528  22.8
4200500119980529    .2
4200500119980530   8.4
4200500119980531  28.4
4200500119980601    .0
4200500119980602   1.0
4200500119980603   2.6
4200500119980604    .2
4200500119980605    .0
4200500119980606   1.8
4200500119980607   3.4
4200500119980608    .0
4200500119980609    .0
4200500119980610   5.4
4200500119980611   4.2
4200500119980612   2.0
4200500119980613    .0
4200500119980614   1.0
4200500119980615    .8
4200500119980616    .0
4200500119980617    .0
4200500119980618    .0
4200500119980619    .0
4200500119980620    .0
4200500119980621    .0
4200500119980622    .0
4200500119980623    .0
4200500119980624    .0
4200500119980625   1.4
4200500119980626   9.4
4200500119980627  30.4
4200500119980628    .0
4200500119980629    .0
4200500119980630    .0
4200500119980701  28.6
4200500119980702  19.0
4200500119980703   2.4
4200500119980704    .0
4200500119980705    .0
4200500119980706    .7
4200500119980707   1.0
4200500119980708    .0
4200500119980709    .0
4200500119980710    .0
4200500119980711    .0
4200500119980712    .0
4200500119980713   5.8
4200500119980714    .2
4200500119980715    .0
4200500119980716    .0
4200500119980717    .1
4200500119980718    .0
4200500119980719   8.6
4200500119980720    .0
4200500119980721    .0
4200500119980722    .0
4200500119980723    .0
4200500119980724    .0
4200500119980725    .0
4200500119980726    .4
4200500119980727   7.0
4200500119980728    .0
4200500119980729    .0
4200500119980730    .0
4200500119980731   2.0
4200500119980801  26.0
4200500119980802   4.6
4200500119980803    .0
4200500119980804    .0
4200500119980805    .0
4200500119980806    .0
4200500119980807    .0
4200500119980808    .0
4200500119980809    .0
4200500119980810    .0
4200500119980811    .0
4200500119980812   3.0
4200500119980813    .0
4200500119980814    .0
4200500119980815    .0
4200500119980816    .0
4200500119980817    .0
4200500119980818    .0
4200500119980819    .0
4200500119980820    .0
4200500119980821   2.4
4200500119980822   1.2
4200500119980823    .6
4200500119980824   1.8
4200500119980825    .0
4200500119980826    .0
4200500119980827    .0
4200500119980828    .0
4200500119980829    .0
4200500119980830    .0
4200500119980831    .0
4200500119980901    .0
4200500119980902   2.2
4200500119980903    .0
4200500119980904  26.8
4200500119980905    .4
4200500119980906    .0
4200500119980907  26.4
4200500119980908    .0
4200500119980909    .0
4200500119980910  17.4
4200500119980911   3.6
4200500119980912   2.4
4200500119980913   2.2
4200500119980914    .4
4200500119980915    .0
4200500119980916    .0
4200500119980917    .1
4200500119980918    .1
4200500119980919    .1
4200500119980920    .0
4200500119980921    .1
4200500119980922    .0
4200500119980923    .0
4200500119980924   1.6
4200500119980925    .0
4200500119980926  11.0
4200500119980927   1.2
4200500119980928   1.6
4200500119980929  12.0
4200500119980930    .8
4200500119981001   2.8
4200500119981002   6.6
4200500119981003    .0
4200500119981004   7.2
4200500119981005   2.0
4200500119981006  11.8
4200500119981007    .2
4200500119981008    .5
4200500119981009   2.2
4200500119981010   3.4
4200500119981011    .4
4200500119981012    .2
4200500119981013    .0
4200500119981014    .0
4200500119981015    .0
4200500119981016    .0
4200500119981017    .8
4200500119981018    .0
4200500119981019    .0
4200500119981020    .1
4200500119981021    .0
4200500119981022    .0
4200500119981023    .0
4200500119981024   5.4
4200500119981025   1.0
4200500119981026   1.8
4200500119981027    .0
4200500119981028    .0
4200500119981029   2.6
4200500119981030   1.2
4200500119981031   1.0
4200500119981101   4.0
4200500119981102    .0
4200500119981103   7.6
4200500119981104   1.4
4200500119981105    .0
4200500119981106    .0
4200500119981107    .0
4200500119981108    .0
4200500119981109   3.2
4200500119981110   6.6
4200500119981111    .0
4200500119981112   1.2
4200500119981113   1.6
4200500119981114    .2
4200500119981115    .2
4200500119981116    .8
4200500119981117    .0
4200500119981118    .0
4200500119981119    .0
4200500119981120    .0
4200500119981121    .0
4200500119981122    .0
4200500119981123    .0
4200500119981124    .0
4200500119981125   1.4
4200500119981126    .2
4200500119981127   5.0
4200500119981128   7.8
4200500119981129  10.6
4200500119981130    .6
4200500119981201    .0
4200500119981202    .0
4200500119981203    .0
4200500119981204    .0
4200500119981205   1.7
4200500119981206   1.2
4200500119981207    .0
4200500119981208    .0
4200500119981209    .0
4200500119981210  10.4
4200500119981211    .2
4200500119981212   1.1
4200500119981213    .0
4200500119981214    .2
4200500119981215    .3
4200500119981216    .2
4200500119981217    .0
4200500119981218    .0
4200500119981219    .0
4200500119981220   5.6
4200500119981221    .1
4200500119981222    .0
4200500119981223    .0
4200500119981224    .2
4200500119981225    .0
4200500119981226    .0
4200500119981227    .0
4200500119981228    .0
4200500119981229    .0
4200500119981230    .0
4200500119981231    .0
