4306200119940101    .6
4306200119940102  13.6
4306200119940103   1.0
4306200119940104    .8
4306200119940105    .4
4306200119940106  23.0
4306200119940107  21.1
4306200119940108    .0
4306200119940109    .0
4306200119940110  10.4
4306200119940111    .0
4306200119940112    .0
4306200119940113    .0
4306200119940114    .2
4306200119940115    .0
4306200119940116   2.0
4306200119940117    .1
4306200119940118    .0
4306200119940119    .0
4306200119940120    .0
4306200119940121    .0
4306200119940122    .0
4306200119940123    .2
4306200119940124    .6
4306200119940125    .0
4306200119940126    .0
4306200119940127    .4
4306200119940128    .2
4306200119940129    .0
4306200119940130    .0
4306200119940131    .0
4306200119940201    .0
4306200119940202    .0
4306200119940203  17.4
4306200119940204  27.0
4306200119940205  13.4
4306200119940206    .2
4306200119940207    .0
4306200119940208    .4
4306200119940209    .4
4306200119940210    .0
4306200119940211   6.9
4306200119940212    .0
4306200119940213   1.0
4306200119940214    .6
4306200119940215    .0
4306200119940216    .0
4306200119940217    .0
4306200119940218    .2
4306200119940219   2.0
4306200119940220   3.4
4306200119940221    .0
4306200119940222    .0
4306200119940223    .6
4306200119940224   2.4
4306200119940225    .0
4306200119940226    .0
4306200119940227    .4
4306200119940228    .2
4306200119940301    .2
4306200119940302   1.2
4306200119940303   1.0
4306200119940304    .0
4306200119940305    .0
4306200119940306    .6
4306200119940307    .0
4306200119940308    .0
4306200119940309    .0
4306200119940310    .0
4306200119940311    .0
4306200119940312    .4
4306200119940313    .0
4306200119940314    .0
4306200119940315    .0
4306200119940316    .0
4306200119940317    .0
4306200119940318    .0
4306200119940319    .0
4306200119940320    .0
4306200119940321   2.0
4306200119940322    .0
4306200119940323    .0
4306200119940324    .0
4306200119940325    .2
4306200119940326    .6
4306200119940327    .0
4306200119940328    .0
4306200119940329    .0
4306200119940330    .0
4306200119940331    .0
4306200119940401   5.6
4306200119940402   2.8
4306200119940403   2.2
4306200119940404   6.6
4306200119940405   3.8
4306200119940406   6.8
4306200119940407  13.6
4306200119940408    .0
4306200119940409   7.0
4306200119940410   3.4
4306200119940411    .0
4306200119940412    .0
4306200119940413    .0
4306200119940414   2.0
4306200119940415    .0
4306200119940416   1.6
4306200119940417   3.4
4306200119940418    .0
4306200119940419    .0
4306200119940420    .0
4306200119940421    .0
4306200119940422    .0
4306200119940423    .0
4306200119940424  15.6
4306200119940425    .0
4306200119940426    .6
4306200119940427    .2
4306200119940428    .0
4306200119940429    .0
4306200119940430    .0
4306200119940501    .0
4306200119940502    .0
4306200119940503    .0
4306200119940504    .6
4306200119940505    .0
4306200119940506    .0
4306200119940507   1.6
4306200119940508  18.6
4306200119940509    .2
4306200119940510    .0
4306200119940511   6.0
4306200119940512   1.4
4306200119940513   5.0
4306200119940514   7.2
4306200119940515    .0
4306200119940516   5.4
4306200119940517   9.4
4306200119940518   5.4
4306200119940519   3.6
4306200119940520    .0
4306200119940521   4.8
4306200119940522  13.4
4306200119940523  27.0
4306200119940524   7.2
4306200119940525   1.0
4306200119940526    .4
4306200119940527    .0
4306200119940528   4.4
4306200119940529    .0
4306200119940530    .0
4306200119940531    .0
4306200119940601    .0
4306200119940602    .4
4306200119940603   1.6
4306200119940604    .0
4306200119940605    .0
4306200119940606    .0
4306200119940607    .0
4306200119940608   9.0
4306200119940609    .0
4306200119940610    .6
4306200119940611    .2
4306200119940612    .0
4306200119940613    .0
4306200119940614    .0
4306200119940615    .0
4306200119940616    .0
4306200119940617    .0
4306200119940618    .0
4306200119940619  23.0
4306200119940620    .0
4306200119940621    .0
4306200119940622    .0
4306200119940623    .0
4306200119940624    .0
4306200119940625   9.2
4306200119940626    .2
4306200119940627   1.8
4306200119940628    .0
4306200119940629    .0
4306200119940630    .0
4306200119940701    .0
4306200119940702    .0
4306200119940703    .0
4306200119940704    .0
4306200119940705    .0
4306200119940706    .0
4306200119940707    .0
4306200119940708    .0
4306200119940709    .0
4306200119940710    .0
4306200119940711    .0
4306200119940712    .0
4306200119940713    .0
4306200119940714    .0
4306200119940715    .0
4306200119940716   2.2
4306200119940717    .0
4306200119940718    .2
4306200119940719    .0
4306200119940720    .0
4306200119940721    .0
4306200119940722    .0
4306200119940723  10.7
4306200119940724   3.2
4306200119940725    .4
4306200119940726    .0
4306200119940727    .0
4306200119940728  13.6
4306200119940729   1.8
4306200119940730    .0
4306200119940731    .4
4306200119940801   1.2
4306200119940802    .0
4306200119940803    .0
4306200119940804    .0
4306200119940805    .0
4306200119940806   3.2
4306200119940807   2.4
4306200119940808    .2
4306200119940809    .0
4306200119940810   4.4
4306200119940811    .4
4306200119940812   3.8
4306200119940813   3.0
4306200119940814    .0
4306200119940815    .0
4306200119940816    .8
4306200119940817    .1
4306200119940818    .0
4306200119940819    .0
4306200119940820    .0
4306200119940821    .6
4306200119940822    .0
4306200119940823   1.2
4306200119940824    .0
4306200119940825    .6
4306200119940826    .0
4306200119940827    .0
4306200119940828    .0
4306200119940829    .0
4306200119940830   2.8
4306200119940831   3.4
4306200119940901   5.4
4306200119940902    .2
4306200119940903    .0
4306200119940904    .0
4306200119940905    .0
4306200119940906    .0
4306200119940907  22.0
4306200119940908  13.6
4306200119940909    .4
4306200119940910    .0
4306200119940911    .2
4306200119940912  21.2
4306200119940913  11.8
4306200119940914    .4
4306200119940915   3.6
4306200119940916  13.4
4306200119940917    .4
4306200119940918    .0
4306200119940919   1.4
4306200119940920   2.6
4306200119940921   5.0
4306200119940922  50.0
4306200119940923  18.8
4306200119940924    .0
4306200119940925    .0
4306200119940926    .0
4306200119940927    .8
4306200119940928    .0
4306200119940929   9.0
4306200119940930   1.2
4306200119941001   5.2
4306200119941002    .2
4306200119941003    .6
4306200119941004    .0
4306200119941005    .0
4306200119941006    .0
4306200119941007    .0
4306200119941008    .0
4306200119941009    .0
4306200119941010    .0
4306200119941011    .0
4306200119941012   1.0
4306200119941013    .0
4306200119941014    .0
4306200119941015    .0
4306200119941016    .0
4306200119941017    .0
4306200119941018    .0
4306200119941019  35.2
4306200119941020  40.4
4306200119941021    .6
4306200119941022   1.0
4306200119941023   2.2
4306200119941024    .2
4306200119941025   1.0
4306200119941026   1.4
4306200119941027  21.2
4306200119941028   6.0
4306200119941029    .0
4306200119941030    .0
4306200119941031    .0
4306200119941101    .0
4306200119941102    .0
4306200119941103  10.6
4306200119941104  29.8
4306200119941105   6.0
4306200119941106    .0
4306200119941107   3.4
4306200119941108    .0
4306200119941109   2.6
4306200119941110  14.2
4306200119941111    .8
4306200119941112    .0
4306200119941113    .0
4306200119941114    .0
4306200119941115   1.2
4306200119941116   4.2
4306200119941117    .2
4306200119941118   2.6
4306200119941119    .0
4306200119941120    .0
4306200119941121    .0
4306200119941122    .0
4306200119941123    .0
4306200119941124    .0
4306200119941125    .0
4306200119941126    .0
4306200119941127    .4
4306200119941128    .0
4306200119941129    .0
4306200119941130    .0
4306200119941201    .0
4306200119941202    .0
4306200119941203    .0
4306200119941204    .0
4306200119941205    .8
4306200119941206    .0
4306200119941207    .0
4306200119941208    .0
4306200119941209    .6
4306200119941210    .0
4306200119941211    .0
4306200119941212    .0
4306200119941213    .0
4306200119941214    .0
4306200119941215    .0
4306200119941216    .0
4306200119941217    .0
4306200119941218   1.0
4306200119941219    .4
4306200119941220    .2
4306200119941221    .6
4306200119941222    .0
4306200119941223    .0
4306200119941224    .0
4306200119941225    .0
4306200119941226    .2
4306200119941227   1.6
4306200119941228    .0
4306200119941229   2.8
4306200119941230   7.4
4306200119941231    .0
4306200119950101    .2
4306200119950102    .2
4306200119950103    .0
4306200119950104    .0
4306200119950105   3.2
4306200119950106   1.8
4306200119950107    .1
4306200119950108   2.0
4306200119950109    .0
4306200119950110   7.2
4306200119950111   6.2
4306200119950112    .0
4306200119950113    .0
4306200119950114    .0
4306200119950115    .0
4306200119950116    .0
4306200119950117    .0
4306200119950118  11.8
4306200119950119    .0
4306200119950120   2.4
4306200119950121    .0
4306200119950122    .0
4306200119950123   4.6
4306200119950124    .2
4306200119950125    .0
4306200119950126   3.8
4306200119950127    .0
4306200119950128   1.2
4306200119950129   3.0
4306200119950130   2.4
4306200119950131    .0
4306200119950201    .0
4306200119950202    .0
4306200119950203    .0
4306200119950204    .2
4306200119950205    .2
4306200119950206    .0
4306200119950207    .0
4306200119950208   3.2
4306200119950209    .8
4306200119950210   2.2
4306200119950211   2.0
4306200119950212    .0
4306200119950213   4.8
4306200119950214    .6
4306200119950215   3.2
4306200119950216    .4
4306200119950217   7.6
4306200119950218   1.2
4306200119950219    .0
4306200119950220    .0
4306200119950221   2.8
4306200119950222    .0
4306200119950223    .8
4306200119950224  13.8
4306200119950225   5.2
4306200119950226    .8
4306200119950227    .0
4306200119950228    .0
4306200119950301    .0
4306200119950302    .0
4306200119950303   2.0
4306200119950304    .4
4306200119950305   4.4
4306200119950306   1.2
4306200119950307    .0
4306200119950308   1.2
4306200119950309    .0
4306200119950310    .0
4306200119950311    .0
4306200119950312    .0
4306200119950313    .0
4306200119950314    .0
4306200119950315   1.0
4306200119950316    .0
4306200119950317    .0
4306200119950318    .2
4306200119950319   3.0
4306200119950320    .0
4306200119950321    .0
4306200119950322    .0
4306200119950323    .0
4306200119950324    .0
4306200119950325    .0
4306200119950326    .0
4306200119950327   4.1
4306200119950328   8.8
4306200119950329   2.0
4306200119950330    .0
4306200119950331    .0
4306200119950401    .0
4306200119950402    .0
4306200119950403    .0
4306200119950404    .0
4306200119950405   7.8
4306200119950406    .2
4306200119950407    .0
4306200119950408    .0
4306200119950409    .0
4306200119950410    .0
4306200119950411    .0
4306200119950412    .0
4306200119950413    .0
4306200119950414    .0
4306200119950415    .2
4306200119950416    .0
4306200119950417    .0
4306200119950418    .0
4306200119950419   2.2
4306200119950420    .0
4306200119950421  17.0
4306200119950422    .0
4306200119950423  13.0
4306200119950424  14.4
4306200119950425   8.8
4306200119950426    .2
4306200119950427    .8
4306200119950428    .0
4306200119950429   9.2
4306200119950430    .4
4306200119950501    .0
4306200119950502    .0
4306200119950503    .0
4306200119950504    .0
4306200119950505    .0
4306200119950506    .0
4306200119950507    .2
4306200119950508    .0
4306200119950509    .0
4306200119950510    .0
4306200119950511   3.6
4306200119950512  16.0
4306200119950513   1.8
4306200119950514    .0
4306200119950515   1.6
4306200119950516   1.0
4306200119950517    .2
4306200119950518   2.6
4306200119950519    .0
4306200119950520    .0
4306200119950521    .0
4306200119950522    .0
4306200119950523    .0
4306200119950524    .0
4306200119950525  10.0
4306200119950526    .4
4306200119950527    .0
4306200119950528    .0
4306200119950529   9.2
4306200119950530    .2
4306200119950531   3.4
4306200119950601    .0
4306200119950602    .8
4306200119950603    .0
4306200119950604    .0
4306200119950605    .0
4306200119950606    .0
4306200119950607    .0
4306200119950608    .0
4306200119950609    .0
4306200119950610   3.0
4306200119950611   1.0
4306200119950612    .8
4306200119950613    .0
4306200119950614    .0
4306200119950615    .0
4306200119950616    .0
4306200119950617    .0
4306200119950618   2.0
4306200119950619    .0
4306200119950620    .0
4306200119950621  18.8
4306200119950622    .0
4306200119950623    .0
4306200119950624    .0
4306200119950625    .0
4306200119950626    .0
4306200119950627    .0
4306200119950628   7.0
4306200119950629    .0
4306200119950630   2.6
4306200119950701  27.8
4306200119950702   8.0
4306200119950703    .4
4306200119950704    .2
4306200119950705    .0
4306200119950706    .0
4306200119950707    .4
4306200119950708    .0
4306200119950709    .0
4306200119950710    .0
4306200119950711  14.4
4306200119950712    .0
4306200119950713  27.4
4306200119950714    .0
4306200119950715    .0
4306200119950716   1.2
4306200119950717    .0
4306200119950718    .0
4306200119950719    .0
4306200119950720    .0
4306200119950721    .0
4306200119950722    .2
4306200119950723    .0
4306200119950724    .0
4306200119950725    .0
4306200119950726    .0
4306200119950727    .0
4306200119950728    .0
4306200119950729    .0
4306200119950730    .0
4306200119950731    .6
4306200119950801    .0
4306200119950802    .0
4306200119950803    .0
4306200119950804   3.8
4306200119950805   2.0
4306200119950806   9.8
4306200119950807    .0
4306200119950808   2.8
4306200119950809    .0
4306200119950810    .2
4306200119950811    .6
4306200119950812    .0
4306200119950813    .0
4306200119950814    .8
4306200119950815    .0
4306200119950816    .0
4306200119950817    .0
4306200119950818    .0
4306200119950819    .2
4306200119950820    .0
4306200119950821    .6
4306200119950822   3.0
4306200119950823  14.4
4306200119950824   1.8
4306200119950825    .0
4306200119950826    .0
4306200119950827    .6
4306200119950828    .0
4306200119950829    .0
4306200119950830    .0
4306200119950831    .0
4306200119950901    .0
4306200119950902    .0
4306200119950903    .4
4306200119950904    .0
4306200119950905    .0
4306200119950906    .0
4306200119950907  11.2
4306200119950908   1.8
4306200119950909    .2
4306200119950910  10.6
4306200119950911   6.0
4306200119950912  24.0
4306200119950913    .2
4306200119950914   1.2
4306200119950915   1.2
4306200119950916   1.2
4306200119950917  17.2
4306200119950918  26.6
4306200119950919  11.0
4306200119950920   6.2
4306200119950921    .0
4306200119950922    .0
4306200119950923    .0
4306200119950924   3.6
4306200119950925    .8
4306200119950926    .0
4306200119950927    .2
4306200119950928    .0
4306200119950929    .0
4306200119950930    .0
4306200119951001    .0
4306200119951002   7.6
4306200119951003    .0
4306200119951004  16.2
4306200119951005   8.6
4306200119951006    .2
4306200119951007    .0
4306200119951008    .0
4306200119951009    .0
4306200119951010    .0
4306200119951011    .0
4306200119951012    .0
4306200119951013    .8
4306200119951014    .2
4306200119951015    .6
4306200119951016    .0
4306200119951017    .0
4306200119951018    .0
4306200119951019    .4
4306200119951020    .0
4306200119951021    .0
4306200119951022    .0
4306200119951023    .0
4306200119951024    .0
4306200119951025    .0
4306200119951026    .2
4306200119951027    .4
4306200119951028   3.2
4306200119951029   6.0
4306200119951030    .8
4306200119951031    .0
4306200119951101    .0
4306200119951102    .0
4306200119951103    .0
4306200119951104    .2
4306200119951105    .0
4306200119951106    .0
4306200119951107    .0
4306200119951108    .0
4306200119951109    .0
4306200119951110    .0
4306200119951111    .0
4306200119951112  18.8
4306200119951113    .0
4306200119951114    .0
4306200119951115    .4
4306200119951116    .2
4306200119951117  11.6
4306200119951118    .0
4306200119951119    .0
4306200119951120    .0
4306200119951121    .0
4306200119951122  11.0
4306200119951123   1.0
4306200119951124    .0
4306200119951125    .0
4306200119951126  27.6
4306200119951127    .0
4306200119951128    .0
4306200119951129    .0
4306200119951130    .0
4306200119951201    .2
4306200119951202   2.8
4306200119951203   1.6
4306200119951204    .2
4306200119951205    .0
4306200119951206    .0
4306200119951207    .2
4306200119951208    .4
4306200119951209    .0
4306200119951210    .0
4306200119951211    .0
4306200119951212    .0
4306200119951213    .8
4306200119951214    .6
4306200119951215    .8
4306200119951216   1.2
4306200119951217   3.6
4306200119951218    .4
4306200119951219    .0
4306200119951220    .0
4306200119951221    .0
4306200119951222   1.2
4306200119951223    .2
4306200119951224   3.6
4306200119951225   4.6
4306200119951226   5.4
4306200119951227    .0
4306200119951228   4.6
4306200119951229    .4
4306200119951230   3.6
4306200119951231    .8
4306200119960101   8.2
4306200119960102   6.0
4306200119960103    .0
4306200119960104    .0
4306200119960105   7.0
4306200119960106   7.2
4306200119960107   1.8
4306200119960108    .0
4306200119960109   1.0
4306200119960110  17.0
4306200119960111    .0
4306200119960112  10.0
4306200119960113    .0
4306200119960114    .0
4306200119960115    .0
4306200119960116    .0
4306200119960117    .0
4306200119960118    .0
4306200119960119    .0
4306200119960120    .0
4306200119960121    .0
4306200119960122    .0
4306200119960123   1.0
4306200119960124    .0
4306200119960125   1.6
4306200119960126    .4
4306200119960127    .0
4306200119960128    .2
4306200119960129    .0
4306200119960130    .0
4306200119960131    .0
4306200119960201    .0
4306200119960202   5.8
4306200119960203   1.8
4306200119960204    .1
4306200119960205    .2
4306200119960206   2.4
4306200119960207   4.2
4306200119960208    .4
4306200119960209    .0
4306200119960210    .2
4306200119960211    .4
4306200119960212   4.2
4306200119960213    .8
4306200119960214    .2
4306200119960215    .0
4306200119960216    .0
4306200119960217    .0
4306200119960218   4.8
4306200119960219   1.4
4306200119960220    .2
4306200119960221    .1
4306200119960222    .0
4306200119960223    .0
4306200119960224    .0
4306200119960225    .0
4306200119960226   2.0
4306200119960227  12.2
4306200119960228    .0
4306200119960229    .0
4306200119960301    .0
4306200119960302    .0
4306200119960303    .0
4306200119960304    .0
4306200119960305    .0
4306200119960306    .0
4306200119960307    .0
4306200119960308    .0
4306200119960309    .0
4306200119960310    .0
4306200119960311    .0
4306200119960312    .0
4306200119960313    .2
4306200119960314   5.8
4306200119960315  12.4
4306200119960316   3.0
4306200119960317   1.4
4306200119960318    .0
4306200119960319    .0
4306200119960320    .0
4306200119960321    .0
4306200119960322    .0
4306200119960323    .0
4306200119960324    .0
4306200119960325    .0
4306200119960326    .6
4306200119960327    .0
4306200119960328    .0
4306200119960329    .0
4306200119960330    .0
4306200119960331    .0
4306200119960401   8.6
4306200119960402    .2
4306200119960403    .0
4306200119960404    .0
4306200119960405    .0
4306200119960406    .0
4306200119960407    .0
4306200119960408    .0
4306200119960409    .0
4306200119960410    .0
4306200119960411    .0
4306200119960412    .0
4306200119960413   2.2
4306200119960414    .0
4306200119960415    .0
4306200119960416    .8
4306200119960417   8.2
4306200119960418    .0
4306200119960419    .0
4306200119960420    .0
4306200119960421    .0
4306200119960422    .2
4306200119960423  14.4
4306200119960424    .0
4306200119960425    .0
4306200119960426    .0
4306200119960427   2.0
4306200119960428   3.4
4306200119960429  13.2
4306200119960430   1.8
4306200119960501   3.8
4306200119960502   3.4
4306200119960503    .6
4306200119960504    .0
4306200119960505    .0
4306200119960506    .0
4306200119960507    .4
4306200119960508   1.8
4306200119960509   7.2
4306200119960510    .0
4306200119960511   2.6
4306200119960512    .0
4306200119960513    .2
4306200119960514    .0
4306200119960515    .0
4306200119960516    .0
4306200119960517    .0
4306200119960518  30.8
4306200119960519    .0
4306200119960520    .6
4306200119960521   1.4
4306200119960522    .0
4306200119960523    .0
4306200119960524   1.4
4306200119960525    .0
4306200119960526    .2
4306200119960527    .4
4306200119960528    .0
4306200119960529    .0
4306200119960530    .0
4306200119960531    .0
4306200119960601  17.6
4306200119960602  33.0
4306200119960603    .2
4306200119960604    .0
4306200119960605    .0
4306200119960606    .0
4306200119960607    .0
4306200119960608    .0
4306200119960609    .0
4306200119960610    .8
4306200119960611    .0
4306200119960612    .8
4306200119960613    .0
4306200119960614    .0
4306200119960615    .0
4306200119960616    .0
4306200119960617    .0
4306200119960618   1.6
4306200119960619    .0
4306200119960620    .4
4306200119960621   8.0
4306200119960622    .0
4306200119960623   2.4
4306200119960624    .0
4306200119960625    .0
4306200119960626    .0
4306200119960627    .0
4306200119960628    .0
4306200119960629    .0
4306200119960630    .0
4306200119960701    .0
4306200119960702    .8
4306200119960703    .0
4306200119960704   5.8
4306200119960705  25.4
4306200119960706    .4
4306200119960707  25.0
4306200119960708   2.2
4306200119960709    .0
4306200119960710    .0
4306200119960711    .0
4306200119960712    .0
4306200119960713    .2
4306200119960714    .0
4306200119960715    .0
4306200119960716    .0
4306200119960717    .0
4306200119960718    .0
4306200119960719    .0
4306200119960720    .0
4306200119960721    .0
4306200119960722    .0
4306200119960723    .4
4306200119960724    .2
4306200119960725    .0
4306200119960726   1.2
4306200119960727    .4
4306200119960728    .0
4306200119960729    .2
4306200119960730    .0
4306200119960731    .0
4306200119960801    .0
4306200119960802   7.8
4306200119960803   1.0
4306200119960804    .0
4306200119960805   3.4
4306200119960806  17.6
4306200119960807    .2
4306200119960808    .2
4306200119960809    .0
4306200119960810  19.4
4306200119960811   3.8
4306200119960812    .8
4306200119960813    .0
4306200119960814    .2
4306200119960815    .0
4306200119960816    .2
4306200119960817    .0
4306200119960818    .0
4306200119960819    .0
4306200119960820   3.6
4306200119960821  12.6
4306200119960822    .2
4306200119960823    .0
4306200119960824    .0
4306200119960825    .2
4306200119960826   1.6
4306200119960827   5.8
4306200119960828    .0
4306200119960829    .0
4306200119960830    .0
4306200119960831    .0
4306200119960901    .0
4306200119960902    .0
4306200119960903    .0
4306200119960904    .0
4306200119960905    .0
4306200119960906    .0
4306200119960907    .0
4306200119960908    .0
4306200119960909    .0
4306200119960910    .0
4306200119960911    .0
4306200119960912    .0
4306200119960913    .0
4306200119960914    .0
4306200119960915    .0
4306200119960916    .0
4306200119960917   8.8
4306200119960918    .8
4306200119960919  11.6
4306200119960920    .2
4306200119960921  15.6
4306200119960922   4.4
4306200119960923    .0
4306200119960924    .8
4306200119960925   2.8
4306200119960926    .2
4306200119960927    .2
4306200119960928    .2
4306200119960929    .0
4306200119960930    .0
4306200119961001  14.4
4306200119961002   1.0
4306200119961003    .0
4306200119961004   1.2
4306200119961005    .0
4306200119961006    .0
4306200119961007    .2
4306200119961008    .2
4306200119961009    .2
4306200119961010    .0
4306200119961011    .0
4306200119961012    .0
4306200119961013    .0
4306200119961014  14.6
4306200119961015  14.8
4306200119961016    .0
4306200119961017    .0
4306200119961018    .0
4306200119961019    .2
4306200119961020    .0
4306200119961021    .4
4306200119961022    .0
4306200119961023    .0
4306200119961024    .0
4306200119961025    .0
4306200119961026    .0
4306200119961027    .0
4306200119961028   1.4
4306200119961029    .8
4306200119961030    .0
4306200119961031    .0
4306200119961101    .0
4306200119961102    .0
4306200119961103    .0
4306200119961104   8.6
4306200119961105    .2
4306200119961106    .0
4306200119961107   1.8
4306200119961108    .0
4306200119961109    .0
4306200119961110   1.0
4306200119961111  13.4
4306200119961112  56.8
4306200119961113    .4
4306200119961114    .2
4306200119961115   3.6
4306200119961116    .8
4306200119961117  15.6
4306200119961118    .6
4306200119961119  14.4
4306200119961120   3.2
4306200119961121  11.8
4306200119961122    .0
4306200119961123    .2
4306200119961124   4.0
4306200119961125  18.4
4306200119961126    .4
4306200119961127   2.4
4306200119961128    .2
4306200119961129   9.4
4306200119961130  14.4
4306200119961201    .2
4306200119961202    .0
4306200119961203    .0
4306200119961204    .0
4306200119961205    .2
4306200119961206   3.2
4306200119961207    .6
4306200119961208    .0
4306200119961209    .0
4306200119961210    .0
4306200119961211    .0
4306200119961212    .2
4306200119961213   2.2
4306200119961214   4.8
4306200119961215    .0
4306200119961216    .0
4306200119961217    .0
4306200119961218    .0
4306200119961219   8.0
4306200119961220    .0
4306200119961221    .4
4306200119961222   2.8
4306200119961223   1.0
4306200119961224    .2
4306200119961225    .8
4306200119961226    .0
4306200119961227    .0
4306200119961228    .0
4306200119961229    .0
4306200119961230    .0
4306200119961231   1.0
4306200119970101    .2
4306200119970102  13.4
4306200119970103   7.2
4306200119970104   6.6
4306200119970105   5.0
4306200119970106    .0
4306200119970107    .0
4306200119970108    .2
4306200119970109   1.8
4306200119970110    .0
4306200119970111    .0
4306200119970112    .0
4306200119970113    .0
4306200119970114    .0
4306200119970115    .0
4306200119970116    .0
4306200119970117    .0
4306200119970118    .0
4306200119970119  16.2
4306200119970120  10.0
4306200119970121    .0
4306200119970122    .0
4306200119970123    .0
4306200119970124   1.4
4306200119970125    .0
4306200119970126    .0
4306200119970127    .0
4306200119970128    .0
4306200119970129    .0
4306200119970130    .0
4306200119970131    .0
4306200119970201    .0
4306200119970202    .0
4306200119970203    .2
4306200119970204    .0
4306200119970205   1.6
4306200119970206    .0
4306200119970207    .0
4306200119970208    .0
4306200119970209    .0
4306200119970210    .0
4306200119970211    .2
4306200119970212    .4
4306200119970213    .4
4306200119970214  10.0
4306200119970215    .8
4306200119970216    .0
4306200119970217    .0
4306200119970218    .2
4306200119970219    .0
4306200119970220    .0
4306200119970221    .0
4306200119970222    .0
4306200119970223    .0
4306200119970224    .0
4306200119970225    .8
4306200119970226   2.8
4306200119970227    .0
4306200119970228    .0
4306200119970301    .0
4306200119970302    .0
4306200119970303    .0
4306200119970304    .0
4306200119970305    .4
4306200119970306    .2
4306200119970307    .0
4306200119970308    .0
4306200119970309    .0
4306200119970310    .0
4306200119970311    .0
4306200119970312    .0
4306200119970313    .0
4306200119970314    .0
4306200119970315    .0
4306200119970316    .0
4306200119970317    .0
4306200119970318   1.2
4306200119970319    .4
4306200119970320    .0
4306200119970321    .0
4306200119970322    .0
4306200119970323   1.6
4306200119970324    .0
4306200119970325    .2
4306200119970326    .0
4306200119970327    .0
4306200119970328    .0
4306200119970329    .0
4306200119970330    .0
4306200119970331    .0
4306200119970401    .0
4306200119970402    .0
4306200119970403    .0
4306200119970404    .0
4306200119970405    .0
4306200119970406    .0
4306200119970407    .0
4306200119970408    .0
4306200119970409    .0
4306200119970410    .0
4306200119970411    .0
4306200119970412    .0
4306200119970413    .0
4306200119970414    .0
4306200119970415    .0
4306200119970416    .0
4306200119970417    .0
4306200119970418    .0
4306200119970419   1.0
4306200119970420    .0
4306200119970421    .0
4306200119970422    .0
4306200119970423    .0
4306200119970424    .0
4306200119970425    .0
4306200119970426   8.4
4306200119970427   4.6
4306200119970428    .2
4306200119970429   1.4
4306200119970430    .0
4306200119970501    .0
4306200119970502    .0
4306200119970503   1.2
4306200119970504  11.8
4306200119970505  18.8
4306200119970506   3.6
4306200119970507    .4
4306200119970508    .8
4306200119970509   1.8
4306200119970510    .0
4306200119970511  17.8
4306200119970512  16.6
4306200119970513    .2
4306200119970514    .0
4306200119970515    .0
4306200119970516    .0
4306200119970517    .2
4306200119970518    .0
4306200119970519   1.6
4306200119970520    .2
4306200119970521    .2
4306200119970522    .0
4306200119970523    .0
4306200119970524    .0
4306200119970525    .2
4306200119970526    .0
4306200119970527    .0
4306200119970528    .0
4306200119970529    .0
4306200119970530    .0
4306200119970531   1.8
4306200119970601  12.4
4306200119970602    .0
4306200119970603   6.0
4306200119970604    .2
4306200119970605   1.8
4306200119970606    .0
4306200119970607    .0
4306200119970608    .0
4306200119970609    .2
4306200119970610    .0
4306200119970611    .0
4306200119970612   1.0
4306200119970613   1.0
4306200119970614    .0
4306200119970615    .6
4306200119970616  11.4
4306200119970617    .0
4306200119970618    .0
4306200119970619    .2
4306200119970620    .0
4306200119970621   8.8
4306200119970622    .0
4306200119970623    .6
4306200119970624    .2
4306200119970625    .2
4306200119970626   2.6
4306200119970627    .0
4306200119970628  24.0
4306200119970629    .2
4306200119970630   4.6
4306200119970701    .0
4306200119970702   5.4
4306200119970703    .2
4306200119970704   1.8
4306200119970705   1.8
4306200119970706    .0
4306200119970707    .0
4306200119970708    .0
4306200119970709    .0
4306200119970710  16.0
4306200119970711  19.4
4306200119970712    .0
4306200119970713    .0
4306200119970714  11.0
4306200119970715    .0
4306200119970716    .0
4306200119970717  15.4
4306200119970718    .0
4306200119970719    .0
4306200119970720    .0
4306200119970721    .0
4306200119970722    .0
4306200119970723    .4
4306200119970724   2.4
4306200119970725    .0
4306200119970726    .0
4306200119970727    .0
4306200119970728    .0
4306200119970729    .0
4306200119970730    .0
4306200119970731    .0
4306200119970801    .0
4306200119970802    .0
4306200119970803    .0
4306200119970804   2.2
4306200119970805   1.8
4306200119970806  24.8
4306200119970807    .2
4306200119970808    .0
4306200119970809    .0
4306200119970810    .0
4306200119970811   5.0
4306200119970812    .0
4306200119970813   1.0
4306200119970814    .0
4306200119970815    .8
4306200119970816    .6
4306200119970817    .2
4306200119970818    .0
4306200119970819    .6
4306200119970820    .0
4306200119970821    .6
4306200119970822    .0
4306200119970823    .0
4306200119970824    .0
4306200119970825    .0
4306200119970826    .2
4306200119970827  19.4
4306200119970828   4.0
4306200119970829    .0
4306200119970830    .2
4306200119970831    .0
4306200119970901   4.6
4306200119970902    .2
4306200119970903    .2
4306200119970904    .2
4306200119970905    .0
4306200119970906    .2
4306200119970907    .2
4306200119970908    .0
4306200119970909    .2
4306200119970910    .0
4306200119970911    .0
4306200119970912  10.4
4306200119970913   3.8
4306200119970914    .0
4306200119970915    .0
4306200119970916    .2
4306200119970917    .0
4306200119970918    .0
4306200119970919    .0
4306200119970920    .0
4306200119970921    .2
4306200119970922    .2
4306200119970923    .0
4306200119970924    .0
4306200119970925    .0
4306200119970926    .0
4306200119970927    .0
4306200119970928    .0
4306200119970929    .0
4306200119970930    .0
4306200119971001    .0
4306200119971002    .0
4306200119971003    .0
4306200119971004    .0
4306200119971005    .0
4306200119971006   3.6
4306200119971007    .0
4306200119971008    .2
4306200119971009    .0
4306200119971010    .8
4306200119971011   6.0
4306200119971012   7.0
4306200119971013   2.4
4306200119971014    .0
4306200119971015   3.2
4306200119971016    .0
4306200119971017    .2
4306200119971018    .0
4306200119971019    .0
4306200119971020   2.6
4306200119971021   1.8
4306200119971022   1.0
4306200119971023  13.0
4306200119971024    .0
4306200119971025    .0
4306200119971026    .0
4306200119971027    .0
4306200119971028    .0
4306200119971029    .0
4306200119971030    .0
4306200119971031    .0
4306200119971101    .0
4306200119971102    .0
4306200119971103    .0
4306200119971104   1.6
4306200119971105    .4
4306200119971106   9.6
4306200119971107    .0
4306200119971108   3.4
4306200119971109   1.6
4306200119971110   5.4
4306200119971111    .8
4306200119971112    .8
4306200119971113    .0
4306200119971114    .0
4306200119971115    .0
4306200119971116    .0
4306200119971117    .0
4306200119971118   4.0
4306200119971119   1.0
4306200119971120   1.2
4306200119971121    .0
4306200119971122    .0
4306200119971123    .0
4306200119971124    .0
4306200119971125    .0
4306200119971126   2.2
4306200119971127    .2
4306200119971128    .8
4306200119971129    .2
4306200119971130   2.0
4306200119971201    .6
4306200119971202   5.2
4306200119971203    .0
4306200119971204    .0
4306200119971205    .0
4306200119971206    .0
4306200119971207    .0
4306200119971208    .2
4306200119971209    .0
4306200119971210   3.4
4306200119971211   1.4
4306200119971212   1.0
4306200119971213    .0
4306200119971214    .0
4306200119971215   2.8
4306200119971216    .0
4306200119971217    .0
4306200119971218   6.2
4306200119971219    .0
4306200119971220   3.2
4306200119971221    .8
4306200119971222   2.4
4306200119971223    .4
4306200119971224    .0
4306200119971225   3.4
4306200119971226    .4
4306200119971227    .4
4306200119971228    .0
4306200119971229    .0
4306200119971230    .0
4306200119971231    .8
4306200119980101   1.2
4306200119980102  11.2
4306200119980103    .8
4306200119980104    .0
4306200119980105    .2
4306200119980106    .0
4306200119980107    .0
4306200119980108    .0
4306200119980109    .0
4306200119980110    .0
4306200119980111    .0
4306200119980112    .0
4306200119980113  13.2
4306200119980114    .2
4306200119980115   1.2
4306200119980116   6.8
4306200119980117    .0
4306200119980118  10.2
4306200119980119   9.6
4306200119980120    .0
4306200119980121    .0
4306200119980122    .0
4306200119980123    .0
4306200119980124    .1
4306200119980125   4.0
4306200119980126    .0
4306200119980127    .0
4306200119980128    .0
4306200119980129    .0
4306200119980130    .0
4306200119980131    .0
4306200119980201    .0
4306200119980202    .0
4306200119980203    .0
4306200119980204    .0
4306200119980205    .0
4306200119980206    .0
4306200119980207    .0
4306200119980208    .0
4306200119980209    .0
4306200119980210    .0
4306200119980211    .0
4306200119980212    .0
4306200119980213    .0
4306200119980214    .0
4306200119980215    .0
4306200119980216    .0
4306200119980217    .0
4306200119980218    .0
4306200119980219    .0
4306200119980220    .0
4306200119980221   4.8
4306200119980222    .8
4306200119980223   1.6
4306200119980224    .0
4306200119980225    .0
4306200119980226    .0
4306200119980227    .0
4306200119980228    .2
4306200119980301    .0
4306200119980302    .0
4306200119980303    .0
4306200119980304    .0
4306200119980305    .0
4306200119980306    .0
4306200119980307   1.6
4306200119980308  21.0
4306200119980309    .0
4306200119980310   2.0
4306200119980311    .8
4306200119980312    .0
4306200119980313    .0
4306200119980314    .0
4306200119980315    .0
4306200119980316    .0
4306200119980317    .0
4306200119980318    .0
4306200119980319    .0
4306200119980320    .0
4306200119980321    .0
4306200119980322    .0
4306200119980323    .2
4306200119980324    .0
4306200119980325    .0
4306200119980326    .0
4306200119980327    .0
4306200119980328    .0
4306200119980329    .0
4306200119980330    .0
4306200119980331   1.6
4306200119980401   3.0
4306200119980402    .4
4306200119980403   3.0
4306200119980404    .0
4306200119980405    .0
4306200119980406    .8
4306200119980407   7.0
4306200119980408    .4
4306200119980409   7.6
4306200119980410   1.8
4306200119980411    .6
4306200119980412   2.2
4306200119980413    .0
4306200119980414   1.0
4306200119980415  24.4
4306200119980416   2.0
4306200119980417   3.4
4306200119980418   1.4
4306200119980419    .0
4306200119980420   4.4
4306200119980421    .0
4306200119980422    .0
4306200119980423    .2
4306200119980424    .0
4306200119980425    .0
4306200119980426  32.2
4306200119980427    .8
4306200119980428    .0
4306200119980429  13.2
4306200119980430   7.8
4306200119980501   9.8
4306200119980502   9.2
4306200119980503    .4
4306200119980504    .0
4306200119980505    .0
4306200119980506    .0
4306200119980507    .0
4306200119980508    .0
4306200119980509    .0
4306200119980510    .0
4306200119980511    .0
4306200119980512    .0
4306200119980513    .0
4306200119980514   9.4
4306200119980515    .0
4306200119980516    .0
4306200119980517    .0
4306200119980518    .0
4306200119980519    .0
4306200119980520    .0
4306200119980521    .0
4306200119980522    .0
4306200119980523    .0
4306200119980524    .0
4306200119980525    .0
4306200119980526    .0
4306200119980527  26.6
4306200119980528  10.0
4306200119980529    .4
4306200119980530  10.6
4306200119980531  12.8
4306200119980601    .0
4306200119980602    .0
4306200119980603  10.6
4306200119980604    .0
4306200119980605    .0
4306200119980606    .0
4306200119980607    .2
4306200119980608    .0
4306200119980609    .0
4306200119980610   2.8
4306200119980611   6.8
4306200119980612    .4
4306200119980613    .2
4306200119980614    .2
4306200119980615   3.0
4306200119980616    .2
4306200119980617    .0
4306200119980618    .0
4306200119980619    .0
4306200119980620    .0
4306200119980621    .0
4306200119980622    .0
4306200119980623    .0
4306200119980624    .0
4306200119980625   2.2
4306200119980626  37.4
4306200119980627    .0
4306200119980628    .0
4306200119980629    .0
4306200119980630    .0
4306200119980701   7.8
4306200119980702  24.6
4306200119980703    .4
4306200119980704    .0
4306200119980705    .0
4306200119980706   5.6
4306200119980707   2.2
4306200119980708    .0
4306200119980709    .0
4306200119980710    .0
4306200119980711    .0
4306200119980712    .0
4306200119980713   2.0
4306200119980714    .0
4306200119980715    .0
4306200119980716    .0
4306200119980717    .0
4306200119980718    .0
4306200119980719    .0
4306200119980720    .0
4306200119980721    .0
4306200119980722    .0
4306200119980723    .0
4306200119980724    .0
4306200119980725    .0
4306200119980726   3.2
4306200119980727  21.4
4306200119980728    .2
4306200119980729    .0
4306200119980730    .0
4306200119980731   5.6
4306200119980801  15.4
4306200119980802   3.2
4306200119980803    .0
4306200119980804    .0
4306200119980805    .0
4306200119980806    .0
4306200119980807    .0
4306200119980808    .0
4306200119980809    .0
4306200119980810    .0
4306200119980811    .0
4306200119980812    .0
4306200119980813    .0
4306200119980814    .0
4306200119980815    .8
4306200119980816    .0
4306200119980817    .6
4306200119980818    .0
4306200119980819    .0
4306200119980820    .0
4306200119980821   1.8
4306200119980822    .6
4306200119980823    .2
4306200119980824   2.2
4306200119980825    .0
4306200119980826    .0
4306200119980827    .0
4306200119980828    .0
4306200119980829    .0
4306200119980830    .0
4306200119980831    .0
4306200119980901    .0
4306200119980902   4.2
4306200119980903    .0
4306200119980904  32.0
4306200119980905    .0
4306200119980906    .0
4306200119980907  21.6
4306200119980908    .0
4306200119980909    .0
4306200119980910   8.2
4306200119980911   2.8
4306200119980912   7.6
4306200119980913   5.8
4306200119980914   6.2
4306200119980915    .0
4306200119980916    .0
4306200119980917    .0
4306200119980918    .0
4306200119980919    .0
4306200119980920    .0
4306200119980921    .0
4306200119980922    .0
4306200119980923   1.4
4306200119980924    .0
4306200119980925    .0
4306200119980926  13.6
4306200119980927   2.2
4306200119980928    .8
4306200119980929  12.0
4306200119980930    .4
4306200119981001    .8
4306200119981002   8.6
4306200119981003    .8
4306200119981004   3.6
4306200119981005   4.6
4306200119981006   4.0
4306200119981007    .2
4306200119981008   1.4
4306200119981009    .6
4306200119981010    .2
4306200119981011   1.4
4306200119981012    .0
4306200119981013    .0
4306200119981014    .0
4306200119981015    .0
4306200119981016    .0
4306200119981017   1.2
4306200119981018    .2
4306200119981019    .0
4306200119981020    .0
4306200119981021    .0
4306200119981022    .0
4306200119981023    .0
4306200119981024   5.4
4306200119981025   2.6
4306200119981026   3.8
4306200119981027    .0
4306200119981028    .0
4306200119981029   2.2
4306200119981030    .0
4306200119981031    .2
4306200119981101   1.4
4306200119981102    .4
4306200119981103   6.2
4306200119981104    .0
4306200119981105    .0
4306200119981106    .0
4306200119981107    .0
4306200119981108    .0
4306200119981109   4.6
4306200119981110  11.2
4306200119981111    .0
4306200119981112    .6
4306200119981113   3.4
4306200119981114    .2
4306200119981115    .4
4306200119981116    .0
4306200119981117    .0
4306200119981118    .0
4306200119981119    .0
4306200119981120    .0
4306200119981121    .0
4306200119981122    .0
4306200119981123    .0
4306200119981124    .0
4306200119981125   2.0
4306200119981126    .0
4306200119981127   2.8
4306200119981128   5.6
4306200119981129    .2
4306200119981130    .2
4306200119981201    .0
4306200119981202    .0
4306200119981203    .0
4306200119981204    .0
4306200119981205    .0
4306200119981206    .2
4306200119981207    .0
4306200119981208    .0
4306200119981209   1.4
4306200119981210  11.0
4306200119981211    .2
4306200119981212    .2
4306200119981213    .0
4306200119981214    .0
4306200119981215    .0
4306200119981216    .0
4306200119981217    .0
4306200119981218    .0
4306200119981219    .0
4306200119981220   3.6
4306200119981221    .0
4306200119981222    .0
4306200119981223    .0
4306200119981224    .8
4306200119981225    .0
4306200119981226    .0
4306200119981227    .0
4306200119981228    .0
4306200119981229    .0
4306200119981230    .0
4306200119981231   3.6
