4410300119940101  17.2
4410300119940102   1.8
4410300119940103   6.0
4410300119940104  17.8
4410300119940105  15.4
4410300119940106   2.4
4410300119940107    .0
4410300119940108   8.4
4410300119940109  13.4
4410300119940110    .8
4410300119940111   9.6
4410300119940112   2.8
4410300119940113    .6
4410300119940114  11.0
4410300119940115   7.0
4410300119940116    .8
4410300119940117    .0
4410300119940118    .0
4410300119940119   4.0
4410300119940120    .0
4410300119940121   1.0
4410300119940122    .0
4410300119940123    .6
4410300119940124    .2
4410300119940125    .6
4410300119940126    .0
4410300119940127   3.8
4410300119940128    .0
4410300119940129    .0
4410300119940130    .8
4410300119940131    .0
4410300119940201   8.2
4410300119940202  32.4
4410300119940203   3.8
4410300119940204    .8
4410300119940205    .0
4410300119940206   6.4
4410300119940207   2.8
4410300119940208   4.0
4410300119940209   8.6
4410300119940210   3.8
4410300119940211   8.0
4410300119940212    .0
4410300119940213    .0
4410300119940214    .0
4410300119940215    .8
4410300119940216    .0
4410300119940217   9.8
4410300119940218    .4
4410300119940219   8.0
4410300119940220   5.6
4410300119940221   1.8
4410300119940222    .4
4410300119940223   6.4
4410300119940224    .6
4410300119940225    .0
4410300119940226   1.6
4410300119940227   7.0
4410300119940228    .2
4410300119940301   2.6
4410300119940302   5.8
4410300119940303    .6
4410300119940304    .0
4410300119940305   3.2
4410300119940306    .0
4410300119940307    .0
4410300119940308    .0
4410300119940309    .0
4410300119940310    .0
4410300119940311    .0
4410300119940312   1.6
4410300119940313    .6
4410300119940314    .2
4410300119940315    .4
4410300119940316    .0
4410300119940317    .0
4410300119940318   1.4
4410300119940319   1.4
4410300119940320   2.0
4410300119940321    .0
4410300119940322    .0
4410300119940323    .0
4410300119940324    .0
4410300119940325    .2
4410300119940326    .0
4410300119940327    .4
4410300119940328    .2
4410300119940329    .0
4410300119940330   9.2
4410300119940331  13.8
4410300119940401   7.4
4410300119940402   1.8
4410300119940403  16.0
4410300119940404   7.2
4410300119940405   2.0
4410300119940406  10.0
4410300119940407    .2
4410300119940408  13.6
4410300119940409   2.0
4410300119940410    .2
4410300119940411    .0
4410300119940412    .2
4410300119940413    .8
4410300119940414    .4
4410300119940415   7.8
4410300119940416    .8
4410300119940417    .0
4410300119940418    .0
4410300119940419    .0
4410300119940420    .0
4410300119940421    .0
4410300119940422    .6
4410300119940423    .0
4410300119940424    .2
4410300119940425   3.4
4410300119940426   1.4
4410300119940427    .0
4410300119940428    .0
4410300119940429    .0
4410300119940430    .0
4410300119940501    .0
4410300119940502    .0
4410300119940503    .4
4410300119940504   4.0
4410300119940505    .2
4410300119940506    .2
4410300119940507  14.4
4410300119940508    .2
4410300119940509    .0
4410300119940510    .0
4410300119940511   1.2
4410300119940512    .0
4410300119940513   6.8
4410300119940514    .0
4410300119940515    .0
4410300119940516  11.8
4410300119940517    .0
4410300119940518    .0
4410300119940519   4.4
4410300119940520   9.2
4410300119940521  11.0
4410300119940522    .0
4410300119940523  17.4
4410300119940524    .0
4410300119940525    .6
4410300119940526    .6
4410300119940527    .8
4410300119940528    .0
4410300119940529    .0
4410300119940530    .0
4410300119940531    .0
4410300119940601   7.4
4410300119940602   5.6
4410300119940603   3.4
4410300119940604   7.0
4410300119940605    .0
4410300119940606    .0
4410300119940607    .0
4410300119940608    .0
4410300119940609    .0
4410300119940610    .0
4410300119940611    .0
4410300119940612    .0
4410300119940613    .0
4410300119940614    .0
4410300119940615    .0
4410300119940616    .0
4410300119940617    .0
4410300119940618    .0
4410300119940619    .0
4410300119940620    .0
4410300119940621    .0
4410300119940622    .2
4410300119940623    .0
4410300119940624   8.4
4410300119940625    .0
4410300119940626    .0
4410300119940627    .0
4410300119940628    .0
4410300119940629    .0
4410300119940630    .0
4410300119940701    .0
4410300119940702    .0
4410300119940703    .6
4410300119940704    .0
4410300119940705    .0
4410300119940706    .0
4410300119940707   1.2
4410300119940708    .0
4410300119940709    .0
4410300119940710    .0
4410300119940711    .0
4410300119940712    .0
4410300119940713    .0
4410300119940714    .0
4410300119940715    .0
4410300119940716    .0
4410300119940717    .6
4410300119940718    .0
4410300119940719    .0
4410300119940720    .0
4410300119940721    .0
4410300119940722    .0
4410300119940723    .0
4410300119940724    .0
4410300119940725    .0
4410300119940726    .0
4410300119940727  17.8
4410300119940728    .0
4410300119940729    .0
4410300119940730   1.0
4410300119940731    .4
4410300119940801    .0
4410300119940802    .0
4410300119940803   4.6
4410300119940804    .0
4410300119940805    .0
4410300119940806    .0
4410300119940807    .0
4410300119940808    .0
4410300119940809   3.8
4410300119940810  11.2
4410300119940811    .0
4410300119940812    .0
4410300119940813    .0
4410300119940814    .0
4410300119940815    .0
4410300119940816    .0
4410300119940817   1.2
4410300119940818    .0
4410300119940819    .4
4410300119940820    .0
4410300119940821    .0
4410300119940822    .0
4410300119940823   3.8
4410300119940824  10.6
4410300119940825   1.4
4410300119940826    .6
4410300119940827    .2
4410300119940828    .0
4410300119940829    .0
4410300119940830    .0
4410300119940831   8.0
4410300119940901    .0
4410300119940902    .0
4410300119940903    .0
4410300119940904    .6
4410300119940905   2.0
4410300119940906  16.6
4410300119940907  10.6
4410300119940908   4.8
4410300119940909  12.0
4410300119940910  12.0
4410300119940911   3.6
4410300119940912    .0
4410300119940913   8.6
4410300119940914   2.6
4410300119940915    .6
4410300119940916    .8
4410300119940917    .2
4410300119940918    .2
4410300119940919  17.6
4410300119940920    .4
4410300119940921    .0
4410300119940922  13.2
4410300119940923   4.2
4410300119940924  12.4
4410300119940925  16.4
4410300119940926   6.0
4410300119940927    .0
4410300119940928    .0
4410300119940929    .0
4410300119940930    .0
4410300119941001    .0
4410300119941002   2.6
4410300119941003    .0
4410300119941004    .0
4410300119941005    .0
4410300119941006    .0
4410300119941007    .0
4410300119941008    .0
4410300119941009    .0
4410300119941010    .0
4410300119941011    .0
4410300119941012    .0
4410300119941013    .0
4410300119941014    .0
4410300119941015    .0
4410300119941016    .0
4410300119941017    .0
4410300119941018  11.4
4410300119941019   5.2
4410300119941020   2.8
4410300119941021  10.2
4410300119941022   7.4
4410300119941023   7.4
4410300119941024  10.6
4410300119941025   4.6
4410300119941026   2.6
4410300119941027   1.6
4410300119941028   7.0
4410300119941029   4.2
4410300119941030   2.4
4410300119941031    .8
4410300119941101    .2
4410300119941102    .6
4410300119941103  10.0
4410300119941104    .6
4410300119941105  12.0
4410300119941106    .0
4410300119941107    .6
4410300119941108   2.4
4410300119941109  24.8
4410300119941110    .0
4410300119941111  12.0
4410300119941112   2.8
4410300119941113    .2
4410300119941114   2.6
4410300119941115    .0
4410300119941116   4.2
4410300119941117   4.8
4410300119941118    .2
4410300119941119    .0
4410300119941120    .0
4410300119941121    .0
4410300119941122    .0
4410300119941123    .0
4410300119941124    .0
4410300119941125    .0
4410300119941126    .0
4410300119941127    .0
4410300119941128    .0
4410300119941129    .0
4410300119941130    .0
4410300119941201    .0
4410300119941202    .3
4410300119941203   6.6
4410300119941204   9.0
4410300119941205   2.4
4410300119941206   2.0
4410300119941207  11.8
4410300119941208   8.2
4410300119941209   9.0
4410300119941210    .2
4410300119941211    .2
4410300119941212    .0
4410300119941213    .0
4410300119941214    .0
4410300119941215    .0
4410300119941216    .0
4410300119941217    .0
4410300119941218  15.8
4410300119941219   2.4
4410300119941220   3.0
4410300119941221   7.4
4410300119941222    .0
4410300119941223    .0
4410300119941224    .0
4410300119941225   3.4
4410300119941226   2.6
4410300119941227  18.6
4410300119941228  14.6
4410300119941229  14.8
4410300119941230   3.6
4410300119941231   3.6
4410300119950101    .0
4410300119950102    .0
4410300119950103    .0
4410300119950104    .4
4410300119950105   3.0
4410300119950106    .4
4410300119950107    .0
4410300119950108    .4
4410300119950109    .0
4410300119950110    .0
4410300119950111   1.6
4410300119950112    .0
4410300119950113    .0
4410300119950114    .0
4410300119950115    .0
4410300119950116    .0
4410300119950117  13.0
4410300119950118   7.6
4410300119950119  34.0
4410300119950120   4.4
4410300119950121  22.4
4410300119950122   9.2
4410300119950123   1.0
4410300119950124  25.6
4410300119950125  15.4
4410300119950126   3.2
4410300119950127  22.2
4410300119950128   1.8
4410300119950129   1.6
4410300119950130    .0
4410300119950131   1.4
4410300119950201   7.0
4410300119950202    .0
4410300119950203    .2
4410300119950204   2.2
4410300119950205    .0
4410300119950206    .4
4410300119950207   2.0
4410300119950208  14.8
4410300119950209   3.2
4410300119950210   8.2
4410300119950211  15.0
4410300119950212    .8
4410300119950213   2.4
4410300119950214  13.0
4410300119950215  10.6
4410300119950216  12.8
4410300119950217   5.6
4410300119950218    .6
4410300119950219  10.0
4410300119950220    .8
4410300119950221    .0
4410300119950222   4.6
4410300119950223   6.0
4410300119950224   7.8
4410300119950225   5.8
4410300119950226    .4
4410300119950227    .0
4410300119950228    .0
4410300119950301   3.8
4410300119950302  14.4
4410300119950303   2.4
4410300119950304   4.6
4410300119950305   2.2
4410300119950306    .8
4410300119950307  12.6
4410300119950308   1.0
4410300119950309    .0
4410300119950310    .0
4410300119950311    .0
4410300119950312    .0
4410300119950313    .0
4410300119950314    .4
4410300119950315    .0
4410300119950316   1.6
4410300119950317   1.2
4410300119950318   8.4
4410300119950319   5.0
4410300119950320    .0
4410300119950321    .0
4410300119950322    .0
4410300119950323    .0
4410300119950324    .0
4410300119950325    .0
4410300119950326    .2
4410300119950327    .2
4410300119950328   5.0
4410300119950329    .0
4410300119950330    .0
4410300119950331    .0
4410300119950401    .0
4410300119950402    .0
4410300119950403    .2
4410300119950404    .0
4410300119950405    .0
4410300119950406    .2
4410300119950407    .0
4410300119950408    .0
4410300119950409    .0
4410300119950410    .0
4410300119950411    .0
4410300119950412    .0
4410300119950413    .0
4410300119950414    .0
4410300119950415    .0
4410300119950416    .0
4410300119950417    .4
4410300119950418   2.4
4410300119950419    .2
4410300119950420    .0
4410300119950421   5.6
4410300119950422    .6
4410300119950423    .0
4410300119950424    .4
4410300119950425   1.6
4410300119950426    .4
4410300119950427    .0
4410300119950428    .0
4410300119950429    .0
4410300119950430    .0
4410300119950501    .0
4410300119950502    .0
4410300119950503    .0
4410300119950504    .0
4410300119950505    .0
4410300119950506    .0
4410300119950507    .0
4410300119950508    .0
4410300119950509    .0
4410300119950510    .0
4410300119950511   2.4
4410300119950512   1.8
4410300119950513    .0
4410300119950514    .0
4410300119950515   2.2
4410300119950516  12.8
4410300119950517   9.4
4410300119950518    .0
4410300119950519    .0
4410300119950520    .0
4410300119950521    .0
4410300119950522    .0
4410300119950523   2.0
4410300119950524   2.4
4410300119950525   1.0
4410300119950526   1.0
4410300119950527    .6
4410300119950528    .2
4410300119950529    .0
4410300119950530   3.0
4410300119950531    .0
4410300119950601    .8
4410300119950602    .0
4410300119950603    .6
4410300119950604    .0
4410300119950605    .0
4410300119950606    .0
4410300119950607    .0
4410300119950608    .0
4410300119950609    .0
4410300119950610    .0
4410300119950611   9.0
4410300119950612    .0
4410300119950613    .0
4410300119950614    .0
4410300119950615    .0
4410300119950616    .0
4410300119950617   4.2
4410300119950618    .0
4410300119950619    .0
4410300119950620    .0
4410300119950621    .0
4410300119950622    .0
4410300119950623    .0
4410300119950624    .0
4410300119950625    .0
4410300119950626    .0
4410300119950627    .0
4410300119950628    .0
4410300119950629    .0
4410300119950630    .0
4410300119950701   3.6
4410300119950702   1.4
4410300119950703    .0
4410300119950704    .0
4410300119950705    .0
4410300119950706    .0
4410300119950707    .0
4410300119950708    .0
4410300119950709    .0
4410300119950710   4.6
4410300119950711    .8
4410300119950712    .2
4410300119950713   3.8
4410300119950714   5.0
4410300119950715   1.2
4410300119950716    .2
4410300119950717    .4
4410300119950718    .0
4410300119950719    .0
4410300119950720    .0
4410300119950721    .0
4410300119950722    .0
4410300119950723    .0
4410300119950724    .0
4410300119950725   7.8
4410300119950726   5.6
4410300119950727    .4
4410300119950728    .0
4410300119950729    .0
4410300119950730    .0
4410300119950731    .0
4410300119950801    .0
4410300119950802    .0
4410300119950803    .0
4410300119950804    .0
4410300119950805   9.0
4410300119950806   5.0
4410300119950807    .2
4410300119950808    .0
4410300119950809    .0
4410300119950810    .0
4410300119950811    .0
4410300119950812    .0
4410300119950813    .0
4410300119950814    .0
4410300119950815    .0
4410300119950816    .0
4410300119950817    .0
4410300119950818    .0
4410300119950819    .0
4410300119950820    .0
4410300119950821    .0
4410300119950822    .0
4410300119950823    .0
4410300119950824    .0
4410300119950825    .0
4410300119950826    .0
4410300119950827   1.2
4410300119950828    .0
4410300119950829    .0
4410300119950830    .0
4410300119950831    .0
4410300119950901    .0
4410300119950902    .0
4410300119950903    .0
4410300119950904    .0
4410300119950905    .0
4410300119950906   2.4
4410300119950907  19.2
4410300119950908    .0
4410300119950909    .4
4410300119950910   1.2
4410300119950911   2.2
4410300119950912   1.6
4410300119950913   1.4
4410300119950914   9.0
4410300119950915   4.6
4410300119950916    .0
4410300119950917   5.0
4410300119950918   4.6
4410300119950919    .8
4410300119950920    .0
4410300119950921    .0
4410300119950922    .0
4410300119950923    .0
4410300119950924   2.0
4410300119950925    .0
4410300119950926   1.6
4410300119950927   1.2
4410300119950928    .0
4410300119950929   4.8
4410300119950930    .4
4410300119951001    .0
4410300119951002    .6
4410300119951003    .0
4410300119951004  19.0
4410300119951005    .0
4410300119951006    .0
4410300119951007    .0
4410300119951008    .0
4410300119951009    .0
4410300119951010    .0
4410300119951011    .0
4410300119951012    .0
4410300119951013    .0
4410300119951014   3.8
4410300119951015    .0
4410300119951016    .0
4410300119951017    .2
4410300119951018    .0
4410300119951019    .0
4410300119951020    .0
4410300119951021    .0
4410300119951022    .0
4410300119951023    .0
4410300119951024   4.4
4410300119951025    .6
4410300119951026   2.4
4410300119951027   4.6
4410300119951028   1.0
4410300119951029    .8
4410300119951030    .0
4410300119951031    .0
4410300119951101    .0
4410300119951102    .0
4410300119951103    .0
4410300119951104    .0
4410300119951105    .0
4410300119951106    .0
4410300119951107    .0
4410300119951108    .0
4410300119951109    .0
4410300119951110   4.6
4410300119951111  20.4
4410300119951112    .2
4410300119951113    .4
4410300119951114   6.4
4410300119951115   6.0
4410300119951116    .6
4410300119951117    .0
4410300119951118    .0
4410300119951119    .0
4410300119951120    .4
4410300119951121   6.8
4410300119951122    .0
4410300119951123    .0
4410300119951124   7.4
4410300119951125  24.0
4410300119951126   6.6
4410300119951127  10.0
4410300119951128  48.2
4410300119951129    .0
4410300119951130   2.6
4410300119951201  13.8
4410300119951202   4.2
4410300119951203   1.0
4410300119951204    .2
4410300119951205    .0
4410300119951206    .0
4410300119951207    .0
4410300119951208    .0
4410300119951209    .0
4410300119951210    .0
4410300119951211    .0
4410300119951212    .0
4410300119951213    .0
4410300119951214    .0
4410300119951215   4.4
4410300119951216   8.0
4410300119951217    .8
4410300119951218    .0
4410300119951219    .0
4410300119951220    .2
4410300119951221  14.4
4410300119951222  13.2
4410300119951223   1.4
4410300119951224   5.0
4410300119951225    .2
4410300119951226    .0
4410300119951227    .0
4410300119951228    .0
4410300119951229   6.0
4410300119951230   9.0
4410300119951231   1.6
4410300119960101  11.8
4410300119960102    .0
4410300119960103    .0
4410300119960104    .8
4410300119960105    .2
4410300119960106   9.4
4410300119960107    .4
4410300119960108  18.0
4410300119960109   1.0
4410300119960110   1.8
4410300119960111  12.8
4410300119960112   2.2
4410300119960113    .0
4410300119960114    .0
4410300119960115    .0
4410300119960116    .0
4410300119960117    .0
4410300119960118    .0
4410300119960119    .0
4410300119960120    .0
4410300119960121    .0
4410300119960122   4.0
4410300119960123   7.6
4410300119960124    .0
4410300119960125    .8
4410300119960126    .0
4410300119960127    .0
4410300119960128    .8
4410300119960129    .0
4410300119960130    .0
4410300119960131    .0
4410300119960201    .0
4410300119960202    .0
4410300119960203    .0
4410300119960204    .0
4410300119960205   2.4
4410300119960206   2.2
4410300119960207  11.2
4410300119960208    .0
4410300119960209   8.2
4410300119960210   4.8
4410300119960211   1.4
4410300119960212   4.2
4410300119960213    .0
4410300119960214    .0
4410300119960215    .0
4410300119960216    .0
4410300119960217    .0
4410300119960218   6.0
4410300119960219    .2
4410300119960220    .6
4410300119960221    .0
4410300119960222   2.0
4410300119960223   1.0
4410300119960224  20.4
4410300119960225  28.2
4410300119960226    .6
4410300119960227    .0
4410300119960228    .0
4410300119960229    .0
4410300119960301    .0
4410300119960302    .0
4410300119960303    .0
4410300119960304    .0
4410300119960305    .0
4410300119960306    .0
4410300119960307    .0
4410300119960308   1.0
4410300119960309    .0
4410300119960310    .0
4410300119960311    .0
4410300119960312    .0
4410300119960313    .0
4410300119960314    .0
4410300119960315    .0
4410300119960316    .0
4410300119960317   7.8
4410300119960318    .2
4410300119960319   7.6
4410300119960320  11.2
4410300119960321    .4
4410300119960322    .0
4410300119960323    .0
4410300119960324   3.8
4410300119960325    .0
4410300119960326  19.8
4410300119960327    .0
4410300119960328    .0
4410300119960329    .0
4410300119960330    .0
4410300119960331    .1
4410300119960401    .0
4410300119960402    .0
4410300119960403    .0
4410300119960404    .0
4410300119960405    .0
4410300119960406    .0
4410300119960407    .0
4410300119960408    .0
4410300119960409    .0
4410300119960410   2.8
4410300119960411    .0
4410300119960412    .0
4410300119960413   2.8
4410300119960414   1.8
4410300119960415    .0
4410300119960416    .8
4410300119960417    .0
4410300119960418    .0
4410300119960419    .0
4410300119960420    .0
4410300119960421   9.0
4410300119960422  11.2
4410300119960423    .2
4410300119960424    .0
4410300119960425    .0
4410300119960426    .0
4410300119960427    .0
4410300119960428    .0
4410300119960429    .0
4410300119960430   2.0
4410300119960501  22.6
4410300119960502   5.8
4410300119960503    .0
4410300119960504    .0
4410300119960505   2.6
4410300119960506  10.8
4410300119960507    .0
4410300119960508    .0
4410300119960509    .0
4410300119960510    .0
4410300119960511    .0
4410300119960512    .0
4410300119960513    .0
4410300119960514    .0
4410300119960515    .0
4410300119960516   6.4
4410300119960517   5.2
4410300119960518   1.2
4410300119960519   1.2
4410300119960520   5.2
4410300119960521    .2
4410300119960522  11.4
4410300119960523    .0
4410300119960524   3.8
4410300119960525   5.8
4410300119960526   1.0
4410300119960527    .2
4410300119960528    .0
4410300119960529    .0
4410300119960530    .0
4410300119960531    .2
4410300119960601    .2
4410300119960602    .0
4410300119960603    .0
4410300119960604    .0
4410300119960605    .0
4410300119960606    .0
4410300119960607   1.6
4410300119960608    .2
4410300119960609    .0
4410300119960610    .0
4410300119960611    .0
4410300119960612    .0
4410300119960613    .0
4410300119960614    .0
4410300119960615    .0
4410300119960616    .0
4410300119960617    .0
4410300119960618    .0
4410300119960619    .2
4410300119960620    .0
4410300119960621    .0
4410300119960622    .0
4410300119960623    .0
4410300119960624    .0
4410300119960625    .0
4410300119960626   1.0
4410300119960627    .6
4410300119960628    .0
4410300119960629    .0
4410300119960630    .2
4410300119960701    .0
4410300119960702    .8
4410300119960703  10.2
4410300119960704  11.4
4410300119960705    .6
4410300119960706    .0
4410300119960707   1.2
4410300119960708    .2
4410300119960709    .0
4410300119960710    .0
4410300119960711    .0
4410300119960712    .0
4410300119960713    .0
4410300119960714    .0
4410300119960715    .0
4410300119960716    .0
4410300119960717    .0
4410300119960718    .0
4410300119960719    .0
4410300119960720    .0
4410300119960721    .0
4410300119960722    .0
4410300119960723    .2
4410300119960724    .0
4410300119960725    .0
4410300119960726    .0
4410300119960727    .0
4410300119960728    .0
4410300119960729    .2
4410300119960730    .0
4410300119960731    .4
4410300119960801    .0
4410300119960802    .0
4410300119960803    .0
4410300119960804    .0
4410300119960805    .6
4410300119960806    .2
4410300119960807    .0
4410300119960808    .0
4410300119960809   9.6
4410300119960810  20.0
4410300119960811    .6
4410300119960812    .0
4410300119960813    .2
4410300119960814    .0
4410300119960815    .0
4410300119960816    .0
4410300119960817    .0
4410300119960818    .0
4410300119960819   2.4
4410300119960820    .2
4410300119960821    .0
4410300119960822   2.8
4410300119960823  12.2
4410300119960824    .0
4410300119960825    .0
4410300119960826    .0
4410300119960827    .4
4410300119960828    .0
4410300119960829    .2
4410300119960830    .0
4410300119960831    .0
4410300119960901    .2
4410300119960902    .0
4410300119960903    .0
4410300119960904    .0
4410300119960905    .0
4410300119960906    .0
4410300119960907    .0
4410300119960908    .0
4410300119960909    .0
4410300119960910    .0
4410300119960911    .0
4410300119960912    .2
4410300119960913    .0
4410300119960914    .2
4410300119960915    .0
4410300119960916    .0
4410300119960917    .0
4410300119960918   5.4
4410300119960919    .0
4410300119960920    .0
4410300119960921    .0
4410300119960922    .0
4410300119960923    .0
4410300119960924   3.2
4410300119960925    .4
4410300119960926  13.4
4410300119960927    .2
4410300119960928    .2
4410300119960929    .2
4410300119960930   3.2
4410300119961001   6.2
4410300119961002    .0
4410300119961003   1.6
4410300119961004    .2
4410300119961005   1.0
4410300119961006   2.4
4410300119961007    .0
4410300119961008    .2
4410300119961009    .6
4410300119961010    .0
4410300119961011    .2
4410300119961012    .0
4410300119961013    .6
4410300119961014   2.4
4410300119961015    .6
4410300119961016   1.8
4410300119961017    .2
4410300119961018    .8
4410300119961019    .2
4410300119961020   1.0
4410300119961021    .2
4410300119961022    .2
4410300119961023    .0
4410300119961024   2.8
4410300119961025   5.0
4410300119961026    .8
4410300119961027    .4
4410300119961028    .4
4410300119961029    .0
4410300119961030    .0
4410300119961031   1.0
4410300119961101    .0
4410300119961102    .0
4410300119961103    .0
4410300119961104  26.4
4410300119961105    .2
4410300119961106  13.4
4410300119961107   5.4
4410300119961108   1.2
4410300119961109   4.4
4410300119961110  12.2
4410300119961111  11.0
4410300119961112    .0
4410300119961113    .0
4410300119961114    .2
4410300119961115    .2
4410300119961116    .0
4410300119961117   1.4
4410300119961118   8.8
4410300119961119  16.4
4410300119961120    .0
4410300119961121   2.2
4410300119961122    .8
4410300119961123    .0
4410300119961124  15.8
4410300119961125    .6
4410300119961126   5.4
4410300119961127   1.6
4410300119961128   1.2
4410300119961129    .4
4410300119961130    .2
4410300119961201    .8
4410300119961202    .0
4410300119961203  13.0
4410300119961204    .2
4410300119961205    .0
4410300119961206   2.4
4410300119961207    .0
4410300119961208    .0
4410300119961209    .0
4410300119961210    .0
4410300119961211    .0
4410300119961212   1.4
4410300119961213   1.4
4410300119961214    .0
4410300119961215    .2
4410300119961216   3.0
4410300119961217    .4
4410300119961218   2.8
4410300119961219   7.8
4410300119961220    .0
4410300119961221   1.4
4410300119961222   1.2
4410300119961223   6.6
4410300119961224    .0
4410300119961225   2.4
4410300119961226    .0
4410300119961227    .0
4410300119961228    .0
4410300119961229    .0
4410300119961230    .0
4410300119961231    .0
4410300119970101    .0
4410300119970102    .0
4410300119970103   5.0
4410300119970104    .2
4410300119970105    .0
4410300119970106    .0
4410300119970107    .0
4410300119970108   1.6
4410300119970109    .0
4410300119970110    .0
4410300119970111    .4
4410300119970112    .0
4410300119970113    .0
4410300119970114    .2
4410300119970115    .0
4410300119970116    .0
4410300119970117   4.0
4410300119970118   1.6
4410300119970119    .0
4410300119970120    .0
4410300119970121   2.4
4410300119970122    .0
4410300119970123    .6
4410300119970124    .2
4410300119970125    .6
4410300119970126    .2
4410300119970127    .0
4410300119970128    .0
4410300119970129    .0
4410300119970130    .0
4410300119970131    .0
4410300119970201    .2
4410300119970202   3.8
4410300119970203    .0
4410300119970204   6.2
4410300119970205    .0
4410300119970206    .2
4410300119970207    .2
4410300119970208    .0
4410300119970209    .2
4410300119970210   8.6
4410300119970211   2.0
4410300119970212   4.4
4410300119970213  12.8
4410300119970214   3.8
4410300119970215    .0
4410300119970216   1.2
4410300119970217   5.0
4410300119970218   1.4
4410300119970219    .8
4410300119970220    .2
4410300119970221    .0
4410300119970222    .0
4410300119970223   5.6
4410300119970224  15.2
4410300119970225  21.0
4410300119970226    .8
4410300119970227    .2
4410300119970228    .0
4410300119970301    .0
4410300119970302    .0
4410300119970303    .0
4410300119970304    .4
4410300119970305    .0
4410300119970306    .2
4410300119970307    .2
4410300119970308    .2
4410300119970309    .2
4410300119970310    .0
4410300119970311    .0
4410300119970312    .2
4410300119970313    .2
4410300119970314    .0
4410300119970315    .0
4410300119970316    .0
4410300119970317    .0
4410300119970318    .0
4410300119970319    .0
4410300119970320    .0
4410300119970321    .0
4410300119970322    .0
4410300119970323   1.2
4410300119970324   2.0
4410300119970325    .0
4410300119970326    .4
4410300119970327    .4
4410300119970328    .0
4410300119970329    .2
4410300119970330    .0
4410300119970331    .0
4410300119970401    .0
4410300119970402    .2
4410300119970403    .0
4410300119970404    .0
4410300119970405    .2
4410300119970406    .0
4410300119970407    .0
4410300119970408    .0
4410300119970409    .0
4410300119970410    .0
4410300119970411    .0
4410300119970412    .0
4410300119970413    .0
4410300119970414    .0
4410300119970415    .0
4410300119970416    .0
4410300119970417    .0
4410300119970418    .0
4410300119970419    .0
4410300119970420    .0
4410300119970421    .0
4410300119970422    .0
4410300119970423    .0
4410300119970424    .2
4410300119970425   1.8
4410300119970426   9.2
4410300119970427    .6
4410300119970428    .0
4410300119970429    .2
4410300119970430    .0
4410300119970501    .0
4410300119970502    .0
4410300119970503    .0
4410300119970504   4.4
4410300119970505   7.8
4410300119970506    .6
4410300119970507   4.4
4410300119970508   8.2
4410300119970509   1.2
4410300119970510   8.2
4410300119970511   3.6
4410300119970512    .4
4410300119970513    .2
4410300119970514    .0
4410300119970515   1.0
4410300119970516   4.8
4410300119970517    .4
4410300119970518   2.8
4410300119970519   3.0
4410300119970520   3.8
4410300119970521   5.4
4410300119970522    .6
4410300119970523    .0
4410300119970524   2.2
4410300119970525    .0
4410300119970526    .0
4410300119970527    .0
4410300119970528    .0
4410300119970529    .0
4410300119970530    .0
4410300119970531    .0
4410300119970601    .0
4410300119970602    .0
4410300119970603    .0
4410300119970604   1.6
4410300119970605   3.4
4410300119970606   7.4
4410300119970607   5.4
4410300119970608    .0
4410300119970609    .2
4410300119970610   3.0
4410300119970611   2.8
4410300119970612    .0
4410300119970613   6.6
4410300119970614    .2
4410300119970615    .0
4410300119970616   9.2
4410300119970617    .6
4410300119970618   1.8
4410300119970619   1.8
4410300119970620   3.2
4410300119970621   5.4
4410300119970622   4.8
4410300119970623    .0
4410300119970624   1.2
4410300119970625  15.2
4410300119970626  11.6
4410300119970627   1.6
4410300119970628   6.4
4410300119970629   1.2
4410300119970630    .6
4410300119970701   3.4
4410300119970702   1.4
4410300119970703   1.6
4410300119970704   3.6
4410300119970705    .0
4410300119970706    .2
4410300119970707    .0
4410300119970708    .0
4410300119970709    .0
4410300119970710    .0
4410300119970711    .0
4410300119970712    .2
4410300119970713    .0
4410300119970714    .0
4410300119970715    .2
4410300119970716    .0
4410300119970717    .0
4410300119970718    .0
4410300119970719    .0
4410300119970720    .0
4410300119970721    .0
4410300119970722    .0
4410300119970723    .0
4410300119970724    .4
4410300119970725   1.6
4410300119970726    .0
4410300119970727    .8
4410300119970728    .0
4410300119970729    .0
4410300119970730    .2
4410300119970731    .0
4410300119970801    .0
4410300119970802    .0
4410300119970803    .0
4410300119970804   2.4
4410300119970805    .2
4410300119970806    .0
4410300119970807   2.0
4410300119970808    .0
4410300119970809    .0
4410300119970810    .4
4410300119970811    .4
4410300119970812    .0
4410300119970813    .0
4410300119970814    .0
4410300119970815    .0
4410300119970816    .0
4410300119970817    .0
4410300119970818    .0
4410300119970819    .0
4410300119970820    .2
4410300119970821    .2
4410300119970822    .2
4410300119970823    .0
4410300119970824   9.0
4410300119970825    .2
4410300119970826   7.0
4410300119970827   9.4
4410300119970828   2.8
4410300119970829  15.4
4410300119970830    .0
4410300119970831    .0
4410300119970901    .0
4410300119970902    .0
4410300119970903    .2
4410300119970904   1.8
4410300119970905    .0
4410300119970906    .2
4410300119970907    .0
4410300119970908    .2
4410300119970909    .0
4410300119970910    .0
4410300119970911    .0
4410300119970912   2.2
4410300119970913    .0
4410300119970914    .2
4410300119970915    .0
4410300119970916    .0
4410300119970917    .0
4410300119970918    .0
4410300119970919    .0
4410300119970920    .0
4410300119970921    .0
4410300119970922    .2
4410300119970923    .0
4410300119970924    .0
4410300119970925    .0
4410300119970926    .0
4410300119970927    .0
4410300119970928    .2
4410300119970929    .0
4410300119970930    .0
4410300119971001    .0
4410300119971002    .2
4410300119971003    .0
4410300119971004    .2
4410300119971005    .0
4410300119971006    .2
4410300119971007   2.8
4410300119971008   5.8
4410300119971009  17.2
4410300119971010    .4
4410300119971011   2.6
4410300119971012    .0
4410300119971013    .2
4410300119971014   1.8
4410300119971015    .4
4410300119971016    .2
4410300119971017    .0
4410300119971018    .0
4410300119971019  11.6
4410300119971020   2.6
4410300119971021   1.2
4410300119971022   1.6
4410300119971023    .2
4410300119971024    .0
4410300119971025    .0
4410300119971026    .0
4410300119971027    .0
4410300119971028    .0
4410300119971029    .0
4410300119971030    .0
4410300119971031    .0
4410300119971101    .0
4410300119971102    .2
4410300119971103   8.2
4410300119971104   1.2
4410300119971105  27.8
4410300119971106    .2
4410300119971107   5.8
4410300119971108  20.0
4410300119971109  16.4
4410300119971110   5.0
4410300119971111   5.0
4410300119971112    .6
4410300119971113    .2
4410300119971114   1.4
4410300119971115   3.0
4410300119971116    .0
4410300119971117    .8
4410300119971118   9.2
4410300119971119   6.2
4410300119971120   8.4
4410300119971121   2.2
4410300119971122   1.4
4410300119971123   2.0
4410300119971124   1.2
4410300119971125    .0
4410300119971126   1.0
4410300119971127   7.2
4410300119971128  10.6
4410300119971129   2.0
4410300119971130    .2
4410300119971201   2.4
4410300119971202    .0
4410300119971203    .4
4410300119971204    .6
4410300119971205    .0
4410300119971206    .2
4410300119971207   6.0
4410300119971208   2.8
4410300119971209   7.2
4410300119971210  19.8
4410300119971211   6.2
4410300119971212    .0
4410300119971213    .2
4410300119971214    .0
4410300119971215    .0
4410300119971216   3.0
4410300119971217   6.2
4410300119971218    .0
4410300119971219    .8
4410300119971220    .8
4410300119971221    .0
4410300119971222   1.8
4410300119971223   4.0
4410300119971224  15.4
4410300119971225   4.8
4410300119971226   1.6
4410300119971227    .2
4410300119971228    .2
4410300119971229  10.2
4410300119971230  14.0
4410300119971231    .8
4410300119980101  12.2
4410300119980102  10.0
4410300119980103   6.0
4410300119980104   8.4
4410300119980105   5.0
4410300119980106   4.2
4410300119980107   1.6
4410300119980108    .0
4410300119980109    .2
4410300119980110    .0
4410300119980111    .0
4410300119980112    .6
4410300119980113  10.6
4410300119980114   6.8
4410300119980115  17.2
4410300119980116    .4
4410300119980117   4.2
4410300119980118  17.4
4410300119980119    .0
4410300119980120    .0
4410300119980121    .2
4410300119980122    .0
4410300119980123    .0
4410300119980124    .0
4410300119980125    .0
4410300119980126    .0
4410300119980127    .0
4410300119980128    .0
4410300119980129    .0
4410300119980130    .0
4410300119980131    .0
4410300119980201    .0
4410300119980202    .0
4410300119980203    .0
4410300119980204    .0
4410300119980205    .2
4410300119980206    .0
4410300119980207    .2
4410300119980208    .2
4410300119980209    .0
4410300119980210    .2
4410300119980211    .2
4410300119980212    .2
4410300119980213    .2
4410300119980214    .2
4410300119980215    .0
4410300119980216    .0
4410300119980217    .0
4410300119980218    .2
4410300119980219    .0
4410300119980220   1.0
4410300119980221  16.2
4410300119980222    .2
4410300119980223    .0
4410300119980224    .0
4410300119980225    .0
4410300119980226    .0
4410300119980227   1.6
4410300119980228    .0
4410300119980301    .8
4410300119980302    .0
4410300119980303    .0
4410300119980304   4.4
4410300119980305    .0
4410300119980306    .2
4410300119980307   6.2
4410300119980308   4.4
4410300119980309    .0
4410300119980310   6.4
4410300119980311    .4
4410300119980312    .0
4410300119980313    .8
4410300119980314    .0
4410300119980315    .0
4410300119980316    .2
4410300119980317    .0
4410300119980318    .2
4410300119980319    .0
4410300119980320    .0
4410300119980321    .0
4410300119980322    .0
4410300119980323    .2
4410300119980324    .0
4410300119980325    .2
4410300119980326    .0
4410300119980327    .0
4410300119980328    .0
4410300119980329   4.8
4410300119980330    .2
4410300119980331    .0
4410300119980401   9.6
4410300119980402  21.2
4410300119980403   6.6
4410300119980404   6.4
4410300119980405  16.4
4410300119980406   5.6
4410300119980407   3.6
4410300119980408    .8
4410300119980409  11.2
4410300119980410   1.6
4410300119980411  12.2
4410300119980412   2.2
4410300119980413   4.4
4410300119980414   5.4
4410300119980415   1.2
4410300119980416  12.8
4410300119980417   1.6
4410300119980418    .2
4410300119980419  10.8
4410300119980420    .0
4410300119980421    .2
4410300119980422    .0
4410300119980423   4.4
4410300119980424   1.8
4410300119980425   1.4
4410300119980426   1.4
4410300119980427    .2
4410300119980428   7.0
4410300119980429    .6
4410300119980430  10.8
4410300119980501    .0
4410300119980502   3.0
4410300119980503    .0
4410300119980504    .0
4410300119980505    .0
4410300119980506    .0
4410300119980507    .0
4410300119980508    .0
4410300119980509    .4
4410300119980510    .2
4410300119980511    .0
4410300119980512    .0
4410300119980513    .0
4410300119980514    .0
4410300119980515   7.6
4410300119980516    .0
4410300119980517    .0
4410300119980518    .0
4410300119980519    .0
4410300119980520    .0
4410300119980521    .0
4410300119980522    .0
4410300119980523    .0
4410300119980524    .0
4410300119980525    .0
4410300119980526   5.8
4410300119980527    .0
4410300119980528    .0
4410300119980529   7.6
4410300119980530  16.8
4410300119980531   1.0
4410300119980601   2.0
4410300119980602    .4
4410300119980603    .0
4410300119980604   1.2
4410300119980605    .2
4410300119980606    .2
4410300119980607    .2
4410300119980608    .0
4410300119980609   7.2
4410300119980610   2.0
4410300119980611   1.0
4410300119980612   4.2
4410300119980613  20.8
4410300119980614   1.0
4410300119980615    .0
4410300119980616    .0
4410300119980617    .0
4410300119980618    .0
4410300119980619    .0
4410300119980620    .0
4410300119980621    .0
4410300119980622    .0
4410300119980623    .0
4410300119980624    .0
4410300119980625    .0
4410300119980626    .0
4410300119980627   1.4
4410300119980628    .0
4410300119980629    .0
4410300119980630    .2
4410300119980701  27.4
4410300119980702   7.2
4410300119980703    .0
4410300119980704    .0
4410300119980705    .0
4410300119980706    .0
4410300119980707    .2
4410300119980708    .0
4410300119980709    .2
4410300119980710    .2
4410300119980711    .2
4410300119980712   2.2
4410300119980713   2.0
4410300119980714    .0
4410300119980715    .0
4410300119980716    .6
4410300119980717    .6
4410300119980718    .2
4410300119980719    .0
4410300119980720   4.2
4410300119980721    .4
4410300119980722   2.6
4410300119980723    .0
4410300119980724    .0
4410300119980725    .0
4410300119980726    .2
4410300119980727    .0
4410300119980728   3.0
4410300119980729    .6
4410300119980730    .4
4410300119980731    .0
4410300119980801    .0
4410300119980802    .2
4410300119980803    .0
4410300119980804    .2
4410300119980805    .0
4410300119980806    .0
4410300119980807    .0
4410300119980808    .0
4410300119980809    .0
4410300119980810    .2
4410300119980811    .0
4410300119980812    .2
4410300119980813    .0
4410300119980814    .0
4410300119980815    .2
4410300119980816    .0
4410300119980817    .0
4410300119980818    .2
4410300119980819    .0
4410300119980820    .0
4410300119980821    .4
4410300119980822    .0
4410300119980823    .2
4410300119980824    .0
4410300119980825    .2
4410300119980826    .2
4410300119980827    .0
4410300119980828    .0
4410300119980829    .0
4410300119980830    .0
4410300119980831    .0
4410300119980901    .2
4410300119980902   1.4
4410300119980903   5.8
4410300119980904  12.2
4410300119980905    .0
4410300119980906   2.2
4410300119980907   2.2
4410300119980908   7.0
4410300119980909    .0
4410300119980910   3.2
4410300119980911  10.8
4410300119980912   2.0
4410300119980913    .0
4410300119980914    .0
4410300119980915   4.8
4410300119980916    .2
4410300119980917    .2
4410300119980918    .0
4410300119980919    .0
4410300119980920    .0
4410300119980921    .0
4410300119980922    .0
4410300119980923    .2
4410300119980924   6.0
4410300119980925  24.6
4410300119980926   4.6
4410300119980927    .0
4410300119980928    .2
4410300119980929   5.0
4410300119980930  12.6
4410300119981001   3.2
4410300119981002    .2
4410300119981003    .0
4410300119981004    .6
4410300119981005    .0
4410300119981006    .2
4410300119981007    .2
4410300119981008    .0
4410300119981009   1.8
4410300119981010    .0
4410300119981011   1.0
4410300119981012    .0
4410300119981013    .4
4410300119981014    .8
4410300119981015    .2
4410300119981016   1.0
4410300119981017   4.6
4410300119981018    .6
4410300119981019    .0
4410300119981020    .2
4410300119981021  14.2
4410300119981022    .0
4410300119981023   5.8
4410300119981024  14.2
4410300119981025   5.6
4410300119981026   2.8
4410300119981027   2.8
4410300119981028   4.0
4410300119981029    .2
4410300119981030    .6
4410300119981031   9.2
4410300119981101    .2
4410300119981102   3.0
4410300119981103   5.6
4410300119981104    .6
4410300119981105    .0
4410300119981106    .2
4410300119981107    .0
4410300119981108   3.4
4410300119981109   5.4
4410300119981110    .2
4410300119981111   2.8
4410300119981112   1.0
4410300119981113   8.8
4410300119981114    .0
4410300119981115    .2
4410300119981116    .2
4410300119981117    .0
4410300119981118    .0
4410300119981119    .0
4410300119981120    .0
4410300119981121    .2
4410300119981122    .0
4410300119981123    .0
4410300119981124   4.0
4410300119981125    .2
4410300119981126    .0
4410300119981127    .0
4410300119981128   1.0
4410300119981129    .8
4410300119981130    .2
4410300119981201    .0
4410300119981202    .0
4410300119981203    .0
4410300119981204    .0
4410300119981205    .2
4410300119981206    .0
4410300119981207    .8
4410300119981208   9.0
4410300119981209   2.2
4410300119981210   4.2
4410300119981211   2.6
4410300119981212    .2
4410300119981213    .0
4410300119981214    .0
4410300119981215    .2
4410300119981216    .2
4410300119981217   2.0
4410300119981218    .4
4410300119981219  25.0
4410300119981220    .2
4410300119981221    .2
4410300119981222    .0
4410300119981223   2.6
4410300119981224    .2
4410300119981225    .8
4410300119981226  33.4
4410300119981227   6.2
4410300119981228   1.8
4410300119981229    .0
4410300119981230  34.0
4410300119981231    .8
