4505500119940101   5.8
4505500119940102    .0
4505500119940103   5.8
4505500119940104   3.4
4505500119940105  15.4
4505500119940106   1.6
4505500119940107    .0
4505500119940108   1.4
4505500119940109   1.8
4505500119940110   8.4
4505500119940111   2.0
4505500119940112   3.2
4505500119940113    .3
4505500119940114    .0
4505500119940115   2.2
4505500119940116    .4
4505500119940117    .0
4505500119940118    .0
4505500119940119   3.0
4505500119940120    .4
4505500119940121    .6
4505500119940122    .2
4505500119940123   2.6
4505500119940124   1.6
4505500119940125    .3
4505500119940126    .0
4505500119940127   2.2
4505500119940128    .0
4505500119940129    .0
4505500119940130    .0
4505500119940131    .0
4505500119940201   4.6
4505500119940202  16.0
4505500119940203   9.6
4505500119940204   3.8
4505500119940205    .0
4505500119940206    .0
4505500119940207   5.0
4505500119940208   1.0
4505500119940209   4.4
4505500119940210    .0
4505500119940211   8.0
4505500119940212    .0
4505500119940213    .2
4505500119940214   7.4
4505500119940215    .2
4505500119940216    .0
4505500119940217    .0
4505500119940218   1.8
4505500119940219   3.8
4505500119940220   2.4
4505500119940221   2.0
4505500119940222    .3
4505500119940223   7.2
4505500119940224   1.5
4505500119940225    .8
4505500119940226    .0
4505500119940227   3.4
4505500119940228   1.1
4505500119940301    .0
4505500119940302   6.2
4505500119940303   1.4
4505500119940304    .0
4505500119940305    .0
4505500119940306    .0
4505500119940307    .2
4505500119940308    .6
4505500119940309    .0
4505500119940310    .0
4505500119940311    .0
4505500119940312    .0
4505500119940313    .4
4505500119940314    .0
4505500119940315    .2
4505500119940316    .6
4505500119940317    .0
4505500119940318    .0
4505500119940319    .6
4505500119940320   4.0
4505500119940321   6.4
4505500119940322    .0
4505500119940323    .0
4505500119940324    .0
4505500119940325    .8
4505500119940326    .0
4505500119940327    .0
4505500119940328    .2
4505500119940329    .0
4505500119940330   8.0
4505500119940331   2.0
4505500119940401   1.0
4505500119940402   4.1
4505500119940403   9.2
4505500119940404   3.4
4505500119940405   5.2
4505500119940406   3.3
4505500119940407   2.6
4505500119940408   5.6
4505500119940409   2.0
4505500119940410   3.6
4505500119940411    .0
4505500119940412    .0
4505500119940413    .0
4505500119940414   1.0
4505500119940415    .0
4505500119940416    .0
4505500119940417    .0
4505500119940418    .0
4505500119940419    .0
4505500119940420    .0
4505500119940421    .0
4505500119940422    .0
4505500119940423    .2
4505500119940424    .4
4505500119940425   1.0
4505500119940426   1.4
4505500119940427    .0
4505500119940428    .0
4505500119940429    .0
4505500119940430    .0
4505500119940501    .0
4505500119940502    .0
4505500119940503    .0
4505500119940504   1.8
4505500119940505   1.8
4505500119940506    .0
4505500119940507   2.3
4505500119940508    .0
4505500119940509    .0
4505500119940510    .0
4505500119940511   2.2
4505500119940512    .0
4505500119940513   3.2
4505500119940514  16.0
4505500119940515   6.6
4505500119940516   3.0
4505500119940517    .2
4505500119940518    .0
4505500119940519   1.0
4505500119940520  14.2
4505500119940521    .6
4505500119940522   2.3
4505500119940523   3.8
4505500119940524    .4
4505500119940525   6.6
4505500119940526   6.0
4505500119940527    .0
4505500119940528    .2
4505500119940529    .0
4505500119940530    .0
4505500119940531    .0
4505500119940601  11.2
4505500119940602   5.4
4505500119940603    .0
4505500119940604   8.2
4505500119940605    .0
4505500119940606   1.6
4505500119940607    .0
4505500119940608    .0
4505500119940609    .0
4505500119940610    .0
4505500119940611    .0
4505500119940612    .0
4505500119940613    .0
4505500119940614    .0
4505500119940615    .0
4505500119940616    .0
4505500119940617    .0
4505500119940618   2.4
4505500119940619    .0
4505500119940620    .0
4505500119940621    .0
4505500119940622    .0
4505500119940623    .0
4505500119940624   9.6
4505500119940625   5.4
4505500119940626    .0
4505500119940627    .0
4505500119940628    .0
4505500119940629    .0
4505500119940630    .0
4505500119940701    .0
4505500119940702    .0
4505500119940703    .0
4505500119940704    .0
4505500119940705    .0
4505500119940706    .0
4505500119940707   2.2
4505500119940708    .8
4505500119940709    .0
4505500119940710    .0
4505500119940711    .0
4505500119940712    .0
4505500119940713    .0
4505500119940714    .0
4505500119940715    .0
4505500119940716    .0
4505500119940717   8.6
4505500119940718   1.4
4505500119940719  12.6
4505500119940720    .0
4505500119940721    .0
4505500119940722    .0
4505500119940723    .0
4505500119940724  14.0
4505500119940725    .0
4505500119940726    .0
4505500119940727   2.5
4505500119940728    .0
4505500119940729    .0
4505500119940730  19.0
4505500119940731    .3
4505500119940801    .0
4505500119940802    .0
4505500119940803    .0
4505500119940804    .0
4505500119940805    .0
4505500119940806    .0
4505500119940807  18.5
4505500119940808    .0
4505500119940809  27.2
4505500119940810   5.1
4505500119940811   1.9
4505500119940812    .0
4505500119940813    .0
4505500119940814    .0
4505500119940815    .0
4505500119940816    .0
4505500119940817   3.2
4505500119940818    .0
4505500119940819    .0
4505500119940820    .0
4505500119940821    .0
4505500119940822    .0
4505500119940823    .0
4505500119940824    .2
4505500119940825    .6
4505500119940826    .0
4505500119940827   1.4
4505500119940828    .0
4505500119940829    .0
4505500119940830    .0
4505500119940831   7.9
4505500119940901   2.4
4505500119940902    .0
4505500119940903    .0
4505500119940904    .0
4505500119940905   6.0
4505500119940906   7.4
4505500119940907    .8
4505500119940908   5.4
4505500119940909   4.4
4505500119940910  13.6
4505500119940911   2.6
4505500119940912    .7
4505500119940913   1.0
4505500119940914   8.8
4505500119940915   1.0
4505500119940916    .3
4505500119940917   4.3
4505500119940918    .0
4505500119940919   9.4
4505500119940920   8.2
4505500119940921    .0
4505500119940922    .8
4505500119940923   7.3
4505500119940924    .0
4505500119940925   9.6
4505500119940926   1.0
4505500119940927    .6
4505500119940928    .0
4505500119940929    .0
4505500119940930    .0
4505500119941001    .0
4505500119941002   5.2
4505500119941003    .8
4505500119941004    .0
4505500119941005    .0
4505500119941006    .0
4505500119941007    .0
4505500119941008    .0
4505500119941009    .0
4505500119941010   2.8
4505500119941011    .0
4505500119941012    .0
4505500119941013    .0
4505500119941014    .0
4505500119941015    .0
4505500119941016    .0
4505500119941017    .0
4505500119941018    .0
4505500119941019  10.4
4505500119941020    .0
4505500119941021   4.4
4505500119941022   9.4
4505500119941023   2.2
4505500119941024   9.0
4505500119941025   2.0
4505500119941026    .0
4505500119941027   7.0
4505500119941028    .0
4505500119941029   1.4
4505500119941030    .0
4505500119941031    .2
4505500119941101    .0
4505500119941102    .8
4505500119941103    .0
4505500119941104  26.8
4505500119941105   2.8
4505500119941106    .0
4505500119941107    .0
4505500119941108    .0
4505500119941109   9.2
4505500119941110   3.2
4505500119941111    .0
4505500119941112   1.6
4505500119941113    .0
4505500119941114    .3
4505500119941115   3.2
4505500119941116    .0
4505500119941117    .0
4505500119941118   8.0
4505500119941119    .0
4505500119941120    .0
4505500119941121    .0
4505500119941122    .0
4505500119941123    .0
4505500119941124    .0
4505500119941125    .0
4505500119941126    .0
4505500119941127    .0
4505500119941128    .0
4505500119941129    .0
4505500119941130    .0
4505500119941201    .0
4505500119941202    .0
4505500119941203    .8
4505500119941204  10.0
4505500119941205    .8
4505500119941206    .0
4505500119941207    .6
4505500119941208   6.6
4505500119941209  13.6
4505500119941210    .0
4505500119941211    .0
4505500119941212    .0
4505500119941213    .6
4505500119941214    .4
4505500119941215    .0
4505500119941216   1.2
4505500119941217    .0
4505500119941218   2.6
4505500119941219    .7
4505500119941220   1.0
4505500119941221    .9
4505500119941222    .0
4505500119941223    .0
4505500119941224    .0
4505500119941225    .0
4505500119941226   2.0
4505500119941227   8.0
4505500119941228    .0
4505500119941229   7.4
4505500119941230    .0
4505500119941231    .5
4505500119950101    .6
4505500119950102    .0
4505500119950103    .0
4505500119950104    .0
4505500119950105   7.4
4505500119950106    .0
4505500119950107    .0
4505500119950108   4.0
4505500119950109    .2
4505500119950110   1.0
4505500119950111    .8
4505500119950112    .0
4505500119950113    .0
4505500119950114    .2
4505500119950115    .0
4505500119950116    .0
4505500119950117   9.6
4505500119950118   8.8
4505500119950119   2.8
4505500119950120   5.6
4505500119950121  21.0
4505500119950122  12.7
4505500119950123    .0
4505500119950124  10.0
4505500119950125   3.6
4505500119950126   7.4
4505500119950127   6.9
4505500119950128   2.3
4505500119950129   1.8
4505500119950130   2.8
4505500119950131    .0
4505500119950201   6.0
4505500119950202    .0
4505500119950203   1.0
4505500119950204   3.9
4505500119950205    .9
4505500119950206    .0
4505500119950207    .4
4505500119950208   4.0
4505500119950209    .6
4505500119950210   2.4
4505500119950211   1.4
4505500119950212    .0
4505500119950213   5.0
4505500119950214   1.2
4505500119950215   2.2
4505500119950216   1.0
4505500119950217   3.8
4505500119950218   1.0
4505500119950219    .8
4505500119950220    .8
4505500119950221    .6
4505500119950222   3.3
4505500119950223   4.2
4505500119950224   7.2
4505500119950225   5.7
4505500119950226    .2
4505500119950227   1.2
4505500119950228    .0
4505500119950301    .6
4505500119950302  11.6
4505500119950303    .0
4505500119950304    .1
4505500119950305   7.1
4505500119950306    .2
4505500119950307  10.5
4505500119950308   5.6
4505500119950309    .0
4505500119950310    .0
4505500119950311    .0
4505500119950312    .0
4505500119950313    .0
4505500119950314   5.0
4505500119950315   1.4
4505500119950316   2.6
4505500119950317   3.6
4505500119950318  11.6
4505500119950319  13.0
4505500119950320    .0
4505500119950321    .0
4505500119950322    .0
4505500119950323    .0
4505500119950324    .0
4505500119950325    .0
4505500119950326    .8
4505500119950327   3.0
4505500119950328   4.4
4505500119950329    .0
4505500119950330    .0
4505500119950331    .2
4505500119950401    .0
4505500119950402    .0
4505500119950403    .0
4505500119950404    .0
4505500119950405    .0
4505500119950406    .0
4505500119950407    .0
4505500119950408    .0
4505500119950409    .0
4505500119950410    .0
4505500119950411    .0
4505500119950412    .0
4505500119950413    .0
4505500119950414    .0
4505500119950415    .1
4505500119950416    .0
4505500119950417    .9
4505500119950418   9.6
4505500119950419   1.4
4505500119950420    .0
4505500119950421   3.0
4505500119950422    .0
4505500119950423   1.4
4505500119950424   7.2
4505500119950425   3.5
4505500119950426   3.0
4505500119950427    .2
4505500119950428    .0
4505500119950429   3.0
4505500119950430    .0
4505500119950501    .0
4505500119950502    .0
4505500119950503    .0
4505500119950504    .0
4505500119950505    .0
4505500119950506    .0
4505500119950507    .0
4505500119950508    .0
4505500119950509    .0
4505500119950510    .0
4505500119950511    .0
4505500119950512  18.8
4505500119950513  10.3
4505500119950514    .0
4505500119950515    .0
4505500119950516  10.4
4505500119950517   8.6
4505500119950518   1.6
4505500119950519    .0
4505500119950520    .0
4505500119950521    .0
4505500119950522    .0
4505500119950523   8.4
4505500119950524    .6
4505500119950525  10.2
4505500119950526    .0
4505500119950527    .0
4505500119950528    .9
4505500119950529   1.0
4505500119950530   2.1
4505500119950531    .0
4505500119950601    .0
4505500119950602    .0
4505500119950603   1.4
4505500119950604    .7
4505500119950605    .0
4505500119950606    .0
4505500119950607    .6
4505500119950608    .2
4505500119950609    .0
4505500119950610    .8
4505500119950611    .0
4505500119950612    .2
4505500119950613   2.0
4505500119950614    .0
4505500119950615    .0
4505500119950616    .0
4505500119950617   6.0
4505500119950618    .2
4505500119950619    .0
4505500119950620    .0
4505500119950621    .0
4505500119950622    .0
4505500119950623    .0
4505500119950624    .0
4505500119950625    .0
4505500119950626    .0
4505500119950627    .0
4505500119950628    .0
4505500119950629    .0
4505500119950630    .0
4505500119950701    .9
4505500119950702    .0
4505500119950703   3.2
4505500119950704    .0
4505500119950705    .0
4505500119950706    .0
4505500119950707    .0
4505500119950708    .0
4505500119950709    .0
4505500119950710   3.0
4505500119950711    .8
4505500119950712    .0
4505500119950713    .0
4505500119950714   4.8
4505500119950715   2.7
4505500119950716    .0
4505500119950717    .0
4505500119950718    .0
4505500119950719    .0
4505500119950720    .0
4505500119950721    .0
4505500119950722  19.8
4505500119950723    .0
4505500119950724    .0
4505500119950725    .0
4505500119950726   3.2
4505500119950727    .0
4505500119950728    .8
4505500119950729    .0
4505500119950730    .0
4505500119950731    .0
4505500119950801    .0
4505500119950802    .0
4505500119950803    .0
4505500119950804    .0
4505500119950805   3.6
4505500119950806   3.5
4505500119950807   7.8
4505500119950808    .0
4505500119950809    .0
4505500119950810    .0
4505500119950811    .0
4505500119950812    .0
4505500119950813    .0
4505500119950814    .0
4505500119950815    .0
4505500119950816    .0
4505500119950817    .0
4505500119950818    .0
4505500119950819    .0
4505500119950820   1.4
4505500119950821    .0
4505500119950822    .0
4505500119950823   1.6
4505500119950824    .0
4505500119950825    .0
4505500119950826    .3
4505500119950827   1.0
4505500119950828    .0
4505500119950829    .1
4505500119950830    .0
4505500119950831   1.5
4505500119950901    .0
4505500119950902   7.6
4505500119950903   2.8
4505500119950904    .0
4505500119950905    .0
4505500119950906   2.4
4505500119950907  10.2
4505500119950908   5.0
4505500119950909    .0
4505500119950910   1.2
4505500119950911    .0
4505500119950912   2.6
4505500119950913    .0
4505500119950914   6.0
4505500119950915   7.4
4505500119950916    .8
4505500119950917  11.9
4505500119950918    .6
4505500119950919   1.0
4505500119950920    .0
4505500119950921    .0
4505500119950922    .0
4505500119950923    .0
4505500119950924  18.2
4505500119950925    .0
4505500119950926    .0
4505500119950927   8.2
4505500119950928   1.0
4505500119950929    .0
4505500119950930    .0
4505500119951001   1.4
4505500119951002   4.8
4505500119951003    .8
4505500119951004    .4
4505500119951005    .0
4505500119951006    .0
4505500119951007    .0
4505500119951008    .0
4505500119951009    .0
4505500119951010    .0
4505500119951011    .0
4505500119951012    .0
4505500119951013    .0
4505500119951014    .0
4505500119951015    .0
4505500119951016    .0
4505500119951017    .0
4505500119951018    .0
4505500119951019    .0
4505500119951020    .0
4505500119951021    .0
4505500119951022    .0
4505500119951023    .0
4505500119951024   1.4
4505500119951025    .0
4505500119951026   1.9
4505500119951027    .4
4505500119951028  21.7
4505500119951029   1.4
4505500119951030    .0
4505500119951031    .0
4505500119951101    .0
4505500119951102    .0
4505500119951103    .0
4505500119951104    .0
4505500119951105    .0
4505500119951106    .0
4505500119951107    .0
4505500119951108    .0
4505500119951109    .0
4505500119951110    .5
4505500119951111    .0
4505500119951112    .0
4505500119951113    .0
4505500119951114   1.1
4505500119951115   8.8
4505500119951116   6.0
4505500119951117   1.4
4505500119951118    .0
4505500119951119    .0
4505500119951120    .0
4505500119951121   2.0
4505500119951122    .6
4505500119951123    .0
4505500119951124    .0
4505500119951125   1.0
4505500119951126   6.6
4505500119951127    .0
4505500119951128    .0
4505500119951129    .0
4505500119951130    .0
4505500119951201    .2
4505500119951202    .6
4505500119951203   3.4
4505500119951204    .2
4505500119951205    .0
4505500119951206    .0
4505500119951207    .0
4505500119951208    .0
4505500119951209    .0
4505500119951210    .0
4505500119951211    .0
4505500119951212    .0
4505500119951213    .0
4505500119951214    .4
4505500119951215   6.2
4505500119951216  11.2
4505500119951217    .0
4505500119951218    .0
4505500119951219    .0
4505500119951220   2.4
4505500119951221   4.6
4505500119951222   3.0
4505500119951223   5.2
4505500119951224   2.0
4505500119951225    .0
4505500119951226    .0
4505500119951227    .0
4505500119951228    .0
4505500119951229    .0
4505500119951230  19.4
4505500119951231   4.4
4505500119960101    .8
4505500119960102    .6
4505500119960103    .0
4505500119960104    .0
4505500119960105   7.0
4505500119960106  10.6
4505500119960107    .0
4505500119960108   1.2
4505500119960109   2.0
4505500119960110   7.0
4505500119960111   2.9
4505500119960112    .0
4505500119960113    .0
4505500119960114    .0
4505500119960115    .0
4505500119960116    .0
4505500119960117    .0
4505500119960118    .0
4505500119960119    .0
4505500119960120    .0
4505500119960121    .0
4505500119960122  12.4
4505500119960123   1.0
4505500119960124    .0
4505500119960125    .2
4505500119960126    .6
4505500119960127    .0
4505500119960128    .0
4505500119960129    .0
4505500119960130    .0
4505500119960131    .0
4505500119960201    .4
4505500119960202    .0
4505500119960203    .0
4505500119960204    .0
4505500119960205    .0
4505500119960206    .0
4505500119960207   5.6
4505500119960208    .0
4505500119960209   1.4
4505500119960210    .2
4505500119960211   1.6
4505500119960212  14.6
4505500119960213   1.2
4505500119960214    .2
4505500119960215    .0
4505500119960216    .0
4505500119960217    .0
4505500119960218   7.4
4505500119960219    .4
4505500119960220   2.0
4505500119960221    .0
4505500119960222   1.4
4505500119960223   1.2
4505500119960224    .8
4505500119960225    .0
4505500119960226   3.1
4505500119960227    .0
4505500119960228    .0
4505500119960229    .0
4505500119960301    .0
4505500119960302    .2
4505500119960303    .8
4505500119960304    .0
4505500119960305    .2
4505500119960306    .2
4505500119960307    .0
4505500119960308    .0
4505500119960309    .0
4505500119960310    .0
4505500119960311    .0
4505500119960312    .0
4505500119960313    .0
4505500119960314    .0
4505500119960315    .0
4505500119960316   2.2
4505500119960317    .0
4505500119960318    .0
4505500119960319    .0
4505500119960320   3.8
4505500119960321   1.4
4505500119960322    .8
4505500119960323    .0
4505500119960324    .4
4505500119960325    .2
4505500119960326    .0
4505500119960327    .0
4505500119960328    .0
4505500119960329    .0
4505500119960330    .0
4505500119960331    .0
4505500119960401    .0
4505500119960402    .0
4505500119960403    .0
4505500119960404    .0
4505500119960405    .0
4505500119960406    .0
4505500119960407    .0
4505500119960408    .0
4505500119960409    .0
4505500119960410    .0
4505500119960411    .0
4505500119960412    .0
4505500119960413   1.4
4505500119960414    .0
4505500119960415    .0
4505500119960416   1.7
4505500119960417    .4
4505500119960418    .0
4505500119960419    .0
4505500119960420    .0
4505500119960421    .0
4505500119960422   1.0
4505500119960423   2.2
4505500119960424    .6
4505500119960425    .0
4505500119960426    .0
4505500119960427    .0
4505500119960428    .0
4505500119960429    .0
4505500119960430    .0
4505500119960501   1.6
4505500119960502   1.8
4505500119960503    .0
4505500119960504    .0
4505500119960505    .0
4505500119960506    .0
4505500119960507    .0
4505500119960508    .0
4505500119960509    .0
4505500119960510    .0
4505500119960511    .0
4505500119960512    .0
4505500119960513    .0
4505500119960514    .0
4505500119960515   1.0
4505500119960516   1.6
4505500119960517   8.8
4505500119960518  15.2
4505500119960519   1.0
4505500119960520    .4
4505500119960521   1.0
4505500119960522   1.0
4505500119960523    .0
4505500119960524    .0
4505500119960525   5.8
4505500119960526    .8
4505500119960527    .2
4505500119960528    .0
4505500119960529    .0
4505500119960530    .0
4505500119960531   3.4
4505500119960601    .0
4505500119960602    .0
4505500119960603    .0
4505500119960604    .0
4505500119960605    .0
4505500119960606    .0
4505500119960607    .0
4505500119960608    .0
4505500119960609    .0
4505500119960610   1.6
4505500119960611    .0
4505500119960612    .0
4505500119960613    .0
4505500119960614    .0
4505500119960615    .0
4505500119960616    .0
4505500119960617    .0
4505500119960618    .0
4505500119960619   1.2
4505500119960620    .0
4505500119960621    .1
4505500119960622    .3
4505500119960623    .0
4505500119960624    .0
4505500119960625    .0
4505500119960626    .0
4505500119960627    .0
4505500119960628    .0
4505500119960629    .0
4505500119960630    .8
4505500119960701    .0
4505500119960702    .0
4505500119960703   4.8
4505500119960704   3.0
4505500119960705  11.8
4505500119960706    .0
4505500119960707   3.2
4505500119960708    .0
4505500119960709    .0
4505500119960710    .0
4505500119960711    .0
4505500119960712    .0
4505500119960713    .0
4505500119960714    .0
4505500119960715    .0
4505500119960716    .0
4505500119960717    .0
4505500119960718    .0
4505500119960719    .0
4505500119960720    .0
4505500119960721    .0
4505500119960722    .0
4505500119960723    .0
4505500119960724    .0
4505500119960725    .0
4505500119960726    .0
4505500119960727    .0
4505500119960728    .0
4505500119960729    .0
4505500119960730    .0
4505500119960731    .0
4505500119960801    .0
4505500119960802    .0
4505500119960803    .0
4505500119960804    .0
4505500119960805    .0
4505500119960806    .4
4505500119960807    .0
4505500119960808    .0
4505500119960809    .0
4505500119960810  11.8
4505500119960811   1.2
4505500119960812   9.2
4505500119960813    .0
4505500119960814    .0
4505500119960815    .0
4505500119960816    .0
4505500119960817    .0
4505500119960818    .0
4505500119960819    .0
4505500119960820    .4
4505500119960821  23.8
4505500119960822    .6
4505500119960823    .0
4505500119960824    .8
4505500119960825   3.0
4505500119960826    .0
4505500119960827   6.6
4505500119960828    .0
4505500119960829    .8
4505500119960830    .0
4505500119960831    .0
4505500119960901    .0
4505500119960902    .0
4505500119960903    .0
4505500119960904    .0
4505500119960905    .0
4505500119960906    .0
4505500119960907    .0
4505500119960908    .0
4505500119960909    .0
4505500119960910    .0
4505500119960911    .0
4505500119960912    .0
4505500119960913    .0
4505500119960914    .0
4505500119960915    .0
4505500119960916    .0
4505500119960917    .0
4505500119960918   5.8
4505500119960919  13.2
4505500119960920    .4
4505500119960921    .0
4505500119960922    .0
4505500119960923    .0
4505500119960924    .0
4505500119960925   1.4
4505500119960926    .2
4505500119960927    .4
4505500119960928    .0
4505500119960929    .0
4505500119960930  18.0
4505500119961001   5.4
4505500119961002    .0
4505500119961003    .0
4505500119961004   1.2
4505500119961005    .4
4505500119961006    .0
4505500119961007    .0
4505500119961008    .0
4505500119961009   3.4
4505500119961010    .0
4505500119961011    .0
4505500119961012    .0
4505500119961013    .2
4505500119961014   2.2
4505500119961015    .8
4505500119961016   5.4
4505500119961017    .0
4505500119961018   4.4
4505500119961019    .0
4505500119961020   1.8
4505500119961021    .2
4505500119961022    .0
4505500119961023    .0
4505500119961024    .0
4505500119961025    .4
4505500119961026    .2
4505500119961027    .0
4505500119961028    .8
4505500119961029   1.0
4505500119961030    .0
4505500119961031   1.2
4505500119961101    .0
4505500119961102    .0
4505500119961103    .0
4505500119961104   8.4
4505500119961105    .0
4505500119961106  14.2
4505500119961107   7.6
4505500119961108    .0
4505500119961109    .0
4505500119961110  14.0
4505500119961111   5.8
4505500119961112   2.0
4505500119961113    .0
4505500119961114    .0
4505500119961115    .0
4505500119961116    .0
4505500119961117   1.0
4505500119961118    .4
4505500119961119   7.4
4505500119961120    .4
4505500119961121    .0
4505500119961122    .0
4505500119961123   1.0
4505500119961124   8.6
4505500119961125   1.6
4505500119961126    .4
4505500119961127  14.2
4505500119961128   1.6
4505500119961129  10.2
4505500119961130   1.2
4505500119961201   1.2
4505500119961202    .0
4505500119961203   4.0
4505500119961204   2.2
4505500119961205   3.0
4505500119961206   2.2
4505500119961207    .0
4505500119961208    .0
4505500119961209    .0
4505500119961210    .0
4505500119961211    .0
4505500119961212   2.4
4505500119961213    .6
4505500119961214    .0
4505500119961215    .0
4505500119961216    .0
4505500119961217    .8
4505500119961218   3.4
4505500119961219   3.6
4505500119961220    .0
4505500119961221   2.6
4505500119961222   4.6
4505500119961223   5.2
4505500119961224    .0
4505500119961225    .0
4505500119961226    .0
4505500119961227    .0
4505500119961228    .0
4505500119961229    .0
4505500119961230    .0
4505500119961231    .8
4505500119970101    .0
4505500119970102    .0
4505500119970103   1.2
4505500119970104    .2
4505500119970105    .0
4505500119970106    .0
4505500119970107    .0
4505500119970108    .0
4505500119970109    .0
4505500119970110    .0
4505500119970111    .0
4505500119970112    .0
4505500119970113    .0
4505500119970114    .0
4505500119970115    .0
4505500119970116    .0
4505500119970117    .2
4505500119970118   1.6
4505500119970119   2.8
4505500119970120    .0
4505500119970121    .0
4505500119970122   3.0
4505500119970123    .2
4505500119970124   1.6
4505500119970125    .0
4505500119970126    .0
4505500119970127    .0
4505500119970128    .0
4505500119970129    .0
4505500119970130    .0
4505500119970131    .0
4505500119970201    .0
4505500119970202    .0
4505500119970203    .0
4505500119970204   2.2
4505500119970205   2.0
4505500119970206    .0
4505500119970207    .0
4505500119970208    .0
4505500119970209    .0
4505500119970210   1.4
4505500119970211   2.0
4505500119970212   6.0
4505500119970213   8.0
4505500119970214  13.2
4505500119970215    .0
4505500119970216   1.8
4505500119970217   1.2
4505500119970218   3.8
4505500119970219    .2
4505500119970220    .0
4505500119970221    .0
4505500119970222    .0
4505500119970223    .8
4505500119970224  16.6
4505500119970225  30.6
4505500119970226   3.8
4505500119970227    .0
4505500119970228    .0
4505500119970301    .0
4505500119970302    .8
4505500119970303    .2
4505500119970304   3.6
4505500119970305    .4
4505500119970306   1.4
4505500119970307    .0
4505500119970308    .0
4505500119970309    .0
4505500119970310    .0
4505500119970311    .0
4505500119970312    .0
4505500119970313    .0
4505500119970314    .0
4505500119970315    .0
4505500119970316    .0
4505500119970317    .0
4505500119970318   4.6
4505500119970319   1.0
4505500119970320    .0
4505500119970321    .0
4505500119970322    .0
4505500119970323    .0
4505500119970324    .0
4505500119970325    .0
4505500119970326    .0
4505500119970327    .0
4505500119970328    .0
4505500119970329    .0
4505500119970330    .0
4505500119970331    .0
4505500119970401    .0
4505500119970402    .0
4505500119970403    .0
4505500119970404    .0
4505500119970405    .0
4505500119970406    .0
4505500119970407    .0
4505500119970408    .0
4505500119970409    .0
4505500119970410    .0
4505500119970411    .0
4505500119970412    .0
4505500119970413    .0
4505500119970414    .0
4505500119970415    .0
4505500119970416    .0
4505500119970417    .0
4505500119970418    .0
4505500119970419    .0
4505500119970420    .0
4505500119970421    .0
4505500119970422    .0
4505500119970423    .0
4505500119970424    .0
4505500119970425   2.2
4505500119970426  18.6
4505500119970427   1.8
4505500119970428    .4
4505500119970429    .0
4505500119970430    .0
4505500119970501    .0
4505500119970502    .0
4505500119970503    .0
4505500119970504   4.6
4505500119970505  15.8
4505500119970506  15.8
4505500119970507   7.4
4505500119970508   4.2
4505500119970509   2.8
4505500119970510   2.8
4505500119970511   2.2
4505500119970512    .0
4505500119970513   7.2
4505500119970514    .0
4505500119970515   4.2
4505500119970516   2.6
4505500119970517    .2
4505500119970518    .0
4505500119970519   5.8
4505500119970520   7.2
4505500119970521   1.8
4505500119970522    .6
4505500119970523    .0
4505500119970524    .0
4505500119970525    .0
4505500119970526    .0
4505500119970527    .0
4505500119970528    .0
4505500119970529    .0
4505500119970530    .0
4505500119970531    .0
4505500119970601    .0
4505500119970602    .0
4505500119970603    .0
4505500119970604    .0
4505500119970605    .6
4505500119970606    .0
4505500119970607   1.6
4505500119970608    .0
4505500119970609    .0
4505500119970610    .0
4505500119970611  14.4
4505500119970612    .2
4505500119970613   2.8
4505500119970614    .6
4505500119970615    .0
4505500119970616   5.2
4505500119970617    .0
4505500119970618    .0
4505500119970619   3.2
4505500119970620   1.8
4505500119970621   8.6
4505500119970622   2.0
4505500119970623   6.8
4505500119970624    .0
4505500119970625   7.0
4505500119970626   4.0
4505500119970627  10.2
4505500119970628   7.2
4505500119970629  13.4
4505500119970630  21.4
4505500119970701   2.6
4505500119970702   7.2
4505500119970703    .8
4505500119970704   5.6
4505500119970705   1.2
4505500119970706    .0
4505500119970707    .0
4505500119970708    .0
4505500119970709    .0
4505500119970710    .0
4505500119970711   2.0
4505500119970712    .0
4505500119970713    .0
4505500119970714    .0
4505500119970715    .0
4505500119970716    .0
4505500119970717    .0
4505500119970718    .0
4505500119970719    .0
4505500119970720    .0
4505500119970721    .0
4505500119970722    .0
4505500119970723    .0
4505500119970724    .0
4505500119970725   5.2
4505500119970726    .0
4505500119970727    .6
4505500119970728    .0
4505500119970729    .0
4505500119970730    .0
4505500119970731    .0
4505500119970801    .0
4505500119970802    .0
4505500119970803    .0
4505500119970804    .0
4505500119970805   9.4
4505500119970806    .4
4505500119970807    .0
4505500119970808    .0
4505500119970809    .0
4505500119970810    .2
4505500119970811    .0
4505500119970812    .0
4505500119970813    .0
4505500119970814    .0
4505500119970815    .0
4505500119970816    .0
4505500119970817    .0
4505500119970818    .0
4505500119970819    .0
4505500119970820    .0
4505500119970821    .0
4505500119970822    .0
4505500119970823    .0
4505500119970824    .0
4505500119970825    .0
4505500119970826    .0
4505500119970827  25.4
4505500119970828   3.2
4505500119970829   6.2
4505500119970830    .2
4505500119970831    .0
4505500119970901   5.4
4505500119970902    .0
4505500119970903    .0
4505500119970904    .0
4505500119970905    .8
4505500119970906    .0
4505500119970907    .0
4505500119970908    .0
4505500119970909    .0
4505500119970910    .0
4505500119970911    .0
4505500119970912   3.2
4505500119970913    .0
4505500119970914    .0
4505500119970915    .0
4505500119970916    .0
4505500119970917    .0
4505500119970918    .0
4505500119970919    .0
4505500119970920    .0
4505500119970921    .0
4505500119970922    .0
4505500119970923    .0
4505500119970924    .0
4505500119970925    .0
4505500119970926    .0
4505500119970927    .0
4505500119970928    .0
4505500119970929    .0
4505500119970930    .0
4505500119971001    .0
4505500119971002    .0
4505500119971003    .0
4505500119971004    .0
4505500119971005    .0
4505500119971006  11.0
4505500119971007  15.6
4505500119971008    .0
4505500119971009    .4
4505500119971010   6.4
4505500119971011   2.0
4505500119971012    .4
4505500119971013   2.4
4505500119971014   1.8
4505500119971015   9.4
4505500119971016    .0
4505500119971017    .0
4505500119971018    .0
4505500119971019    .2
4505500119971020    .0
4505500119971021    .0
4505500119971022    .0
4505500119971023    .0
4505500119971024    .0
4505500119971025    .0
4505500119971026    .0
4505500119971027    .0
4505500119971028    .0
4505500119971029    .0
4505500119971030    .0
4505500119971031    .0
4505500119971101    .0
4505500119971102    .0
4505500119971103    .0
4505500119971104   6.4
4505500119971105    .0
4505500119971106  29.8
4505500119971107   3.6
4505500119971108   9.4
4505500119971109   1.0
4505500119971110   5.8
4505500119971111   1.0
4505500119971112    .0
4505500119971113    .0
4505500119971114    .0
4505500119971115    .4
4505500119971116    .0
4505500119971117    .0
4505500119971118   9.2
4505500119971119   2.6
4505500119971120    .0
4505500119971121   2.6
4505500119971122    .0
4505500119971123    .0
4505500119971124    .0
4505500119971125    .0
4505500119971126   1.4
4505500119971127    .8
4505500119971128  20.6
4505500119971129   2.0
4505500119971130   1.0
4505500119971201  16.8
4505500119971202    .4
4505500119971203    .0
4505500119971204    .0
4505500119971205    .0
4505500119971206    .0
4505500119971207    .0
4505500119971208   1.2
4505500119971209    .0
4505500119971210   9.6
4505500119971211   2.8
4505500119971212    .0
4505500119971213    .0
4505500119971214    .2
4505500119971215    .0
4505500119971216   7.2
4505500119971217   3.8
4505500119971218  11.6
4505500119971219    .2
4505500119971220    .0
4505500119971221    .0
4505500119971222    .2
4505500119971223   1.0
4505500119971224   2.4
4505500119971225   2.4
4505500119971226   1.8
4505500119971227    .0
4505500119971228    .0
4505500119971229    .0
4505500119971230   1.6
4505500119971231   5.8
4505500119980101   8.8
4505500119980102  10.6
4505500119980103   2.6
4505500119980104   3.0
4505500119980105  10.2
4505500119980106   1.6
4505500119980107   1.6
4505500119980108    .0
4505500119980109    .0
4505500119980110    .0
4505500119980111    .0
4505500119980112    .0
4505500119980113    .0
4505500119980114    .0
4505500119980115   5.8
4505500119980116   2.4
4505500119980117    .0
4505500119980118  11.8
4505500119980119   3.0
4505500119980120    .0
4505500119980121    .0
4505500119980122    .0
4505500119980123    .0
4505500119980124    .0
4505500119980125    .0
4505500119980126    .0
4505500119980127    .0
4505500119980128    .0
4505500119980129    .0
4505500119980130    .0
4505500119980131    .0
4505500119980201    .0
4505500119980202    .0
4505500119980203    .0
4505500119980204    .0
4505500119980205    .0
4505500119980206    .0
4505500119980207   1.4
4505500119980208    .0
4505500119980209    .0
4505500119980210    .0
4505500119980211    .0
4505500119980212    .0
4505500119980213    .0
4505500119980214    .0
4505500119980215    .0
4505500119980216    .0
4505500119980217    .0
4505500119980218    .0
4505500119980219    .0
4505500119980220    .0
4505500119980221   3.2
4505500119980222   1.2
4505500119980223    .6
4505500119980224    .2
4505500119980225    .0
4505500119980226    .0
4505500119980227   1.0
4505500119980228    .6
4505500119980301    .0
4505500119980302    .0
4505500119980303    .0
4505500119980304   4.2
4505500119980305    .0
4505500119980306    .0
4505500119980307   3.2
4505500119980308   1.4
4505500119980309    .0
4505500119980310   3.2
4505500119980311    .6
4505500119980312    .0
4505500119980313    .0
4505500119980314    .0
4505500119980315    .0
4505500119980316    .0
4505500119980317    .0
4505500119980318    .0
4505500119980319    .0
4505500119980320    .0
4505500119980321    .0
4505500119980322    .0
4505500119980323    .0
4505500119980324    .0
4505500119980325    .0
4505500119980326   2.0
4505500119980327    .0
4505500119980328    .0
4505500119980329    .0
4505500119980330    .0
4505500119980331    .8
4505500119980401   1.0
4505500119980402  17.2
4505500119980403  18.0
4505500119980404   4.4
4505500119980405   1.4
4505500119980406  18.8
4505500119980407   8.0
4505500119980408   4.2
4505500119980409   4.8
4505500119980410   4.4
4505500119980411   1.6
4505500119980412    .6
4505500119980413    .0
4505500119980414   1.8
4505500119980415   2.2
4505500119980416  12.4
4505500119980417   8.0
4505500119980418    .4
4505500119980419   7.8
4505500119980420   2.8
4505500119980421    .0
4505500119980422    .0
4505500119980423    .0
4505500119980424    .4
4505500119980425   7.0
4505500119980426   1.8
4505500119980427    .6
4505500119980428    .2
4505500119980429   1.6
4505500119980430    .0
4505500119980501    .0
4505500119980502   4.8
4505500119980503    .0
4505500119980504    .0
4505500119980505    .0
4505500119980506    .0
4505500119980507    .0
4505500119980508    .0
4505500119980509    .0
4505500119980510    .0
4505500119980511    .0
4505500119980512    .0
4505500119980513    .0
4505500119980514   3.0
4505500119980515    .0
4505500119980516    .0
4505500119980517    .0
4505500119980518    .0
4505500119980519    .0
4505500119980520    .0
4505500119980521   1.8
4505500119980522    .0
4505500119980523    .0
4505500119980524    .0
4505500119980525    .4
4505500119980526   1.2
4505500119980527  13.8
4505500119980528    .2
4505500119980529    .0
4505500119980530   5.0
4505500119980531    .6
4505500119980601   1.6
4505500119980602    .8
4505500119980603    .0
4505500119980604   7.8
4505500119980605    .2
4505500119980606   1.0
4505500119980607    .2
4505500119980608    .2
4505500119980609    .0
4505500119980610   3.2
4505500119980611   1.0
4505500119980612    .4
4505500119980613   7.2
4505500119980614  10.8
4505500119980615   6.6
4505500119980616    .0
4505500119980617    .0
4505500119980618    .0
4505500119980619    .0
4505500119980620    .0
4505500119980621    .0
4505500119980622    .0
4505500119980623    .0
4505500119980624    .0
4505500119980625    .0
4505500119980626    .0
4505500119980627   1.2
4505500119980628    .0
4505500119980629    .0
4505500119980630   3.6
4505500119980701   3.8
4505500119980702  17.2
4505500119980703    .0
4505500119980704    .0
4505500119980705    .0
4505500119980706    .0
4505500119980707    .0
4505500119980708    .0
4505500119980709    .8
4505500119980710    .0
4505500119980711    .0
4505500119980712    .0
4505500119980713   4.8
4505500119980714    .0
4505500119980715    .8
4505500119980716   1.4
4505500119980717    .4
4505500119980718    .0
4505500119980719    .0
4505500119980720   5.6
4505500119980721    .0
4505500119980722   1.0
4505500119980723    .6
4505500119980724    .0
4505500119980725    .0
4505500119980726    .0
4505500119980727   3.0
4505500119980728   2.6
4505500119980729   1.4
4505500119980730    .0
4505500119980731    .0
4505500119980801    .0
4505500119980802   8.6
4505500119980803    .0
4505500119980804    .0
4505500119980805    .0
4505500119980806    .0
4505500119980807    .0
4505500119980808    .0
4505500119980809    .0
4505500119980810    .0
4505500119980811    .0
4505500119980812    .0
4505500119980813    .0
4505500119980814    .0
4505500119980815    .0
4505500119980816    .0
4505500119980817    .0
4505500119980818    .0
4505500119980819    .0
4505500119980820    .4
4505500119980821   1.0
4505500119980822   2.2
4505500119980823   3.8
4505500119980824    .2
4505500119980825    .0
4505500119980826    .0
4505500119980827    .0
4505500119980828    .0
4505500119980829    .0
4505500119980830    .0
4505500119980831    .0
4505500119980901   2.0
4505500119980902   6.2
4505500119980903    .8
4505500119980904   8.4
4505500119980905   3.0
4505500119980906    .8
4505500119980907   1.2
4505500119980908   2.0
4505500119980909   1.0
4505500119980910   1.0
4505500119980911   7.0
4505500119980912   3.6
4505500119980913   1.2
4505500119980914   2.8
4505500119980915   3.6
4505500119980916    .0
4505500119980917    .0
4505500119980918    .0
4505500119980919    .0
4505500119980920    .0
4505500119980921    .0
4505500119980922    .0
4505500119980923    .0
4505500119980924    .2
4505500119980925    .0
4505500119980926  11.8
4505500119980927   9.0
4505500119980928    .8
4505500119980929   4.4
4505500119980930    .2
4505500119981001   1.8
4505500119981002    .2
4505500119981003    .0
4505500119981004    .0
4505500119981005    .0
4505500119981006   5.4
4505500119981007    .6
4505500119981008  10.2
4505500119981009    .8
4505500119981010   3.6
4505500119981011   4.6
4505500119981012    .0
4505500119981013   2.8
4505500119981014   1.0
4505500119981015   9.0
4505500119981016    .2
4505500119981017   3.2
4505500119981018    .6
4505500119981019    .0
4505500119981020    .0
4505500119981021    .0
4505500119981022    .0
4505500119981023   4.4
4505500119981024  19.4
4505500119981025    .8
4505500119981026    .2
4505500119981027   1.4
4505500119981028  13.8
4505500119981029    .0
4505500119981030    .8
4505500119981031   3.8
4505500119981101    .0
4505500119981102    .2
4505500119981103    .0
4505500119981104    .2
4505500119981105    .0
4505500119981106    .2
4505500119981107    .0
4505500119981108    .0
4505500119981109   1.2
4505500119981110    .6
4505500119981111    .2
4505500119981112   1.2
4505500119981113   1.4
4505500119981114   1.6
4505500119981115    .0
4505500119981116    .0
4505500119981117    .0
4505500119981118    .0
4505500119981119    .0
4505500119981120    .0
4505500119981121    .0
4505500119981122    .0
4505500119981123    .0
4505500119981124   5.6
4505500119981125   1.8
4505500119981126    .2
4505500119981127   1.6
4505500119981128   9.2
4505500119981129    .0
4505500119981130    .0
4505500119981201    .0
4505500119981202    .0
4505500119981203    .0
4505500119981204    .2
4505500119981205    .2
4505500119981206    .0
4505500119981207    .2
4505500119981208   1.6
4505500119981209    .4
4505500119981210   7.0
4505500119981211   1.6
4505500119981212    .2
4505500119981213    .0
4505500119981214    .0
4505500119981215    .2
4505500119981216    .0
4505500119981217    .0
4505500119981218   2.8
4505500119981219   9.8
4505500119981220  16.0
4505500119981221    .0
4505500119981222    .0
4505500119981223   4.4
4505500119981224   1.6
4505500119981225    .2
4505500119981226   2.4
4505500119981227    .4
4505500119981228   6.0
4505500119981229    .0
4505500119981230   6.8
4505500119981231    .8
