4612700119940101   5.8
4612700119940102  11.2
4612700119940103   3.8
4612700119940104   4.8
4612700119940105   9.0
4612700119940106   6.4
4612700119940107   1.8
4612700119940108    .8
4612700119940109    .0
4612700119940110  16.4
4612700119940111   1.2
4612700119940112    .2
4612700119940113    .0
4612700119940114   1.8
4612700119940115  11.2
4612700119940116   8.8
4612700119940117    .0
4612700119940118    .0
4612700119940119    .0
4612700119940120    .0
4612700119940121    .0
4612700119940122    .0
4612700119940123    .8
4612700119940124   1.0
4612700119940125   4.2
4612700119940126    .0
4612700119940127   1.8
4612700119940128    .0
4612700119940129    .0
4612700119940130    .0
4612700119940131    .0
4612700119940201    .0
4612700119940202    .2
4612700119940203  19.2
4612700119940204  17.0
4612700119940205    .0
4612700119940206    .0
4612700119940207    .4
4612700119940208    .4
4612700119940209  13.8
4612700119940210    .4
4612700119940211  24.4
4612700119940212    .2
4612700119940213    .0
4612700119940214   3.0
4612700119940215    .0
4612700119940216    .0
4612700119940217    .0
4612700119940218   2.4
4612700119940219   3.4
4612700119940220   6.6
4612700119940221   5.6
4612700119940222    .0
4612700119940223  10.4
4612700119940224   8.2
4612700119940225    .0
4612700119940226    .0
4612700119940227    .0
4612700119940228    .0
4612700119940301    .0
4612700119940302    .6
4612700119940303   2.6
4612700119940304    .0
4612700119940305    .0
4612700119940306    .4
4612700119940307    .0
4612700119940308    .0
4612700119940309    .0
4612700119940310    .0
4612700119940311   2.0
4612700119940312    .2
4612700119940313   2.8
4612700119940314    .0
4612700119940315    .4
4612700119940316    .8
4612700119940317    .0
4612700119940318    .0
4612700119940319    .0
4612700119940320    .0
4612700119940321   9.8
4612700119940322    .0
4612700119940323    .0
4612700119940324    .0
4612700119940325    .8
4612700119940326    .0
4612700119940327    .0
4612700119940328    .0
4612700119940329    .0
4612700119940330    .0
4612700119940331    .0
4612700119940401   4.8
4612700119940402   9.4
4612700119940403   3.6
4612700119940404  10.4
4612700119940405  10.2
4612700119940406  17.0
4612700119940407   7.6
4612700119940408   7.2
4612700119940409   8.8
4612700119940410  10.8
4612700119940411    .4
4612700119940412    .0
4612700119940413   1.0
4612700119940414   1.8
4612700119940415    .0
4612700119940416   6.8
4612700119940417   3.6
4612700119940418    .0
4612700119940419    .0
4612700119940420    .2
4612700119940421    .0
4612700119940422    .0
4612700119940423   6.0
4612700119940424   3.6
4612700119940425    .8
4612700119940426    .0
4612700119940427    .0
4612700119940428    .0
4612700119940429    .0
4612700119940430    .0
4612700119940501    .0
4612700119940502    .0
4612700119940503   7.2
4612700119940504    .6
4612700119940505    .0
4612700119940506    .0
4612700119940507  17.6
4612700119940508    .0
4612700119940509    .0
4612700119940510    .0
4612700119940511  16.6
4612700119940512    .0
4612700119940513  16.6
4612700119940514   3.2
4612700119940515    .0
4612700119940516   8.8
4612700119940517  13.4
4612700119940518   1.0
4612700119940519   1.2
4612700119940520   2.6
4612700119940521    .4
4612700119940522  20.8
4612700119940523    .0
4612700119940524   5.6
4612700119940525   8.0
4612700119940526   1.6
4612700119940527    .0
4612700119940528   5.2
4612700119940529    .2
4612700119940530    .0
4612700119940531    .0
4612700119940601    .8
4612700119940602   4.6
4612700119940603    .0
4612700119940604    .8
4612700119940605    .0
4612700119940606    .0
4612700119940607    .0
4612700119940608  20.6
4612700119940609    .0
4612700119940610    .0
4612700119940611    .0
4612700119940612    .0
4612700119940613    .0
4612700119940614    .0
4612700119940615    .0
4612700119940616    .0
4612700119940617    .0
4612700119940618  16.0
4612700119940619   5.8
4612700119940620    .0
4612700119940621    .0
4612700119940622    .0
4612700119940623    .0
4612700119940624   1.2
4612700119940625  40.8
4612700119940626  14.4
4612700119940627    .0
4612700119940628    .0
4612700119940629    .0
4612700119940630    .0
4612700119940701   1.0
4612700119940702    .0
4612700119940703    .0
4612700119940704    .0
4612700119940705    .0
4612700119940706    .0
4612700119940707    .0
4612700119940708    .0
4612700119940709    .0
4612700119940710    .0
4612700119940711    .0
4612700119940712    .0
4612700119940713    .0
4612700119940714    .0
4612700119940715    .0
4612700119940716    .0
4612700119940717    .4
4612700119940718   1.2
4612700119940719    .6
4612700119940720    .0
4612700119940721    .0
4612700119940722    .0
4612700119940723    .0
4612700119940724  11.2
4612700119940725    .8
4612700119940726    .0
4612700119940727    .0
4612700119940728    .0
4612700119940729    .6
4612700119940730   2.2
4612700119940731  28.4
4612700119940801    .0
4612700119940802    .0
4612700119940803    .0
4612700119940804    .2
4612700119940805    .0
4612700119940806   2.4
4612700119940807    .0
4612700119940808    .0
4612700119940809   4.0
4612700119940810    .2
4612700119940811   4.0
4612700119940812   1.0
4612700119940813   7.4
4612700119940814    .0
4612700119940815    .0
4612700119940816    .2
4612700119940817    .0
4612700119940818    .0
4612700119940819    .0
4612700119940820    .0
4612700119940821   1.2
4612700119940822    .2
4612700119940823    .0
4612700119940824   3.8
4612700119940825  13.2
4612700119940826    .0
4612700119940827    .0
4612700119940828    .0
4612700119940829    .0
4612700119940830   3.4
4612700119940831   1.6
4612700119940901   3.0
4612700119940902    .0
4612700119940903    .0
4612700119940904    .0
4612700119940905    .0
4612700119940906    .0
4612700119940907  16.8
4612700119940908   3.2
4612700119940909   3.0
4612700119940910   1.2
4612700119940911    .0
4612700119940912    .6
4612700119940913  12.2
4612700119940914  12.0
4612700119940915  12.0
4612700119940916  10.2
4612700119940917    .0
4612700119940918    .0
4612700119940919   9.4
4612700119940920   4.4
4612700119940921   5.4
4612700119940922   6.4
4612700119940923  17.2
4612700119940924    .0
4612700119940925    .0
4612700119940926    .0
4612700119940927    .0
4612700119940928    .0
4612700119940929   6.2
4612700119940930   1.2
4612700119941001   9.2
4612700119941002  29.0
4612700119941003   8.8
4612700119941004    .0
4612700119941005    .0
4612700119941006    .0
4612700119941007    .0
4612700119941008    .0
4612700119941009    .0
4612700119941010    .0
4612700119941011    .0
4612700119941012    .4
4612700119941013    .0
4612700119941014    .0
4612700119941015    .0
4612700119941016    .0
4612700119941017    .0
4612700119941018    .6
4612700119941019  25.8
4612700119941020    .2
4612700119941021    .0
4612700119941022  15.8
4612700119941023   4.6
4612700119941024   2.6
4612700119941025   8.0
4612700119941026   2.6
4612700119941027  11.0
4612700119941028    .4
4612700119941029   1.2
4612700119941030    .0
4612700119941031    .0
4612700119941101    .0
4612700119941102    .0
4612700119941103    .0
4612700119941104  14.0
4612700119941105    .2
4612700119941106    .0
4612700119941107   3.2
4612700119941108    .0
4612700119941109   7.6
4612700119941110   8.4
4612700119941111    .2
4612700119941112   5.0
4612700119941113    .0
4612700119941114    .0
4612700119941115    .4
4612700119941116  17.2
4612700119941117   1.6
4612700119941118   2.8
4612700119941119    .4
4612700119941120    .0
4612700119941121    .0
4612700119941122    .0
4612700119941123    .0
4612700119941124    .0
4612700119941125    .0
4612700119941126    .0
4612700119941127    .0
4612700119941128    .0
4612700119941129    .0
4612700119941130    .0
4612700119941201    .0
4612700119941202    .0
4612700119941203    .0
4612700119941204   3.2
4612700119941205   1.8
4612700119941206    .0
4612700119941207   3.0
4612700119941208    .0
4612700119941209  10.4
4612700119941210   3.4
4612700119941211    .0
4612700119941212    .0
4612700119941213    .0
4612700119941214    .0
4612700119941215    .0
4612700119941216    .0
4612700119941217    .0
4612700119941218   6.6
4612700119941219    .0
4612700119941220    .4
4612700119941221   1.4
4612700119941222    .0
4612700119941223    .0
4612700119941224    .0
4612700119941225    .0
4612700119941226    .0
4612700119941227    .0
4612700119941228    .0
4612700119941229   9.0
4612700119941230  11.0
4612700119941231  11.6
4612700119950101    .0
4612700119950102    .0
4612700119950103    .0
4612700119950104    .0
4612700119950105   6.2
4612700119950106    .2
4612700119950107    .0
4612700119950108   8.0
4612700119950109    .6
4612700119950110   1.8
4612700119950111   3.4
4612700119950112    .0
4612700119950113    .0
4612700119950114    .0
4612700119950115    .0
4612700119950116    .0
4612700119950117    .0
4612700119950118  11.8
4612700119950119    .0
4612700119950120   4.4
4612700119950121    .2
4612700119950122    .6
4612700119950123   7.4
4612700119950124   3.6
4612700119950125    .0
4612700119950126   2.6
4612700119950127   3.8
4612700119950128   5.0
4612700119950129   7.4
4612700119950130   2.6
4612700119950131    .0
4612700119950201   2.2
4612700119950202    .6
4612700119950203    .0
4612700119950204   1.2
4612700119950205    .0
4612700119950206    .0
4612700119950207    .0
4612700119950208   4.8
4612700119950209   3.2
4612700119950210   1.6
4612700119950211    .4
4612700119950212    .0
4612700119950213   8.2
4612700119950214   1.2
4612700119950215   4.2
4612700119950216    .6
4612700119950217  13.4
4612700119950218    .8
4612700119950219    .0
4612700119950220    .0
4612700119950221   5.8
4612700119950222    .0
4612700119950223  13.6
4612700119950224  10.0
4612700119950225  18.2
4612700119950226   1.4
4612700119950227    .0
4612700119950228    .0
4612700119950301    .0
4612700119950302   7.0
4612700119950303   5.4
4612700119950304   1.4
4612700119950305  10.2
4612700119950306   1.0
4612700119950307   1.6
4612700119950308   5.8
4612700119950309    .0
4612700119950310    .0
4612700119950311    .0
4612700119950312    .0
4612700119950313    .0
4612700119950314    .0
4612700119950315   5.8
4612700119950316   4.6
4612700119950317   3.4
4612700119950318    .6
4612700119950319   7.2
4612700119950320    .0
4612700119950321    .0
4612700119950322    .0
4612700119950323    .0
4612700119950324    .0
4612700119950325    .2
4612700119950326    .0
4612700119950327   4.4
4612700119950328   7.6
4612700119950329    .4
4612700119950330    .0
4612700119950331    .0
4612700119950401    .0
4612700119950402    .0
4612700119950403    .0
4612700119950404    .0
4612700119950405    .0
4612700119950406    .0
4612700119950407    .0
4612700119950408    .0
4612700119950409    .0
4612700119950410    .0
4612700119950411    .0
4612700119950412    .0
4612700119950413    .0
4612700119950414    .0
4612700119950415    .0
4612700119950416    .0
4612700119950417    .4
4612700119950418    .8
4612700119950419   3.8
4612700119950420    .4
4612700119950421   5.4
4612700119950422    .0
4612700119950423    .0
4612700119950424  17.0
4612700119950425   9.0
4612700119950426   7.6
4612700119950427    .0
4612700119950428    .0
4612700119950429   3.6
4612700119950430    .0
4612700119950501    .0
4612700119950502    .0
4612700119950503    .0
4612700119950504    .0
4612700119950505    .0
4612700119950506    .0
4612700119950507    .0
4612700119950508    .0
4612700119950509    .0
4612700119950510    .0
4612700119950511   3.6
4612700119950512   2.6
4612700119950513   1.0
4612700119950514    .0
4612700119950515   4.6
4612700119950516   5.8
4612700119950517  10.8
4612700119950518   2.2
4612700119950519    .0
4612700119950520    .0
4612700119950521    .0
4612700119950522    .0
4612700119950523    .4
4612700119950524    .0
4612700119950525  11.4
4612700119950526    .0
4612700119950527    .0
4612700119950528   3.2
4612700119950529    .0
4612700119950530   1.6
4612700119950531    .0
4612700119950601    .0
4612700119950602   3.8
4612700119950603    .0
4612700119950604    .0
4612700119950605    .0
4612700119950606    .0
4612700119950607    .0
4612700119950608    .0
4612700119950609    .2
4612700119950610   1.2
4612700119950611   3.2
4612700119950612   7.0
4612700119950613    .0
4612700119950614    .0
4612700119950615    .0
4612700119950616    .0
4612700119950617    .0
4612700119950618   1.2
4612700119950619    .0
4612700119950620    .2
4612700119950621  46.6
4612700119950622    .0
4612700119950623    .0
4612700119950624    .0
4612700119950625    .0
4612700119950626    .0
4612700119950627   1.2
4612700119950628   1.6
4612700119950629    .0
4612700119950630    .0
4612700119950701  48.9
4612700119950702   3.0
4612700119950703   4.6
4612700119950704   1.2
4612700119950705    .0
4612700119950706    .0
4612700119950707    .0
4612700119950708    .0
4612700119950709    .0
4612700119950710    .0
4612700119950711    .0
4612700119950712    .0
4612700119950713  14.1
4612700119950714    .0
4612700119950715   1.4
4612700119950716    .0
4612700119950717    .0
4612700119950718    .0
4612700119950719    .0
4612700119950720    .2
4612700119950721    .0
4612700119950722    .0
4612700119950723    .0
4612700119950724    .0
4612700119950725    .0
4612700119950726    .0
4612700119950727    .0
4612700119950728    .0
4612700119950729    .0
4612700119950730    .0
4612700119950731    .0
4612700119950801    .0
4612700119950802    .0
4612700119950803    .0
4612700119950804  18.8
4612700119950805   1.0
4612700119950806   4.8
4612700119950807   2.4
4612700119950808    .0
4612700119950809    .0
4612700119950810    .4
4612700119950811    .0
4612700119950812    .0
4612700119950813    .0
4612700119950814    .0
4612700119950815    .0
4612700119950816    .0
4612700119950817    .0
4612700119950818    .0
4612700119950819    .0
4612700119950820    .0
4612700119950821   4.4
4612700119950822    .0
4612700119950823   1.6
4612700119950824    .2
4612700119950825    .4
4612700119950826    .0
4612700119950827    .0
4612700119950828    .0
4612700119950829    .0
4612700119950830    .0
4612700119950831    .0
4612700119950901    .0
4612700119950902    .0
4612700119950903    .0
4612700119950904    .0
4612700119950905    .0
4612700119950906   2.0
4612700119950907   1.6
4612700119950908   7.0
4612700119950909    .0
4612700119950910  14.6
4612700119950911   2.6
4612700119950912   1.0
4612700119950913   2.2
4612700119950914   6.2
4612700119950915   5.6
4612700119950916   4.8
4612700119950917  12.4
4612700119950918  14.0
4612700119950919  37.4
4612700119950920    .6
4612700119950921    .0
4612700119950922    .0
4612700119950923    .0
4612700119950924   3.2
4612700119950925    .0
4612700119950926    .0
4612700119950927   5.0
4612700119950928    .0
4612700119950929    .0
4612700119950930   3.0
4612700119951001   1.0
4612700119951002   1.6
4612700119951003    .0
4612700119951004  14.0
4612700119951005    .4
4612700119951006    .0
4612700119951007    .0
4612700119951008    .0
4612700119951009    .0
4612700119951010    .0
4612700119951011    .0
4612700119951012    .0
4612700119951013    .0
4612700119951014   5.0
4612700119951015   1.2
4612700119951016    .0
4612700119951017    .0
4612700119951018    .0
4612700119951019    .0
4612700119951020    .0
4612700119951021    .0
4612700119951022    .0
4612700119951023    .0
4612700119951024    .6
4612700119951025   1.2
4612700119951026    .0
4612700119951027    .0
4612700119951028  13.8
4612700119951029   9.8
4612700119951030   1.0
4612700119951031    .0
4612700119951101    .0
4612700119951102    .0
4612700119951103    .0
4612700119951104    .0
4612700119951105    .0
4612700119951106    .0
4612700119951107    .0
4612700119951108    .0
4612700119951109    .0
4612700119951110    .0
4612700119951111    .0
4612700119951112  25.6
4612700119951113    .0
4612700119951114    .0
4612700119951115   2.6
4612700119951116    .2
4612700119951117  15.2
4612700119951118    .0
4612700119951119    .0
4612700119951120    .0
4612700119951121   6.8
4612700119951122   5.8
4612700119951123    .0
4612700119951124    .0
4612700119951125   2.6
4612700119951126  12.8
4612700119951127    .0
4612700119951128    .0
4612700119951129    .0
4612700119951130    .0
4612700119951201    .0
4612700119951202  14.4
4612700119951203   8.2
4612700119951204   2.0
4612700119951205    .0
4612700119951206    .0
4612700119951207   1.0
4612700119951208   5.4
4612700119951209    .0
4612700119951210    .0
4612700119951211    .0
4612700119951212    .0
4612700119951213    .0
4612700119951214    .0
4612700119951215    .0
4612700119951216   5.0
4612700119951217    .0
4612700119951218    .0
4612700119951219    .0
4612700119951220    .0
4612700119951221    .0
4612700119951222   2.0
4612700119951223   4.0
4612700119951224  14.6
4612700119951225  10.0
4612700119951226    .6
4612700119951227    .4
4612700119951228  36.6
4612700119951229   5.2
4612700119951230   3.0
4612700119951231  20.0
4612700119960101  12.4
4612700119960102    .4
4612700119960103    .0
4612700119960104    .0
4612700119960105   6.2
4612700119960106    .8
4612700119960107   5.0
4612700119960108    .0
4612700119960109  76.2
4612700119960110  13.0
4612700119960111   2.2
4612700119960112    .0
4612700119960113    .0
4612700119960114    .0
4612700119960115    .0
4612700119960116    .0
4612700119960117    .0
4612700119960118    .0
4612700119960119    .0
4612700119960120    .0
4612700119960121    .0
4612700119960122   2.0
4612700119960123  10.4
4612700119960124   4.0
4612700119960125   1.2
4612700119960126    .4
4612700119960127    .0
4612700119960128    .0
4612700119960129    .0
4612700119960130    .0
4612700119960131    .0
4612700119960201    .2
4612700119960202   1.0
4612700119960203   1.2
4612700119960204    .0
4612700119960205   6.6
4612700119960206   9.2
4612700119960207  10.4
4612700119960208    .6
4612700119960209   1.6
4612700119960210   2.8
4612700119960211   8.0
4612700119960212   8.4
4612700119960213    .0
4612700119960214    .0
4612700119960215    .0
4612700119960216    .2
4612700119960217    .0
4612700119960218  13.0
4612700119960219   1.8
4612700119960220    .2
4612700119960221    .0
4612700119960222    .8
4612700119960223    .0
4612700119960224    .0
4612700119960225    .0
4612700119960226   2.8
4612700119960227    .0
4612700119960228    .0
4612700119960229    .0
4612700119960301    .0
4612700119960302    .0
4612700119960303    .0
4612700119960304    .0
4612700119960305    .0
4612700119960306    .0
4612700119960307    .0
4612700119960308    .0
4612700119960309    .0
4612700119960310    .0
4612700119960311    .0
4612700119960312    .0
4612700119960313    .0
4612700119960314   7.0
4612700119960315  11.4
4612700119960316   2.0
4612700119960317    .0
4612700119960318    .0
4612700119960319    .2
4612700119960320   1.4
4612700119960321    .0
4612700119960322    .0
4612700119960323    .0
4612700119960324    .0
4612700119960325    .0
4612700119960326   6.6
4612700119960327   8.8
4612700119960328    .0
4612700119960329    .0
4612700119960330    .0
4612700119960331   1.0
4612700119960401   4.4
4612700119960402    .0
4612700119960403    .0
4612700119960404    .0
4612700119960405    .0
4612700119960406    .0
4612700119960407    .0
4612700119960408    .0
4612700119960409    .0
4612700119960410    .4
4612700119960411    .0
4612700119960412    .0
4612700119960413    .0
4612700119960414    .5
4612700119960415    .0
4612700119960416  14.8
4612700119960417   5.2
4612700119960418    .0
4612700119960419    .0
4612700119960420    .0
4612700119960421    .0
4612700119960422  21.8
4612700119960423   1.2
4612700119960424    .0
4612700119960425    .0
4612700119960426    .0
4612700119960427    .6
4612700119960428   3.2
4612700119960429   5.0
4612700119960430    .2
4612700119960501   6.6
4612700119960502   2.4
4612700119960503   1.6
4612700119960504    .0
4612700119960505    .0
4612700119960506    .0
4612700119960507  12.6
4612700119960508  14.0
4612700119960509    .0
4612700119960510    .0
4612700119960511   6.8
4612700119960512    .0
4612700119960513    .0
4612700119960514    .0
4612700119960515    .0
4612700119960516  15.4
4612700119960517  40.8
4612700119960518   3.2
4612700119960519   8.4
4612700119960520   1.0
4612700119960521   2.6
4612700119960522    .0
4612700119960523    .0
4612700119960524    .4
4612700119960525   1.4
4612700119960526    .0
4612700119960527    .4
4612700119960528    .0
4612700119960529    .0
4612700119960530    .0
4612700119960531  11.4
4612700119960601    .0
4612700119960602   4.0
4612700119960603    .0
4612700119960604    .0
4612700119960605    .0
4612700119960606    .0
4612700119960607    .0
4612700119960608    .1
4612700119960609    .0
4612700119960610    .0
4612700119960611    .0
4612700119960612    .0
4612700119960613    .0
4612700119960614    .0
4612700119960615    .0
4612700119960616    .0
4612700119960617    .0
4612700119960618    .0
4612700119960619    .0
4612700119960620   2.0
4612700119960621  20.4
4612700119960622    .0
4612700119960623   6.6
4612700119960624    .0
4612700119960625    .0
4612700119960626    .0
4612700119960627    .0
4612700119960628    .0
4612700119960629    .6
4612700119960630    .0
4612700119960701   1.8
4612700119960702   3.0
4612700119960703   2.8
4612700119960704   1.4
4612700119960705   9.0
4612700119960706   1.0
4612700119960707  12.4
4612700119960708    .0
4612700119960709    .0
4612700119960710   1.4
4612700119960711    .0
4612700119960712    .0
4612700119960713    .0
4612700119960714    .0
4612700119960715    .0
4612700119960716    .0
4612700119960717    .0
4612700119960718    .0
4612700119960719    .0
4612700119960720    .0
4612700119960721    .0
4612700119960722    .0
4612700119960723   1.0
4612700119960724    .2
4612700119960725    .0
4612700119960726    .2
4612700119960727   5.2
4612700119960728    .0
4612700119960729    .0
4612700119960730    .0
4612700119960731    .0
4612700119960801    .0
4612700119960802  19.4
4612700119960803    .0
4612700119960804    .0
4612700119960805   3.8
4612700119960806   4.6
4612700119960807    .4
4612700119960808    .0
4612700119960809    .4
4612700119960810   7.2
4612700119960811   6.2
4612700119960812    .0
4612700119960813    .0
4612700119960814    .0
4612700119960815    .0
4612700119960816    .0
4612700119960817    .0
4612700119960818    .0
4612700119960819   2.4
4612700119960820  17.4
4612700119960821  11.8
4612700119960822    .0
4612700119960823    .6
4612700119960824    .8
4612700119960825   4.6
4612700119960826    .8
4612700119960827    .2
4612700119960828    .0
4612700119960829   1.2
4612700119960830    .0
4612700119960831    .0
4612700119960901    .0
4612700119960902    .0
4612700119960903    .0
4612700119960904    .0
4612700119960905    .0
4612700119960906    .0
4612700119960907    .0
4612700119960908    .0
4612700119960909    .0
4612700119960910    .0
4612700119960911    .0
4612700119960912    .0
4612700119960913    .0
4612700119960914    .0
4612700119960915    .0
4612700119960916    .0
4612700119960917   2.0
4612700119960918   1.0
4612700119960919   5.6
4612700119960920   5.4
4612700119960921  11.8
4612700119960922    .6
4612700119960923    .0
4612700119960924   4.8
4612700119960925   5.2
4612700119960926   2.0
4612700119960927   9.0
4612700119960928    .0
4612700119960929    .0
4612700119960930  12.6
4612700119961001   8.2
4612700119961002   6.8
4612700119961003    .0
4612700119961004   1.4
4612700119961005    .4
4612700119961006    .0
4612700119961007    .0
4612700119961008    .0
4612700119961009    .0
4612700119961010    .0
4612700119961011    .0
4612700119961012    .0
4612700119961013    .0
4612700119961014  16.0
4612700119961015    .2
4612700119961016    .2
4612700119961017   1.0
4612700119961018    .6
4612700119961019    .0
4612700119961020    .0
4612700119961021    .2
4612700119961022    .0
4612700119961023    .0
4612700119961024    .0
4612700119961025    .0
4612700119961026    .0
4612700119961027    .0
4612700119961028   2.2
4612700119961029   1.6
4612700119961030    .0
4612700119961031    .2
4612700119961101   1.4
4612700119961102    .0
4612700119961103    .0
4612700119961104  12.8
4612700119961105    .4
4612700119961106    .0
4612700119961107   2.0
4612700119961108    .0
4612700119961109    .0
4612700119961110   3.8
4612700119961111   1.8
4612700119961112  10.2
4612700119961113    .0
4612700119961114    .0
4612700119961115    .0
4612700119961116   4.8
4612700119961117   3.4
4612700119961118    .2
4612700119961119  16.8
4612700119961120   2.6
4612700119961121  14.0
4612700119961122    .0
4612700119961123    .0
4612700119961124   7.6
4612700119961125  11.6
4612700119961126   1.4
4612700119961127  14.8
4612700119961128    .0
4612700119961129   3.8
4612700119961130   5.0
4612700119961201   2.2
4612700119961202    .0
4612700119961203    .0
4612700119961204  14.0
4612700119961205   2.0
4612700119961206   6.2
4612700119961207    .2
4612700119961208    .0
4612700119961209   1.8
4612700119961210    .0
4612700119961211    .8
4612700119961212    .8
4612700119961213   5.0
4612700119961214   1.6
4612700119961215    .0
4612700119961216    .0
4612700119961217    .0
4612700119961218   3.0
4612700119961219    .0
4612700119961220    .0
4612700119961221    .0
4612700119961222   6.8
4612700119961223   8.4
4612700119961224   1.8
4612700119961225   2.8
4612700119961226    .0
4612700119961227    .0
4612700119961228    .0
4612700119961229    .0
4612700119961230    .0
4612700119961231    .0
4612700119970101    .4
4612700119970102   4.6
4612700119970103    .8
4612700119970104   8.6
4612700119970105    .0
4612700119970106    .0
4612700119970107    .0
4612700119970108    .6
4612700119970109    .2
4612700119970110    .0
4612700119970111    .0
4612700119970112    .0
4612700119970113    .0
4612700119970114    .0
4612700119970115    .0
4612700119970116    .0
4612700119970117   4.4
4612700119970118   4.6
4612700119970119    .0
4612700119970120    .0
4612700119970121    .0
4612700119970122    .0
4612700119970123    .0
4612700119970124    .4
4612700119970125    .0
4612700119970126    .0
4612700119970127    .0
4612700119970128    .0
4612700119970129    .0
4612700119970130    .0
4612700119970131    .0
4612700119970201    .0
4612700119970202   1.8
4612700119970203    .0
4612700119970204    .0
4612700119970205   1.6
4612700119970206    .0
4612700119970207    .0
4612700119970208    .0
4612700119970209    .0
4612700119970210   1.6
4612700119970211   2.2
4612700119970212   2.0
4612700119970213   4.2
4612700119970214  19.0
4612700119970215   2.2
4612700119970216    .4
4612700119970217    .2
4612700119970218    .2
4612700119970219    .4
4612700119970220    .0
4612700119970221    .0
4612700119970222    .0
4612700119970223    .2
4612700119970224   1.2
4612700119970225    .0
4612700119970226   2.0
4612700119970227    .0
4612700119970228    .0
4612700119970301    .0
4612700119970302    .0
4612700119970303    .0
4612700119970304    .0
4612700119970305    .2
4612700119970306    .0
4612700119970307    .0
4612700119970308    .0
4612700119970309    .0
4612700119970310    .0
4612700119970311    .0
4612700119970312    .0
4612700119970313    .0
4612700119970314    .0
4612700119970315    .0
4612700119970316    .0
4612700119970317    .0
4612700119970318    .4
4612700119970319    .8
4612700119970320    .0
4612700119970321    .0
4612700119970322    .0
4612700119970323    .0
4612700119970324   5.2
4612700119970325   1.0
4612700119970326    .0
4612700119970327    .0
4612700119970328    .0
4612700119970329    .0
4612700119970330    .0
4612700119970331    .0
4612700119970401    .0
4612700119970402    .0
4612700119970403    .0
4612700119970404    .0
4612700119970405    .0
4612700119970406    .0
4612700119970407    .0
4612700119970408    .0
4612700119970409    .0
4612700119970410    .0
4612700119970411    .0
4612700119970412    .0
4612700119970413    .0
4612700119970414    .0
4612700119970415    .0
4612700119970416    .0
4612700119970417    .0
4612700119970418    .0
4612700119970419    .2
4612700119970420    .0
4612700119970421    .0
4612700119970422    .0
4612700119970423    .0
4612700119970424    .0
4612700119970425    .0
4612700119970426   9.8
4612700119970427   4.4
4612700119970428   4.0
4612700119970429    .0
4612700119970430    .0
4612700119970501    .0
4612700119970502    .0
4612700119970503    .0
4612700119970504  17.0
4612700119970505  15.0
4612700119970506   8.6
4612700119970507   2.4
4612700119970508   5.2
4612700119970509   9.2
4612700119970510   1.8
4612700119970511  11.2
4612700119970512    .0
4612700119970513   1.0
4612700119970514    .4
4612700119970515    .2
4612700119970516    .0
4612700119970517  14.4
4612700119970518    .0
4612700119970519   6.6
4612700119970520   1.0
4612700119970521   5.0
4612700119970522    .0
4612700119970523    .0
4612700119970524    .6
4612700119970525    .0
4612700119970526    .0
4612700119970527    .0
4612700119970528    .0
4612700119970529    .0
4612700119970530    .0
4612700119970531   2.6
4612700119970601  39.4
4612700119970602   5.6
4612700119970603    .6
4612700119970604    .0
4612700119970605   2.2
4612700119970606    .0
4612700119970607  26.0
4612700119970608    .0
4612700119970609    .0
4612700119970610    .0
4612700119970611    .0
4612700119970612    .0
4612700119970613    .0
4612700119970614    .0
4612700119970615    .6
4612700119970616   1.2
4612700119970617    .0
4612700119970618    .0
4612700119970619    .4
4612700119970620   3.8
4612700119970621  23.4
4612700119970622   7.6
4612700119970623  12.2
4612700119970624    .0
4612700119970625   3.2
4612700119970626   5.2
4612700119970627   2.0
4612700119970628  12.6
4612700119970629  16.4
4612700119970630   2.4
4612700119970701   5.4
4612700119970702   7.2
4612700119970703   1.8
4612700119970704   6.4
4612700119970705    .0
4612700119970706    .0
4612700119970707    .0
4612700119970708    .0
4612700119970709    .6
4612700119970710  16.8
4612700119970711    .0
4612700119970712    .0
4612700119970713   2.2
4612700119970714    .0
4612700119970715    .0
4612700119970716    .0
4612700119970717    .0
4612700119970718    .0
4612700119970719    .0
4612700119970720    .0
4612700119970721    .0
4612700119970722    .8
4612700119970723    .0
4612700119970724    .4
4612700119970725   2.8
4612700119970726    .0
4612700119970727    .0
4612700119970728    .0
4612700119970729    .0
4612700119970730    .0
4612700119970731    .0
4612700119970801    .0
4612700119970802    .0
4612700119970803    .0
4612700119970804    .0
4612700119970805  19.2
4612700119970806    .8
4612700119970807    .0
4612700119970808    .0
4612700119970809    .0
4612700119970810  30.6
4612700119970811  25.2
4612700119970812    .0
4612700119970813    .0
4612700119970814    .0
4612700119970815    .8
4612700119970816   3.2
4612700119970817    .0
4612700119970818    .0
4612700119970819    .0
4612700119970820    .0
4612700119970821    .0
4612700119970822    .0
4612700119970823    .0
4612700119970824    .0
4612700119970825    .4
4612700119970826    .0
4612700119970827   8.6
4612700119970828   5.2
4612700119970829   1.2
4612700119970830    .0
4612700119970831    .0
4612700119970901  28.6
4612700119970902   2.0
4612700119970903    .0
4612700119970904    .0
4612700119970905    .0
4612700119970906    .0
4612700119970907    .0
4612700119970908    .0
4612700119970909    .0
4612700119970910    .0
4612700119970911    .0
4612700119970912   5.8
4612700119970913   3.8
4612700119970914    .0
4612700119970915    .0
4612700119970916    .0
4612700119970917    .0
4612700119970918    .0
4612700119970919    .0
4612700119970920    .0
4612700119970921    .0
4612700119970922    .0
4612700119970923    .0
4612700119970924    .0
4612700119970925    .0
4612700119970926    .0
4612700119970927    .0
4612700119970928    .0
4612700119970929    .0
4612700119970930    .0
4612700119971001    .0
4612700119971002    .0
4612700119971003    .0
4612700119971004    .0
4612700119971005    .0
4612700119971006   1.4
4612700119971007    .0
4612700119971008    .0
4612700119971009    .8
4612700119971010   5.8
4612700119971011   9.4
4612700119971012   5.0
4612700119971013    .0
4612700119971014    .0
4612700119971015   5.5
4612700119971016    .0
4612700119971017    .0
4612700119971018    .0
4612700119971019    .0
4612700119971020    .0
4612700119971021    .0
4612700119971022    .0
4612700119971023   2.6
4612700119971024    .0
4612700119971025    .0
4612700119971026    .0
4612700119971027    .0
4612700119971028    .0
4612700119971029    .0
4612700119971030    .0
4612700119971031    .0
4612700119971101    .0
4612700119971102    .0
4612700119971103    .0
4612700119971104  10.2
4612700119971105   2.8
4612700119971106   7.0
4612700119971107   4.0
4612700119971108  12.4
4612700119971109  12.4
4612700119971110   6.4
4612700119971111    .8
4612700119971112   2.4
4612700119971113    .0
4612700119971114    .0
4612700119971115    .0
4612700119971116    .0
4612700119971117    .0
4612700119971118  11.0
4612700119971119    .0
4612700119971120   7.0
4612700119971121    .0
4612700119971122    .0
4612700119971123    .0
4612700119971124    .0
4612700119971125    .0
4612700119971126    .8
4612700119971127   1.4
4612700119971128   3.2
4612700119971129   3.6
4612700119971130    .6
4612700119971201   8.2
4612700119971202   5.0
4612700119971203    .0
4612700119971204    .0
4612700119971205    .0
4612700119971206    .0
4612700119971207    .0
4612700119971208   2.4
4612700119971209   1.2
4612700119971210   5.2
4612700119971211   9.4
4612700119971212    .4
4612700119971213    .0
4612700119971214    .0
4612700119971215   2.4
4612700119971216   2.2
4612700119971217   4.0
4612700119971218  13.2
4612700119971219    .4
4612700119971220   4.8
4612700119971221    .0
4612700119971222   7.6
4612700119971223    .0
4612700119971224    .0
4612700119971225    .6
4612700119971226  11.4
4612700119971227    .8
4612700119971228    .2
4612700119971229    .0
4612700119971230    .0
4612700119971231  14.6
4612700119980101    .0
4612700119980102   8.4
4612700119980103   3.8
4612700119980104    .6
4612700119980105   2.2
4612700119980106    .0
4612700119980107    .0
4612700119980108    .0
4612700119980109    .0
4612700119980110    .0
4612700119980111    .0
4612700119980112    .0
4612700119980113    .2
4612700119980114   1.4
4612700119980115   5.0
4612700119980116   5.8
4612700119980117    .0
4612700119980118  29.2
4612700119980119  12.4
4612700119980120    .0
4612700119980121    .0
4612700119980122    .0
4612700119980123    .0
4612700119980124    .0
4612700119980125    .2
4612700119980126    .0
4612700119980127    .0
4612700119980128    .0
4612700119980129    .0
4612700119980130    .0
4612700119980131    .0
4612700119980201    .0
4612700119980202    .0
4612700119980203   2.4
4612700119980204    .0
4612700119980205    .0
4612700119980206    .0
4612700119980207    .0
4612700119980208    .0
4612700119980209    .0
4612700119980210    .0
4612700119980211    .0
4612700119980212    .0
4612700119980213    .0
4612700119980214    .0
4612700119980215    .0
4612700119980216    .0
4612700119980217    .0
4612700119980218    .0
4612700119980219    .0
4612700119980220    .0
4612700119980221   7.4
4612700119980222   1.6
4612700119980223    .0
4612700119980224    .0
4612700119980225    .0
4612700119980226    .0
4612700119980227    .0
4612700119980228   1.2
4612700119980301    .6
4612700119980302    .0
4612700119980303    .0
4612700119980304   3.8
4612700119980305    .0
4612700119980306    .0
4612700119980307   1.0
4612700119980308  15.2
4612700119980309    .0
4612700119980310   2.8
4612700119980311   4.2
4612700119980312    .0
4612700119980313    .0
4612700119980314    .0
4612700119980315    .0
4612700119980316    .0
4612700119980317    .0
4612700119980318    .0
4612700119980319    .0
4612700119980320    .0
4612700119980321    .0
4612700119980322    .0
4612700119980323    .0
4612700119980324    .0
4612700119980325    .0
4612700119980326    .0
4612700119980327    .0
4612700119980328    .0
4612700119980329    .0
4612700119980330    .0
4612700119980331    .4
4612700119980401  10.4
4612700119980402   7.0
4612700119980403  12.2
4612700119980404   1.6
4612700119980405   1.4
4612700119980406   4.8
4612700119980407   6.2
4612700119980408   2.6
4612700119980409    .8
4612700119980410   1.2
4612700119980411   6.6
4612700119980412   2.6
4612700119980413    .8
4612700119980414    .0
4612700119980415   8.4
4612700119980416  10.8
4612700119980417   5.4
4612700119980418    .6
4612700119980419   1.4
4612700119980420    .6
4612700119980421    .0
4612700119980422    .4
4612700119980423    .0
4612700119980424    .0
4612700119980425   2.2
4612700119980426  68.8
4612700119980427  14.0
4612700119980428    .8
4612700119980429  18.8
4612700119980430   6.8
4612700119980501  12.4
4612700119980502   3.6
4612700119980503   3.8
4612700119980504    .0
4612700119980505    .0
4612700119980506    .0
4612700119980507    .0
4612700119980508    .0
4612700119980509    .0
4612700119980510    .0
4612700119980511    .0
4612700119980512    .0
4612700119980513    .0
4612700119980514    .0
4612700119980515   5.2
4612700119980516    .0
4612700119980517    .0
4612700119980518    .0
4612700119980519    .0
4612700119980520    .0
4612700119980521    .0
4612700119980522    .0
4612700119980523    .0
4612700119980524    .0
4612700119980525    .0
4612700119980526    .0
4612700119980527   3.6
4612700119980528    .8
4612700119980529    .0
4612700119980530   2.8
4612700119980531    .0
4612700119980601   1.6
4612700119980602  14.0
4612700119980603    .0
4612700119980604    .0
4612700119980605    .0
4612700119980606  22.0
4612700119980607    .0
4612700119980608    .0
4612700119980609    .4
4612700119980610   2.2
4612700119980611  13.2
4612700119980612    .0
4612700119980613   3.0
4612700119980614    .2
4612700119980615   5.6
4612700119980616    .0
4612700119980617    .0
4612700119980618    .0
4612700119980619    .0
4612700119980620    .0
4612700119980621    .0
4612700119980622    .0
4612700119980623    .0
4612700119980624   1.6
4612700119980625   4.6
4612700119980626   1.6
4612700119980627    .0
4612700119980628    .0
4612700119980629    .0
4612700119980630    .0
4612700119980701   7.4
4612700119980702    .0
4612700119980703   1.4
4612700119980704    .0
4612700119980705    .0
4612700119980706   3.0
4612700119980707    .2
4612700119980708    .0
4612700119980709    .0
4612700119980710    .0
4612700119980711    .0
4612700119980712    .0
4612700119980713   1.8
4612700119980714    .0
4612700119980715    .0
4612700119980716    .2
4612700119980717    .0
4612700119980718    .0
4612700119980719    .0
4612700119980720    .0
4612700119980721    .8
4612700119980722    .0
4612700119980723    .0
4612700119980724    .0
4612700119980725    .0
4612700119980726   8.8
4612700119980727  16.2
4612700119980728    .2
4612700119980729    .0
4612700119980730    .0
4612700119980731  10.0
4612700119980801    .4
4612700119980802   5.8
4612700119980803    .0
4612700119980804    .0
4612700119980805    .0
4612700119980806    .0
4612700119980807    .0
4612700119980808    .0
4612700119980809    .0
4612700119980810    .0
4612700119980811    .0
4612700119980812    .0
4612700119980813    .0
4612700119980814    .0
4612700119980815    .0
4612700119980816    .0
4612700119980817    .0
4612700119980818    .0
4612700119980819    .0
4612700119980820    .0
4612700119980821   4.6
4612700119980822   6.0
4612700119980823   1.4
4612700119980824    .8
4612700119980825    .0
4612700119980826    .0
4612700119980827    .0
4612700119980828    .0
4612700119980829    .0
4612700119980830    .0
4612700119980831    .0
4612700119980901    .0
4612700119980902  23.2
4612700119980903    .0
4612700119980904  12.8
4612700119980905    .2
4612700119980906   1.6
4612700119980907   8.0
4612700119980908    .0
4612700119980909    .0
4612700119980910    .0
4612700119980911   5.4
4612700119980912   4.6
4612700119980913   1.0
4612700119980914   1.6
4612700119980915   4.0
4612700119980916    .4
4612700119980917    .0
4612700119980918    .0
4612700119980919    .0
4612700119980920    .0
4612700119980921    .0
4612700119980922    .0
4612700119980923    .0
4612700119980924    .0
4612700119980925   1.0
4612700119980926   4.2
4612700119980927  11.2
4612700119980928    .6
4612700119980929  24.8
4612700119980930   2.2
4612700119981001  11.0
4612700119981002   1.6
4612700119981003   1.8
4612700119981004   1.8
4612700119981005   1.2
4612700119981006   1.6
4612700119981007    .0
4612700119981008   6.0
4612700119981009    .0
4612700119981010   2.0
4612700119981011   5.4
4612700119981012    .0
4612700119981013    .0
4612700119981014    .0
4612700119981015    .0
4612700119981016    .0
4612700119981017   2.0
4612700119981018    .0
4612700119981019    .0
4612700119981020    .0
4612700119981021    .0
4612700119981022    .0
4612700119981023   2.6
4612700119981024   9.8
4612700119981025    .4
4612700119981026   4.2
4612700119981027    .0
4612700119981028    .2
4612700119981029   3.8
4612700119981030    .0
4612700119981031   5.4
4612700119981101   6.8
4612700119981102   2.6
4612700119981103   7.8
4612700119981104   2.0
4612700119981105    .0
4612700119981106    .0
4612700119981107    .0
4612700119981108    .0
4612700119981109  11.2
4612700119981110   8.8
4612700119981111   1.8
4612700119981112   3.0
4612700119981113   5.2
4612700119981114   7.2
4612700119981115    .0
4612700119981116    .0
4612700119981117    .0
4612700119981118    .0
4612700119981119    .0
4612700119981120    .0
4612700119981121    .0
4612700119981122    .0
4612700119981123    .0
4612700119981124   3.4
4612700119981125    .0
4612700119981126   1.6
4612700119981127   4.2
4612700119981128   7.2
4612700119981129    .2
4612700119981130    .6
4612700119981201    .0
4612700119981202    .0
4612700119981203    .0
4612700119981204    .0
4612700119981205    .0
4612700119981206    .0
4612700119981207    .0
4612700119981208    .0
4612700119981209   1.6
4612700119981210   7.6
4612700119981211   1.2
4612700119981212   2.2
4612700119981213    .0
4612700119981214    .0
4612700119981215    .0
4612700119981216    .0
4612700119981217    .0
4612700119981218    .2
4612700119981219   3.0
4612700119981220  13.8
4612700119981221    .0
4612700119981222    .0
4612700119981223    .6
4612700119981224    .2
4612700119981225    .0
4612700119981226    .0
4612700119981227    .0
4612700119981228    .0
4612700119981229    .0
4612700119981230   2.6
4612700119981231    .0
