4901500219940101   9.6
4901500219940102    .8
4901500219940103   9.0
4901500219940104  11.6
4901500219940105  10.0
4901500219940106    .2
4901500219940107    .0
4901500219940108   3.6
4901500219940109   6.6
4901500219940110   2.4
4901500219940111   3.4
4901500219940112   1.0
4901500219940113   3.2
4901500219940114   2.2
4901500219940115  13.8
4901500219940116    .0
4901500219940117    .4
4901500219940118    .0
4901500219940119   2.6
4901500219940120    .4
4901500219940121    .2
4901500219940122    .0
4901500219940123    .6
4901500219940124   2.6
4901500219940125    .4
4901500219940126    .0
4901500219940127   1.4
4901500219940128    .0
4901500219940129    .0
4901500219940130    .0
4901500219940131    .0
4901500219940201   8.0
4901500219940202  15.2
4901500219940203   4.0
4901500219940204    .0
4901500219940205    .0
4901500219940206   2.2
4901500219940207    .0
4901500219940208   1.4
4901500219940209   6.6
4901500219940210   3.2
4901500219940211  25.0
4901500219940212    .0
4901500219940213    .0
4901500219940214    .6
4901500219940215    .2
4901500219940216    .0
4901500219940217   3.0
4901500219940218   1.8
4901500219940219   5.6
4901500219940220   5.4
4901500219940221   1.8
4901500219940222   1.4
4901500219940223   6.0
4901500219940224   1.4
4901500219940225    .0
4901500219940226   1.8
4901500219940227   7.8
4901500219940228    .2
4901500219940301    .0
4901500219940302   3.0
4901500219940303    .6
4901500219940304    .0
4901500219940305   2.2
4901500219940306    .0
4901500219940307    .0
4901500219940308    .0
4901500219940309    .0
4901500219940310    .0
4901500219940311    .0
4901500219940312   1.8
4901500219940313    .4
4901500219940314    .0
4901500219940315    .2
4901500219940316    .0
4901500219940317    .0
4901500219940318    .0
4901500219940319   1.0
4901500219940320   3.8
4901500219940321   2.2
4901500219940322    .0
4901500219940323    .0
4901500219940324    .0
4901500219940325    .0
4901500219940326    .0
4901500219940327    .2
4901500219940328   1.0
4901500219940329    .0
4901500219940330   4.6
4901500219940331   5.0
4901500219940401   5.6
4901500219940402    .2
4901500219940403   7.0
4901500219940404   1.6
4901500219940405   3.6
4901500219940406  12.4
4901500219940407   1.2
4901500219940408   8.2
4901500219940409   1.0
4901500219940410   5.8
4901500219940411    .0
4901500219940412    .6
4901500219940413   2.4
4901500219940414    .0
4901500219940415    .0
4901500219940416    .0
4901500219940417    .0
4901500219940418    .0
4901500219940419    .0
4901500219940420    .0
4901500219940421    .0
4901500219940422    .4
4901500219940423   2.2
4901500219940424    .0
4901500219940425   1.0
4901500219940426    .8
4901500219940427    .0
4901500219940428    .0
4901500219940429    .0
4901500219940430    .0
4901500219940501    .0
4901500219940502    .0
4901500219940503    .0
4901500219940504   1.4
4901500219940505   1.0
4901500219940506    .0
4901500219940507   8.8
4901500219940508    .0
4901500219940509    .0
4901500219940510    .0
4901500219940511  11.2
4901500219940512    .0
4901500219940513    .0
4901500219940514    .2
4901500219940515   8.8
4901500219940516  15.8
4901500219940517    .0
4901500219940518    .0
4901500219940519   3.2
4901500219940520   4.2
4901500219940521   6.6
4901500219940522    .0
4901500219940523  15.8
4901500219940524    .0
4901500219940525   1.8
4901500219940526   4.4
4901500219940527    .0
4901500219940528   1.2
4901500219940529    .0
4901500219940530    .0
4901500219940531    .0
4901500219940601  24.0
4901500219940602  11.4
4901500219940603   1.0
4901500219940604   5.6
4901500219940605    .0
4901500219940606    .0
4901500219940607    .0
4901500219940608    .0
4901500219940609    .0
4901500219940610    .0
4901500219940611    .0
4901500219940612    .0
4901500219940613    .0
4901500219940614    .0
4901500219940615    .0
4901500219940616    .0
4901500219940617    .0
4901500219940618    .0
4901500219940619    .0
4901500219940620    .0
4901500219940621    .0
4901500219940622    .0
4901500219940623    .0
4901500219940624  12.2
4901500219940625    .0
4901500219940626    .0
4901500219940627    .0
4901500219940628    .0
4901500219940629    .0
4901500219940630    .0
4901500219940701    .0
4901500219940702    .0
4901500219940703    .4
4901500219940704    .0
4901500219940705    .0
4901500219940706    .0
4901500219940707   2.4
4901500219940708    .2
4901500219940709    .0
4901500219940710    .0
4901500219940711    .0
4901500219940712    .0
4901500219940713    .0
4901500219940714    .0
4901500219940715    .0
4901500219940716    .0
4901500219940717   4.8
4901500219940718    .0
4901500219940719   1.8
4901500219940720    .0
4901500219940721    .0
4901500219940722    .0
4901500219940723    .0
4901500219940724  76.8
4901500219940725    .0
4901500219940726    .0
4901500219940727   8.0
4901500219940728    .0
4901500219940729    .0
4901500219940730  10.0
4901500219940731    .0
4901500219940801    .0
4901500219940802    .0
4901500219940803    .0
4901500219940804   6.2
4901500219940805    .0
4901500219940806    .0
4901500219940807  34.6
4901500219940808    .0
4901500219940809  22.4
4901500219940810   6.0
4901500219940811    .0
4901500219940812    .0
4901500219940813    .0
4901500219940814    .0
4901500219940815    .0
4901500219940816    .0
4901500219940817   3.4
4901500219940818    .0
4901500219940819    .0
4901500219940820    .0
4901500219940821    .0
4901500219940822    .0
4901500219940823    .0
4901500219940824   6.8
4901500219940825   2.4
4901500219940826    .0
4901500219940827    .8
4901500219940828    .0
4901500219940829    .0
4901500219940830    .0
4901500219940831   2.0
4901500219940901  15.0
4901500219940902    .0
4901500219940903    .0
4901500219940904    .2
4901500219940905   4.0
4901500219940906  18.6
4901500219940907   2.2
4901500219940908   1.8
4901500219940909   4.0
4901500219940910   9.6
4901500219940911   4.4
4901500219940912   1.8
4901500219940913  10.8
4901500219940914    .4
4901500219940915    .0
4901500219940916    .0
4901500219940917    .6
4901500219940918    .0
4901500219940919  20.4
4901500219940920   1.4
4901500219940921    .6
4901500219940922   5.8
4901500219940923   6.6
4901500219940924   1.0
4901500219940925   5.0
4901500219940926    .4
4901500219940927    .0
4901500219940928    .0
4901500219940929    .0
4901500219940930    .0
4901500219941001    .0
4901500219941002   3.8
4901500219941003    .0
4901500219941004    .0
4901500219941005    .0
4901500219941006    .0
4901500219941007    .0
4901500219941008    .0
4901500219941009    .0
4901500219941010    .0
4901500219941011    .0
4901500219941012    .0
4901500219941013    .0
4901500219941014    .0
4901500219941015    .0
4901500219941016    .0
4901500219941017    .0
4901500219941018   9.0
4901500219941019   7.0
4901500219941020    .0
4901500219941021   8.4
4901500219941022  19.6
4901500219941023  11.4
4901500219941024  13.8
4901500219941025   2.2
4901500219941026    .4
4901500219941027   3.0
4901500219941028   1.4
4901500219941029   5.0
4901500219941030    .0
4901500219941031   2.8
4901500219941101    .0
4901500219941102   2.0
4901500219941103   9.2
4901500219941104  23.6
4901500219941105   2.6
4901500219941106    .8
4901500219941107   1.8
4901500219941108   4.2
4901500219941109   8.6
4901500219941110   1.8
4901500219941111   4.2
4901500219941112   3.8
4901500219941113    .0
4901500219941114   1.8
4901500219941115   1.4
4901500219941116   1.2
4901500219941117   3.0
4901500219941118   3.4
4901500219941119    .0
4901500219941120    .0
4901500219941121    .0
4901500219941122    .0
4901500219941123    .2
4901500219941124    .0
4901500219941125    .0
4901500219941126    .0
4901500219941127    .0
4901500219941128    .0
4901500219941129    .0
4901500219941130    .0
4901500219941201    .0
4901500219941202    .0
4901500219941203   1.8
4901500219941204   7.2
4901500219941205   2.6
4901500219941206    .0
4901500219941207   4.5
4901500219941208   9.1
4901500219941209   9.9
4901500219941210    .2
4901500219941211    .1
4901500219941212    .0
4901500219941213    .2
4901500219941214   2.2
4901500219941215    .6
4901500219941216    .2
4901500219941217    .0
4901500219941218   3.8
4901500219941219    .0
4901500219941220    .0
4901500219941221   2.0
4901500219941222    .0
4901500219941223    .0
4901500219941224    .0
4901500219941225    .4
4901500219941226   8.2
4901500219941227  11.6
4901500219941228   5.4
4901500219941229  19.6
4901500219941230   1.4
4901500219941231    .8
4901500219950101    .6
4901500219950102    .0
4901500219950103    .0
4901500219950104    .0
4901500219950105   6.8
4901500219950106    .0
4901500219950107    .0
4901500219950108   2.0
4901500219950109    .0
4901500219950110   1.0
4901500219950111   3.0
4901500219950112    .0
4901500219950113    .0
4901500219950114    .0
4901500219950115    .0
4901500219950116    .0
4901500219950117  11.8
4901500219950118   3.8
4901500219950119  18.6
4901500219950120   2.2
4901500219950121  32.2
4901500219950122  15.6
4901500219950123   2.0
4901500219950124  20.0
4901500219950125   6.8
4901500219950126   6.8
4901500219950127  17.4
4901500219950128   3.6
4901500219950129    .6
4901500219950130    .0
4901500219950131    .6
4901500219950201  15.8
4901500219950202    .0
4901500219950203    .2
4901500219950204   2.6
4901500219950205    .0
4901500219950206    .2
4901500219950207   4.4
4901500219950208   5.8
4901500219950209   2.2
4901500219950210   5.0
4901500219950211   6.8
4901500219950212    .0
4901500219950213   6.8
4901500219950214   5.0
4901500219950215   6.0
4901500219950216   2.0
4901500219950217   3.2
4901500219950218    .0
4901500219950219   8.4
4901500219950220    .4
4901500219950221   1.4
4901500219950222   7.6
4901500219950223   4.8
4901500219950224   9.2
4901500219950225   7.4
4901500219950226    .8
4901500219950227    .0
4901500219950228    .0
4901500219950301   1.6
4901500219950302  12.2
4901500219950303    .0
4901500219950304    .8
4901500219950305   7.0
4901500219950306    .8
4901500219950307  17.2
4901500219950308   3.8
4901500219950309    .0
4901500219950310    .0
4901500219950311    .0
4901500219950312    .4
4901500219950313    .0
4901500219950314   1.6
4901500219950315   1.4
4901500219950316   1.8
4901500219950317   2.4
4901500219950318  13.8
4901500219950319   8.6
4901500219950320    .0
4901500219950321    .0
4901500219950322    .0
4901500219950323    .0
4901500219950324    .0
4901500219950325    .0
4901500219950326    .0
4901500219950327    .6
4901500219950328   8.8
4901500219950329    .0
4901500219950330    .0
4901500219950331    .0
4901500219950401    .0
4901500219950402    .0
4901500219950403    .0
4901500219950404    .0
4901500219950405    .0
4901500219950406    .0
4901500219950407    .0
4901500219950408    .0
4901500219950409    .0
4901500219950410    .0
4901500219950411    .0
4901500219950412    .0
4901500219950413    .0
4901500219950414    .0
4901500219950415    .0
4901500219950416    .0
4901500219950417    .0
4901500219950418   4.0
4901500219950419    .4
4901500219950420    .0
4901500219950421   2.8
4901500219950422   2.8
4901500219950423    .0
4901500219950424   4.2
4901500219950425   3.0
4901500219950426    .0
4901500219950427    .0
4901500219950428   2.4
4901500219950429   1.6
4901500219950430    .0
4901500219950501    .0
4901500219950502    .0
4901500219950503    .0
4901500219950504    .0
4901500219950505    .0
4901500219950506    .0
4901500219950507    .0
4901500219950508    .0
4901500219950509    .0
4901500219950510    .2
4901500219950511   3.0
4901500219950512   6.6
4901500219950513    .0
4901500219950514    .0
4901500219950515    .0
4901500219950516  13.4
4901500219950517  20.4
4901500219950518    .0
4901500219950519    .0
4901500219950520    .0
4901500219950521    .0
4901500219950522    .0
4901500219950523   1.6
4901500219950524   1.6
4901500219950525   1.6
4901500219950526    .0
4901500219950527   3.2
4901500219950528   1.6
4901500219950529    .0
4901500219950530    .2
4901500219950531    .0
4901500219950601    .0
4901500219950602    .0
4901500219950603   1.2
4901500219950604    .8
4901500219950605    .0
4901500219950606    .0
4901500219950607    .0
4901500219950608    .0
4901500219950609    .0
4901500219950610    .0
4901500219950611   4.0
4901500219950612    .0
4901500219950613    .0
4901500219950614    .0
4901500219950615    .0
4901500219950616    .0
4901500219950617   3.4
4901500219950618    .6
4901500219950619    .0
4901500219950620    .2
4901500219950621    .0
4901500219950622    .0
4901500219950623    .0
4901500219950624    .0
4901500219950625    .0
4901500219950626    .0
4901500219950627    .0
4901500219950628    .0
4901500219950629    .0
4901500219950630    .0
4901500219950701    .6
4901500219950702    .6
4901500219950703  15.6
4901500219950704    .0
4901500219950705    .0
4901500219950706    .0
4901500219950707    .0
4901500219950708    .0
4901500219950709    .0
4901500219950710   2.4
4901500219950711  11.4
4901500219950712    .0
4901500219950713   1.8
4901500219950714   3.4
4901500219950715   3.8
4901500219950716    .0
4901500219950717    .6
4901500219950718    .0
4901500219950719    .0
4901500219950720    .0
4901500219950721    .0
4901500219950722    .0
4901500219950723    .0
4901500219950724    .0
4901500219950725    .0
4901500219950726    .0
4901500219950727    .8
4901500219950728    .0
4901500219950729    .0
4901500219950730    .0
4901500219950731    .0
4901500219950801    .0
4901500219950802    .0
4901500219950803    .0
4901500219950804    .0
4901500219950805   6.6
4901500219950806    .4
4901500219950807   4.4
4901500219950808    .0
4901500219950809    .0
4901500219950810    .0
4901500219950811    .8
4901500219950812    .0
4901500219950813    .0
4901500219950814    .0
4901500219950815    .0
4901500219950816    .0
4901500219950817    .0
4901500219950818    .0
4901500219950819    .0
4901500219950820    .0
4901500219950821    .0
4901500219950822    .0
4901500219950823    .0
4901500219950824    .0
4901500219950825    .0
4901500219950826    .0
4901500219950827    .0
4901500219950828    .0
4901500219950829    .0
4901500219950830    .0
4901500219950831    .0
4901500219950901    .0
4901500219950902   9.8
4901500219950903   1.0
4901500219950904    .0
4901500219950905    .0
4901500219950906   1.8
4901500219950907  29.4
4901500219950908    .2
4901500219950909    .4
4901500219950910   5.2
4901500219950911    .0
4901500219950912    .0
4901500219950913    .0
4901500219950914   2.2
4901500219950915   5.6
4901500219950916    .0
4901500219950917  14.2
4901500219950918   1.4
4901500219950919   4.6
4901500219950920    .2
4901500219950921    .0
4901500219950922    .0
4901500219950923    .0
4901500219950924   1.0
4901500219950925    .0
4901500219950926    .0
4901500219950927   4.8
4901500219950928    .0
4901500219950929    .0
4901500219950930    .2
4901500219951001    .2
4901500219951002    .8
4901500219951003    .0
4901500219951004   3.4
4901500219951005    .0
4901500219951006    .0
4901500219951007    .0
4901500219951008    .0
4901500219951009    .0
4901500219951010    .0
4901500219951011    .0
4901500219951012    .0
4901500219951013    .0
4901500219951014    .8
4901500219951015    .0
4901500219951016    .0
4901500219951017    .0
4901500219951018    .0
4901500219951019    .0
4901500219951020    .0
4901500219951021    .0
4901500219951022    .0
4901500219951023    .0
4901500219951024   2.7
4901500219951025    .0
4901500219951026    .0
4901500219951027    .6
4901500219951028   8.2
4901500219951029    .0
4901500219951030    .0
4901500219951031    .0
4901500219951101    .0
4901500219951102    .0
4901500219951103    .0
4901500219951104    .0
4901500219951105    .0
4901500219951106    .0
4901500219951107    .0
4901500219951108    .0
4901500219951109    .0
4901500219951110    .8
4901500219951111   9.4
4901500219951112   7.2
4901500219951113    .2
4901500219951114   1.8
4901500219951115   6.0
4901500219951116   7.8
4901500219951117    .0
4901500219951118    .0
4901500219951119    .0
4901500219951120    .0
4901500219951121   8.8
4901500219951122    .0
4901500219951123    .0
4901500219951124    .0
4901500219951125  11.4
4901500219951126   1.2
4901500219951127   4.8
4901500219951128    .2
4901500219951129    .0
4901500219951130    .0
4901500219951201   4.0
4901500219951202   6.0
4901500219951203   4.4
4901500219951204   2.4
4901500219951205    .0
4901500219951206   1.0
4901500219951207    .2
4901500219951208    .0
4901500219951209    .0
4901500219951210    .0
4901500219951211    .0
4901500219951212    .0
4901500219951213    .0
4901500219951214    .8
4901500219951215   4.4
4901500219951216  14.8
4901500219951217    .0
4901500219951218    .0
4901500219951219    .0
4901500219951220    .4
4901500219951221   3.6
4901500219951222   7.8
4901500219951223   6.0
4901500219951224   3.0
4901500219951225    .0
4901500219951226    .0
4901500219951227    .0
4901500219951228    .0
4901500219951229   9.2
4901500219951230   5.0
4901500219951231   4.8
4901500219960101  14.8
4901500219960102    .0
4901500219960103    .0
4901500219960104    .0
4901500219960105   1.8
4901500219960106   4.4
4901500219960107   3.6
4901500219960108   2.8
4901500219960109   3.4
4901500219960110    .0
4901500219960111   7.2
4901500219960112    .2
4901500219960113    .0
4901500219960114    .2
4901500219960115    .0
4901500219960116    .0
4901500219960117    .0
4901500219960118    .0
4901500219960119    .0
4901500219960120    .0
4901500219960121    .0
4901500219960122  13.4
4901500219960123  14.0
4901500219960124    .0
4901500219960125    .0
4901500219960126   1.0
4901500219960127    .0
4901500219960128    .0
4901500219960129    .0
4901500219960130    .0
4901500219960131    .0
4901500219960201    .0
4901500219960202    .0
4901500219960203    .0
4901500219960204    .0
4901500219960205   2.4
4901500219960206   1.0
4901500219960207   7.6
4901500219960208    .0
4901500219960209   4.2
4901500219960210    .0
4901500219960211   1.6
4901500219960212   9.2
4901500219960213    .0
4901500219960214    .0
4901500219960215    .0
4901500219960216    .0
4901500219960217    .0
4901500219960218   4.6
4901500219960219    .4
4901500219960220    .4
4901500219960221    .0
4901500219960222   2.6
4901500219960223   2.0
4901500219960224  17.0
4901500219960225  14.0
4901500219960226    .0
4901500219960227    .0
4901500219960228    .0
4901500219960229    .0
4901500219960301    .0
4901500219960302   1.4
4901500219960303    .2
4901500219960304    .0
4901500219960305    .0
4901500219960306    .0
4901500219960307    .0
4901500219960308   2.8
4901500219960309    .0
4901500219960310    .0
4901500219960311    .0
4901500219960312    .0
4901500219960313    .0
4901500219960314    .0
4901500219960315    .0
4901500219960316   1.0
4901500219960317   1.0
4901500219960318    .8
4901500219960319   3.4
4901500219960320   2.2
4901500219960321    .2
4901500219960322    .0
4901500219960323    .0
4901500219960324   8.8
4901500219960325    .0
4901500219960326   7.0
4901500219960327    .0
4901500219960328    .0
4901500219960329    .0
4901500219960330    .0
4901500219960331    .0
4901500219960401    .0
4901500219960402    .0
4901500219960403    .0
4901500219960404    .0
4901500219960405    .0
4901500219960406    .0
4901500219960407    .0
4901500219960408    .0
4901500219960409    .0
4901500219960410    .6
4901500219960411    .0
4901500219960412    .2
4901500219960413  10.8
4901500219960414    .0
4901500219960415    .0
4901500219960416   1.0
4901500219960417    .0
4901500219960418    .0
4901500219960419    .0
4901500219960420    .0
4901500219960421   2.2
4901500219960422  15.4
4901500219960423   3.4
4901500219960424    .2
4901500219960425    .0
4901500219960426    .0
4901500219960427    .0
4901500219960428    .0
4901500219960429    .0
4901500219960430    .0
4901500219960501   2.4
4901500219960502   5.6
4901500219960503    .0
4901500219960504    .0
4901500219960505    .0
4901500219960506    .4
4901500219960507    .0
4901500219960508   1.2
4901500219960509    .0
4901500219960510    .0
4901500219960511    .0
4901500219960512    .0
4901500219960513    .0
4901500219960514    .0
4901500219960515    .0
4901500219960516   2.8
4901500219960517   4.0
4901500219960518  12.4
4901500219960519   2.0
4901500219960520   4.0
4901500219960521    .2
4901500219960522    .8
4901500219960523    .2
4901500219960524    .2
4901500219960525   9.0
4901500219960526   1.4
4901500219960527    .2
4901500219960528    .0
4901500219960529    .0
4901500219960530    .0
4901500219960531    .0
4901500219960601    .0
4901500219960602    .0
4901500219960603    .0
4901500219960604    .0
4901500219960605    .0
4901500219960606    .0
4901500219960607   1.4
4901500219960608   1.8
4901500219960609    .0
4901500219960610    .0
4901500219960611    .0
4901500219960612    .0
4901500219960613    .0
4901500219960614    .0
4901500219960615    .0
4901500219960616    .0
4901500219960617    .0
4901500219960618    .0
4901500219960619   1.0
4901500219960620    .0
4901500219960621    .0
4901500219960622    .0
4901500219960623    .0
4901500219960624    .0
4901500219960625    .0
4901500219960626    .0
4901500219960627    .0
4901500219960628    .8
4901500219960629    .0
4901500219960630    .0
4901500219960701    .0
4901500219960702    .0
4901500219960703   9.0
4901500219960704  30.8
4901500219960705   1.2
4901500219960706    .0
4901500219960707   1.8
4901500219960708    .0
4901500219960709    .2
4901500219960710    .0
4901500219960711    .0
4901500219960712    .0
4901500219960713    .0
4901500219960714    .0
4901500219960715    .0
4901500219960716    .0
4901500219960717    .0
4901500219960718    .0
4901500219960719    .0
4901500219960720    .0
4901500219960721    .0
4901500219960722    .0
4901500219960723    .0
4901500219960724    .0
4901500219960725    .0
4901500219960726    .0
4901500219960727    .0
4901500219960728    .0
4901500219960729    .2
4901500219960730    .0
4901500219960731    .0
4901500219960801    .0
4901500219960802    .0
4901500219960803    .0
4901500219960804    .0
4901500219960805    .0
4901500219960806    .0
4901500219960807    .0
4901500219960808    .0
4901500219960809    .0
4901500219960810   2.6
4901500219960811    .4
4901500219960812    .0
4901500219960813    .0
4901500219960814    .0
4901500219960815    .0
4901500219960816    .0
4901500219960817    .0
4901500219960818    .0
4901500219960819    .0
4901500219960820    .0
4901500219960821    .0
4901500219960822    .4
4901500219960823   4.8
4901500219960824    .0
4901500219960825    .2
4901500219960826    .0
4901500219960827    .0
4901500219960828    .0
4901500219960829    .0
4901500219960830    .0
4901500219960831    .0
4901500219960901    .0
4901500219960902    .0
4901500219960903    .0
4901500219960904    .0
4901500219960905    .0
4901500219960906    .0
4901500219960907    .0
4901500219960908    .0
4901500219960909    .0
4901500219960910    .0
4901500219960911    .0
4901500219960912    .0
4901500219960913    .0
4901500219960914    .0
4901500219960915    .0
4901500219960916    .0
4901500219960917    .0
4901500219960918  23.4
4901500219960919  17.0
4901500219960920    .8
4901500219960921    .0
4901500219960922    .0
4901500219960923    .0
4901500219960924   2.0
4901500219960925    .2
4901500219960926   3.8
4901500219960927    .2
4901500219960928    .2
4901500219960929    .4
4901500219960930   5.4
4901500219961001   5.4
4901500219961002    .2
4901500219961003    .0
4901500219961004   1.0
4901500219961005    .2
4901500219961006    .0
4901500219961007    .2
4901500219961008    .0
4901500219961009    .2
4901500219961010    .2
4901500219961011    .2
4901500219961012    .0
4901500219961013    .0
4901500219961014    .2
4901500219961015   1.0
4901500219961016   1.8
4901500219961017    .0
4901500219961018    .8
4901500219961019    .0
4901500219961020    .4
4901500219961021    .0
4901500219961022    .2
4901500219961023    .0
4901500219961024    .0
4901500219961025    .8
4901500219961026    .4
4901500219961027    .2
4901500219961028    .4
4901500219961029    .0
4901500219961030    .0
4901500219961031    .0
4901500219961101    .0
4901500219961102    .0
4901500219961103    .0
4901500219961104  16.8
4901500219961105    .2
4901500219961106  16.4
4901500219961107   3.2
4901500219961108    .2
4901500219961109    .2
4901500219961110  13.0
4901500219961111   7.2
4901500219961112   3.2
4901500219961113    .0
4901500219961114    .0
4901500219961115    .0
4901500219961116    .0
4901500219961117   2.4
4901500219961118    .2
4901500219961119  19.8
4901500219961120    .4
4901500219961121   1.8
4901500219961122    .4
4901500219961123    .0
4901500219961124  15.4
4901500219961125    .8
4901500219961126   4.4
4901500219961127  17.6
4901500219961128   2.4
4901500219961129   7.8
4901500219961130    .0
4901500219961201   1.6
4901500219961202    .0
4901500219961203   8.8
4901500219961204    .0
4901500219961205   5.6
4901500219961206   3.6
4901500219961207    .2
4901500219961208    .0
4901500219961209    .0
4901500219961210    .0
4901500219961211    .0
4901500219961212   2.2
4901500219961213    .4
4901500219961214    .0
4901500219961215    .0
4901500219961216    .6
4901500219961217    .2
4901500219961218   5.4
4901500219961219    .8
4901500219961220    .0
4901500219961221   2.6
4901500219961222   8.2
4901500219961223   9.4
4901500219961224   6.4
4901500219961225    .0
4901500219961226    .0
4901500219961227    .0
4901500219961228    .0
4901500219961229    .0
4901500219961230    .0
4901500219961231    .0
4901500219970101    .0
4901500219970102    .0
4901500219970103   3.6
4901500219970104   1.2
4901500219970105    .0
4901500219970106    .0
4901500219970107    .0
4901500219970108   2.0
4901500219970109   1.2
4901500219970110    .0
4901500219970111    .2
4901500219970112    .0
4901500219970113    .0
4901500219970114    .0
4901500219970115    .0
4901500219970116    .2
4901500219970117    .4
4901500219970118   2.6
4901500219970119   2.0
4901500219970120    .0
4901500219970121  18.2
4901500219970122    .0
4901500219970123   3.0
4901500219970124   6.8
4901500219970125    .0
4901500219970126    .2
4901500219970127    .0
4901500219970128    .0
4901500219970129    .0
4901500219970130    .0
4901500219970131    .0
4901500219970201    .0
4901500219970202    .0
4901500219970203    .0
4901500219970204   4.6
4901500219970205    .0
4901500219970206    .0
4901500219970207    .0
4901500219970208    .0
4901500219970209    .0
4901500219970210   5.2
4901500219970211   1.0
4901500219970212   4.2
4901500219970213  12.0
4901500219970214   6.2
4901500219970215    .0
4901500219970216   4.4
4901500219970217   4.8
4901500219970218   1.0
4901500219970219    .6
4901500219970220    .2
4901500219970221    .2
4901500219970222    .0
4901500219970223   3.0
4901500219970224  17.8
4901500219970225  26.6
4901500219970226   3.0
4901500219970227    .0
4901500219970228    .2
4901500219970301    .2
4901500219970302   1.0
4901500219970303    .0
4901500219970304    .2
4901500219970305    .2
4901500219970306    .2
4901500219970307    .2
4901500219970308    .0
4901500219970309    .2
4901500219970310    .0
4901500219970311    .0
4901500219970312    .2
4901500219970313    .0
4901500219970314    .0
4901500219970315    .2
4901500219970316    .2
4901500219970317    .2
4901500219970318   2.2
4901500219970319    .0
4901500219970320    .0
4901500219970321    .0
4901500219970322    .0
4901500219970323    .0
4901500219970324   3.2
4901500219970325    .0
4901500219970326    .0
4901500219970327    .2
4901500219970328    .0
4901500219970329    .0
4901500219970330    .0
4901500219970331    .0
4901500219970401    .0
4901500219970402    .0
4901500219970403    .0
4901500219970404    .0
4901500219970405    .0
4901500219970406    .0
4901500219970407    .0
4901500219970408    .0
4901500219970409    .0
4901500219970410    .0
4901500219970411    .0
4901500219970412    .0
4901500219970413    .0
4901500219970414    .0
4901500219970415    .0
4901500219970416    .0
4901500219970417    .0
4901500219970418    .0
4901500219970419    .0
4901500219970420    .0
4901500219970421    .0
4901500219970422    .0
4901500219970423    .0
4901500219970424    .0
4901500219970425    .2
4901500219970426   7.4
4901500219970427    .6
4901500219970428    .0
4901500219970429    .0
4901500219970430    .2
4901500219970501    .0
4901500219970502    .0
4901500219970503    .0
4901500219970504   4.6
4901500219970505  12.2
4901500219970506   1.6
4901500219970507    .8
4901500219970508   2.8
4901500219970509   1.0
4901500219970510    .8
4901500219970511   1.8
4901500219970512   3.8
4901500219970513    .0
4901500219970514   1.8
4901500219970515   1.8
4901500219970516  33.8
4901500219970517   2.2
4901500219970518   6.0
4901500219970519   7.6
4901500219970520   9.8
4901500219970521   5.8
4901500219970522    .0
4901500219970523    .0
4901500219970524    .0
4901500219970525    .0
4901500219970526    .0
4901500219970527    .0
4901500219970528    .0
4901500219970529    .0
4901500219970530    .0
4901500219970531    .0
4901500219970601    .0
4901500219970602    .0
4901500219970603    .0
4901500219970604   1.4
4901500219970605    .0
4901500219970606  17.8
4901500219970607    .8
4901500219970608    .6
4901500219970609    .0
4901500219970610   1.0
4901500219970611   9.0
4901500219970612    .0
4901500219970613   3.4
4901500219970614    .2
4901500219970615    .0
4901500219970616    .2
4901500219970617    .4
4901500219970618    .0
4901500219970619    .6
4901500219970620   3.8
4901500219970621   2.4
4901500219970622   2.8
4901500219970623   5.2
4901500219970624    .0
4901500219970625   9.4
4901500219970626   2.0
4901500219970627    .6
4901500219970628    .4
4901500219970629   3.6
4901500219970630   4.6
4901500219970701    .6
4901500219970702   2.2
4901500219970703   2.0
4901500219970704   4.4
4901500219970705    .2
4901500219970706    .0
4901500219970707    .0
4901500219970708    .0
4901500219970709    .0
4901500219970710    .0
4901500219970711    .0
4901500219970712    .0
4901500219970713    .0
4901500219970714    .0
4901500219970715    .0
4901500219970716    .0
4901500219970717    .0
4901500219970718    .0
4901500219970719    .0
4901500219970720    .0
4901500219970721    .0
4901500219970722    .0
4901500219970723    .0
4901500219970724    .2
4901500219970725    .8
4901500219970726    .0
4901500219970727   1.8
4901500219970728    .0
4901500219970729    .0
4901500219970730    .0
4901500219970731    .0
4901500219970801    .0
4901500219970802    .0
4901500219970803    .0
4901500219970804   1.8
4901500219970805    .8
4901500219970806    .2
4901500219970807    .6
4901500219970808    .0
4901500219970809    .0
4901500219970810  27.2
4901500219970811    .0
4901500219970812   1.2
4901500219970813    .0
4901500219970814  16.6
4901500219970815   1.2
4901500219970816    .0
4901500219970817    .2
4901500219970818    .0
4901500219970819   1.2
4901500219970820    .0
4901500219970821    .0
4901500219970822    .0
4901500219970823    .0
4901500219970824   2.0
4901500219970825   2.6
4901500219970826    .4
4901500219970827   7.6
4901500219970828   3.8
4901500219970829  12.0
4901500219970830    .6
4901500219970831    .2
4901500219970901    .0
4901500219970902    .0
4901500219970903    .0
4901500219970904    .0
4901500219970905    .0
4901500219970906    .2
4901500219970907    .2
4901500219970908    .0
4901500219970909    .0
4901500219970910    .0
4901500219970911    .0
4901500219970912    .8
4901500219970913    .0
4901500219970914    .2
4901500219970915    .0
4901500219970916    .0
4901500219970917    .0
4901500219970918    .0
4901500219970919    .0
4901500219970920    .0
4901500219970921    .0
4901500219970922    .0
4901500219970923    .0
4901500219970924    .0
4901500219970925    .0
4901500219970926    .0
4901500219970927    .0
4901500219970928    .0
4901500219970929    .0
4901500219970930    .0
4901500219971001    .0
4901500219971002    .2
4901500219971003    .0
4901500219971004    .0
4901500219971005    .0
4901500219971006   4.8
4901500219971007   1.2
4901500219971008   5.4
4901500219971009   5.8
4901500219971010   1.4
4901500219971011   1.0
4901500219971012   1.0
4901500219971013    .4
4901500219971014   4.6
4901500219971015    .4
4901500219971016    .0
4901500219971017    .0
4901500219971018    .0
4901500219971019  18.2
4901500219971020   1.0
4901500219971021    .0
4901500219971022    .0
4901500219971023    .0
4901500219971024    .0
4901500219971025    .0
4901500219971026    .0
4901500219971027    .0
4901500219971028    .0
4901500219971029    .0
4901500219971030    .0
4901500219971031    .0
4901500219971101    .0
4901500219971102    .0
4901500219971103   1.6
4901500219971104   2.6
4901500219971105   4.2
4901500219971106    .2
4901500219971107   5.8
4901500219971108  22.2
4901500219971109   4.8
4901500219971110   8.4
4901500219971111   6.2
4901500219971112    .4
4901500219971113    .2
4901500219971114    .2
4901500219971115   1.0
4901500219971116    .0
4901500219971117    .0
4901500219971118   5.8
4901500219971119  10.6
4901500219971120   4.8
4901500219971121    .2
4901500219971122    .2
4901500219971123   1.0
4901500219971124   1.2
4901500219971125    .0
4901500219971126   2.2
4901500219971127   7.8
4901500219971128   8.6
4901500219971129   2.4
4901500219971130    .2
4901500219971201   4.0
4901500219971202    .0
4901500219971203    .0
4901500219971204    .0
4901500219971205    .0
4901500219971206    .0
4901500219971207   2.0
4901500219971208   2.6
4901500219971209   1.0
4901500219971210  12.0
4901500219971211   4.4
4901500219971212    .0
4901500219971213    .0
4901500219971214    .0
4901500219971215    .0
4901500219971216   4.8
4901500219971217  16.8
4901500219971218   5.2
4901500219971219    .0
4901500219971220   1.0
4901500219971221    .0
4901500219971222   3.6
4901500219971223   2.2
4901500219971224   4.0
4901500219971225   6.6
4901500219971226   1.2
4901500219971227    .0
4901500219971228    .0
4901500219971229   3.8
4901500219971230  11.6
4901500219971231    .6
4901500219980101   8.4
4901500219980102  10.4
4901500219980103   4.2
4901500219980104   8.4
4901500219980105  12.6
4901500219980106   4.0
4901500219980107    .0
4901500219980108    .0
4901500219980109    .0
4901500219980110    .0
4901500219980111    .2
4901500219980112    .0
4901500219980113   2.4
4901500219980114   2.4
4901500219980115  19.2
4901500219980116    .0
4901500219980117    .0
4901500219980118  18.4
4901500219980119   1.2
4901500219980120    .0
4901500219980121    .0
4901500219980122    .0
4901500219980123    .0
4901500219980124    .0
4901500219980125    .0
4901500219980126    .0
4901500219980127    .0
4901500219980128    .0
4901500219980129    .0
4901500219980130    .0
4901500219980131    .0
4901500219980201    .0
4901500219980202    .0
4901500219980203    .0
4901500219980204    .0
4901500219980205    .0
4901500219980206    .0
4901500219980207    .6
4901500219980208    .0
4901500219980209    .0
4901500219980210    .2
4901500219980211    .0
4901500219980212    .0
4901500219980213    .0
4901500219980214    .0
4901500219980215    .2
4901500219980216    .0
4901500219980217    .0
4901500219980218    .0
4901500219980219    .2
4901500219980220    .0
4901500219980221   3.2
4901500219980222    .4
4901500219980223    .0
4901500219980224    .0
4901500219980225    .0
4901500219980226    .0
4901500219980227   1.2
4901500219980228   2.4
4901500219980301    .0
4901500219980302    .0
4901500219980303    .6
4901500219980304   2.6
4901500219980305    .0
4901500219980306    .0
4901500219980307   6.2
4901500219980308  10.4
4901500219980309    .2
4901500219980310   2.4
4901500219980311    .2
4901500219980312    .0
4901500219980313    .2
4901500219980314    .0
4901500219980315    .0
4901500219980316    .0
4901500219980317    .0
4901500219980318    .0
4901500219980319    .0
4901500219980320    .0
4901500219980321    .0
4901500219980322    .0
4901500219980323    .0
4901500219980324    .0
4901500219980325    .0
4901500219980326    .4
4901500219980327    .0
4901500219980328    .4
4901500219980329   3.4
4901500219980330    .0
4901500219980331    .0
4901500219980401   8.0
4901500219980402  23.2
4901500219980403  12.0
4901500219980404   5.2
4901500219980405   4.8
4901500219980406  30.2
4901500219980407    .6
4901500219980408   7.8
4901500219980409   9.2
4901500219980410    .0
4901500219980411   2.4
4901500219980412    .2
4901500219980413    .2
4901500219980414   6.2
4901500219980415   5.8
4901500219980416   7.8
4901500219980417   9.8
4901500219980418   1.4
4901500219980419   8.6
4901500219980420    .2
4901500219980421    .0
4901500219980422    .0
4901500219980423   1.4
4901500219980424    .0
4901500219980425    .2
4901500219980426    .2
4901500219980427    .2
4901500219980428   9.0
4901500219980429   9.8
4901500219980430  12.4
4901500219980501    .0
4901500219980502   4.0
4901500219980503    .0
4901500219980504    .0
4901500219980505    .0
4901500219980506    .0
4901500219980507    .0
4901500219980508    .0
4901500219980509    .0
4901500219980510    .0
4901500219980511    .0
4901500219980512    .0
4901500219980513    .0
4901500219980514  13.8
4901500219980515    .0
4901500219980516    .0
4901500219980517    .0
4901500219980518    .0
4901500219980519    .0
4901500219980520    .0
4901500219980521    .0
4901500219980522    .0
4901500219980523    .0
4901500219980524    .0
4901500219980525    .0
4901500219980526    .4
4901500219980527   6.4
4901500219980528   2.2
4901500219980529    .2
4901500219980530   5.2
4901500219980531   1.0
4901500219980601   1.0
4901500219980602    .0
4901500219980603    .0
4901500219980604  10.4
4901500219980605   1.8
4901500219980606    .0
4901500219980607    .2
4901500219980608    .0
4901500219980609   1.8
4901500219980610   1.8
4901500219980611    .6
4901500219980612    .2
4901500219980613   9.6
4901500219980614   2.0
4901500219980615    .2
4901500219980616    .0
4901500219980617    .0
4901500219980618    .0
4901500219980619    .0
4901500219980620    .0
4901500219980621    .0
4901500219980622    .0
4901500219980623    .0
4901500219980624    .0
4901500219980625    .0
4901500219980626    .0
4901500219980627    .8
4901500219980628    .0
4901500219980629    .0
4901500219980630    .0
4901500219980701   9.6
4901500219980702  42.8
4901500219980703   2.2
4901500219980704    .0
4901500219980705    .0
4901500219980706    .0
4901500219980707    .0
4901500219980708    .0
4901500219980709    .2
4901500219980710    .0
4901500219980711    .0
4901500219980712    .2
4901500219980713   5.2
4901500219980714    .0
4901500219980715    .0
4901500219980716    .6
4901500219980717    .6
4901500219980718    .0
4901500219980719    .0
4901500219980720   2.0
4901500219980721    .6
4901500219980722    .8
4901500219980723   1.0
4901500219980724    .0
4901500219980725    .0
4901500219980726    .0
4901500219980727    .0
4901500219980728   4.6
4901500219980729    .2
4901500219980730    .2
4901500219980731    .0
4901500219980801  13.4
4901500219980802    .0
4901500219980803    .6
4901500219980804   1.0
4901500219980805    .0
4901500219980806    .0
4901500219980807    .0
4901500219980808    .0
4901500219980809    .0
4901500219980810    .0
4901500219980811    .0
4901500219980812    .0
4901500219980813    .0
4901500219980814    .0
4901500219980815    .0
4901500219980816    .0
4901500219980817    .0
4901500219980818    .0
4901500219980819    .0
4901500219980820    .0
4901500219980821   1.2
4901500219980822   3.6
4901500219980823   3.4
4901500219980824    .0
4901500219980825    .0
4901500219980826    .0
4901500219980827    .2
4901500219980828    .0
4901500219980829    .0
4901500219980830    .0
4901500219980831   4.8
4901500219980901    .0
4901500219980902   2.2
4901500219980903   1.6
4901500219980904  24.4
4901500219980905    .0
4901500219980906   2.6
4901500219980907   2.2
4901500219980908   2.4
4901500219980909   1.4
4901500219980910   1.0
4901500219980911   9.6
4901500219980912   4.0
4901500219980913    .4
4901500219980914    .0
4901500219980915   3.4
4901500219980916    .2
4901500219980917    .0
4901500219980918    .2
4901500219980919    .0
4901500219980920    .0
4901500219980921    .0
4901500219980922    .0
4901500219980923    .0
4901500219980924    .2
4901500219980925   4.8
4901500219980926  25.6
4901500219980927   9.2
4901500219980928    .0
4901500219980929   7.4
4901500219980930   4.8
4901500219981001  13.0
4901500219981002    .6
4901500219981003   2.2
4901500219981004    .0
4901500219981005    .0
4901500219981006    .0
4901500219981007    .0
4901500219981008   7.4
4901500219981009    .6
4901500219981010   2.0
4901500219981011   2.6
4901500219981012    .2
4901500219981013   2.6
4901500219981014   1.0
4901500219981015    .4
4901500219981016    .0
4901500219981017   4.4
4901500219981018    .2
4901500219981019    .2
4901500219981020    .0
4901500219981021    .4
4901500219981022    .0
4901500219981023   6.0
4901500219981024  17.6
4901500219981025    .2
4901500219981026    .8
4901500219981027   1.0
4901500219981028   5.6
4901500219981029    .2
4901500219981030    .0
4901500219981031   7.6
4901500219981101    .0
4901500219981102   1.8
4901500219981103   2.8
4901500219981104    .2
4901500219981105    .0
4901500219981106    .2
4901500219981107    .2
4901500219981108    .4
4901500219981109   2.0
4901500219981110   1.0
4901500219981111   3.0
4901500219981112    .2
4901500219981113   8.8
4901500219981114   1.6
4901500219981115    .2
4901500219981116    .2
4901500219981117    .0
4901500219981118    .0
4901500219981119    .2
4901500219981120    .0
4901500219981121    .2
4901500219981122    .0
4901500219981123    .0
4901500219981124   5.2
4901500219981125    .0
4901500219981126    .2
4901500219981127   1.8
4901500219981128   2.6
4901500219981129    .0
4901500219981130    .6
4901500219981201    .0
4901500219981202    .0
4901500219981203    .0
4901500219981204    .0
4901500219981205    .0
4901500219981206    .0
4901500219981207    .6
4901500219981208   1.4
4901500219981209  16.0
4901500219981210   5.4
4901500219981211   1.8
4901500219981212   1.4
4901500219981213    .0
4901500219981214    .2
4901500219981215    .4
4901500219981216    .2
4901500219981217    .0
4901500219981218   2.2
4901500219981219  20.6
4901500219981220   4.8
4901500219981221    .0
4901500219981222    .2
4901500219981223   4.6
4901500219981224    .0
4901500219981225    .6
4901500219981226  24.2
4901500219981227  15.2
4901500219981228   8.0
4901500219981229    .2
4901500219981230   4.8
4901500219981231    .0
