5061500119940101  17.4
5061500119940102   3.8
5061500119940103  10.0
5061500119940104  21.2
5061500119940105  11.2
5061500119940106   9.2
5061500119940107   1.4
5061500119940108  10.2
5061500119940109   9.6
5061500119940110   1.6
5061500119940111   1.4
5061500119940112  24.2
5061500119940113   2.0
5061500119940114   2.0
5061500119940115   5.0
5061500119940116   3.2
5061500119940117    .0
5061500119940118   3.8
5061500119940119   2.4
5061500119940120   1.4
5061500119940121    .2
5061500119940122   4.8
5061500119940123   4.0
5061500119940124  13.6
5061500119940125   3.8
5061500119940126    .2
5061500119940127   4.2
5061500119940128    .0
5061500119940129    .0
5061500119940130   3.4
5061500119940131    .2
5061500119940201   2.2
5061500119940202   6.2
5061500119940203   4.4
5061500119940204    .0
5061500119940205   1.6
5061500119940206   8.2
5061500119940207    .0
5061500119940208   4.8
5061500119940209    .0
5061500119940210  12.0
5061500119940211   5.0
5061500119940212    .0
5061500119940213    .0
5061500119940214   1.0
5061500119940215   1.0
5061500119940216    .0
5061500119940217    .6
5061500119940218    .6
5061500119940219   7.8
5061500119940220   2.0
5061500119940221   3.2
5061500119940222   2.4
5061500119940223   6.0
5061500119940224   1.4
5061500119940225    .6
5061500119940226    .0
5061500119940227   2.4
5061500119940228   1.2
5061500119940301   7.6
5061500119940302    .2
5061500119940303    .8
5061500119940304    .0
5061500119940305    .4
5061500119940306   1.0
5061500119940307   2.4
5061500119940308    .0
5061500119940309    .0
5061500119940310    .0
5061500119940311    .0
5061500119940312   9.0
5061500119940313    .2
5061500119940314    .4
5061500119940315   1.4
5061500119940316   2.0
5061500119940317   2.0
5061500119940318   1.0
5061500119940319   7.8
5061500119940320   4.8
5061500119940321    .0
5061500119940322   2.8
5061500119940323   2.8
5061500119940324   1.4
5061500119940325   1.0
5061500119940326    .0
5061500119940327   1.2
5061500119940328   1.6
5061500119940329    .2
5061500119940330   9.6
5061500119940331  11.6
5061500119940401   6.8
5061500119940402    .8
5061500119940403  13.8
5061500119940404   6.4
5061500119940405   3.0
5061500119940406    .0
5061500119940407   2.6
5061500119940408  22.6
5061500119940409   4.2
5061500119940410   1.0
5061500119940411    .0
5061500119940412   4.6
5061500119940413    .4
5061500119940414   1.6
5061500119940415   5.6
5061500119940416   1.8
5061500119940417    .0
5061500119940418    .0
5061500119940419    .0
5061500119940420    .0
5061500119940421    .0
5061500119940422   1.2
5061500119940423    .2
5061500119940424    .0
5061500119940425   7.4
5061500119940426   1.8
5061500119940427    .2
5061500119940428    .0
5061500119940429    .0
5061500119940430    .0
5061500119940501    .0
5061500119940502    .0
5061500119940503    .0
5061500119940504   1.6
5061500119940505   3.4
5061500119940506   1.6
5061500119940507   7.2
5061500119940508   2.0
5061500119940509   2.0
5061500119940510    .0
5061500119940511   2.4
5061500119940512    .0
5061500119940513    .0
5061500119940514   6.8
5061500119940515    .6
5061500119940516  30.8
5061500119940517  10.0
5061500119940518    .4
5061500119940519   2.2
5061500119940520  12.4
5061500119940521   4.4
5061500119940522    .0
5061500119940523    .0
5061500119940524   1.8
5061500119940525  15.0
5061500119940526   1.2
5061500119940527    .0
5061500119940528    .0
5061500119940529    .0
5061500119940530    .0
5061500119940531    .0
5061500119940601   4.6
5061500119940602   2.0
5061500119940603   2.8
5061500119940604  10.0
5061500119940605   3.4
5061500119940606    .0
5061500119940607    .0
5061500119940608   1.2
5061500119940609    .0
5061500119940610    .0
5061500119940611    .0
5061500119940612    .0
5061500119940613    .0
5061500119940614    .0
5061500119940615    .0
5061500119940616    .0
5061500119940617    .0
5061500119940618    .0
5061500119940619    .0
5061500119940620    .0
5061500119940621   1.6
5061500119940622    .0
5061500119940623    .0
5061500119940624   8.8
5061500119940625    .0
5061500119940626    .0
5061500119940627    .0
5061500119940628    .0
5061500119940629    .0
5061500119940630    .0
5061500119940701   1.0
5061500119940702    .0
5061500119940703   1.2
5061500119940704    .0
5061500119940705    .0
5061500119940706   4.8
5061500119940707   6.8
5061500119940708    .2
5061500119940709    .0
5061500119940710    .0
5061500119940711    .0
5061500119940712    .0
5061500119940713    .0
5061500119940714    .0
5061500119940715    .0
5061500119940716    .0
5061500119940717  10.8
5061500119940718  13.0
5061500119940719    .0
5061500119940720    .0
5061500119940721    .0
5061500119940722    .0
5061500119940723    .0
5061500119940724    .0
5061500119940725    .0
5061500119940726    .4
5061500119940727   2.8
5061500119940728    .0
5061500119940729    .0
5061500119940730   2.4
5061500119940731  15.6
5061500119940801    .4
5061500119940802   1.0
5061500119940803    .2
5061500119940804    .2
5061500119940805    .0
5061500119940806    .0
5061500119940807    .0
5061500119940808    .0
5061500119940809  46.4
5061500119940810   2.6
5061500119940811    .8
5061500119940812    .0
5061500119940813    .0
5061500119940814    .0
5061500119940815    .0
5061500119940816    .0
5061500119940817  15.0
5061500119940818  31.0
5061500119940819   5.4
5061500119940820    .0
5061500119940821    .0
5061500119940822    .0
5061500119940823   3.2
5061500119940824  10.2
5061500119940825   2.2
5061500119940826  10.8
5061500119940827   4.4
5061500119940828    .0
5061500119940829   1.8
5061500119940830   3.2
5061500119940831   4.8
5061500119940901   3.0
5061500119940902    .6
5061500119940903   1.0
5061500119940904   2.0
5061500119940905    .2
5061500119940906   2.8
5061500119940907  13.4
5061500119940908  21.2
5061500119940909   1.8
5061500119940910   2.2
5061500119940911   5.2
5061500119940912   2.6
5061500119940913   8.2
5061500119940914   8.6
5061500119940915   8.6
5061500119940916   1.2
5061500119940917    .2
5061500119940918   2.6
5061500119940919  10.4
5061500119940920   5.8
5061500119940921   1.4
5061500119940922    .0
5061500119940923   6.4
5061500119940924    .0
5061500119940925   6.8
5061500119940926    .0
5061500119940927    .0
5061500119940928    .0
5061500119940929    .0
5061500119940930    .0
5061500119941001    .0
5061500119941002   3.2
5061500119941003    .2
5061500119941004    .0
5061500119941005    .0
5061500119941006    .0
5061500119941007    .0
5061500119941008    .0
5061500119941009    .0
5061500119941010    .4
5061500119941011    .0
5061500119941012    .0
5061500119941013    .0
5061500119941014    .0
5061500119941015    .0
5061500119941016    .0
5061500119941017    .0
5061500119941018    .8
5061500119941019   5.2
5061500119941020    .2
5061500119941021   6.2
5061500119941022   6.4
5061500119941023  11.8
5061500119941024  12.0
5061500119941025  14.8
5061500119941026  16.6
5061500119941027   3.8
5061500119941028   9.4
5061500119941029  20.2
5061500119941030  33.4
5061500119941031  18.4
5061500119941101    .0
5061500119941102    .6
5061500119941103   9.4
5061500119941104   6.0
5061500119941105   4.2
5061500119941106    .2
5061500119941107    .4
5061500119941108   5.2
5061500119941109   9.4
5061500119941110    .4
5061500119941111   2.8
5061500119941112   3.4
5061500119941113    .4
5061500119941114  23.2
5061500119941115    .0
5061500119941116   2.8
5061500119941117   5.6
5061500119941118  19.2
5061500119941119   3.0
5061500119941120   1.0
5061500119941121   3.2
5061500119941122    .0
5061500119941123    .0
5061500119941124    .0
5061500119941125    .0
5061500119941126    .2
5061500119941127    .0
5061500119941128    .0
5061500119941129    .0
5061500119941130    .0
5061500119941201    .0
5061500119941202    .0
5061500119941203   8.6
5061500119941204   2.2
5061500119941205  13.4
5061500119941206   7.4
5061500119941207   6.6
5061500119941208  49.6
5061500119941209   2.4
5061500119941210   1.0
5061500119941211    .0
5061500119941212    .0
5061500119941213   4.4
5061500119941214    .0
5061500119941215   1.0
5061500119941216    .6
5061500119941217    .8
5061500119941218  18.0
5061500119941219   8.8
5061500119941220    .2
5061500119941221   1.6
5061500119941222   6.6
5061500119941223    .0
5061500119941224    .0
5061500119941225   4.4
5061500119941226  10.2
5061500119941227  55.8
5061500119941228  37.8
5061500119941229  20.6
5061500119941230  18.6
5061500119941231   7.8
5061500119950101   5.2
5061500119950102    .0
5061500119950103    .0
5061500119950104    .2
5061500119950105   8.0
5061500119950106    .2
5061500119950107   1.2
5061500119950108   2.0
5061500119950109    .2
5061500119950110    .8
5061500119950111    .2
5061500119950112    .0
5061500119950113    .0
5061500119950114    .0
5061500119950115    .0
5061500119950116    .0
5061500119950117  25.6
5061500119950118    .8
5061500119950119  27.4
5061500119950120   3.6
5061500119950121  13.8
5061500119950122  31.2
5061500119950123   4.2
5061500119950124  35.6
5061500119950125  23.2
5061500119950126   6.4
5061500119950127  28.8
5061500119950128  13.2
5061500119950129  30.0
5061500119950130   1.4
5061500119950131   2.0
5061500119950201  15.0
5061500119950202    .0
5061500119950203  16.2
5061500119950204    .2
5061500119950205    .4
5061500119950206    .6
5061500119950207   5.6
5061500119950208    .4
5061500119950209   3.0
5061500119950210   3.8
5061500119950211  18.0
5061500119950212   1.0
5061500119950213  11.8
5061500119950214  25.6
5061500119950215   7.4
5061500119950216  11.6
5061500119950217   3.8
5061500119950218  12.2
5061500119950219  18.8
5061500119950220   6.0
5061500119950221   1.6
5061500119950222   7.8
5061500119950223  18.2
5061500119950224   6.4
5061500119950225   4.0
5061500119950226    .0
5061500119950227   1.8
5061500119950228   1.0
5061500119950301   5.8
5061500119950302  14.4
5061500119950303   9.2
5061500119950304   4.4
5061500119950305   5.8
5061500119950306   1.0
5061500119950307  20.4
5061500119950308   5.6
5061500119950309   1.4
5061500119950310    .0
5061500119950311    .0
5061500119950312    .0
5061500119950313    .0
5061500119950314   1.8
5061500119950315   3.2
5061500119950316  12.6
5061500119950317   4.0
5061500119950318   5.2
5061500119950319    .4
5061500119950320    .0
5061500119950321    .0
5061500119950322    .0
5061500119950323    .0
5061500119950324    .0
5061500119950325    .0
5061500119950326   5.8
5061500119950327   1.4
5061500119950328   8.6
5061500119950329    .0
5061500119950330    .0
5061500119950331    .0
5061500119950401    .0
5061500119950402    .0
5061500119950403    .2
5061500119950404    .0
5061500119950405    .2
5061500119950406    .4
5061500119950407    .0
5061500119950408    .0
5061500119950409    .0
5061500119950410    .0
5061500119950411    .0
5061500119950412    .0
5061500119950413    .0
5061500119950414    .0
5061500119950415    .2
5061500119950416    .0
5061500119950417  17.0
5061500119950418   1.2
5061500119950419    .2
5061500119950420    .6
5061500119950421  18.0
5061500119950422   1.4
5061500119950423    .2
5061500119950424  13.2
5061500119950425   5.4
5061500119950426    .0
5061500119950427    .0
5061500119950428    .8
5061500119950429   6.8
5061500119950430    .0
5061500119950501    .0
5061500119950502    .0
5061500119950503    .0
5061500119950504    .0
5061500119950505    .0
5061500119950506    .0
5061500119950507    .0
5061500119950508    .0
5061500119950509    .0
5061500119950510    .0
5061500119950511  15.0
5061500119950512   7.0
5061500119950513    .2
5061500119950514    .0
5061500119950515    .0
5061500119950516  21.6
5061500119950517    .8
5061500119950518   1.6
5061500119950519    .0
5061500119950520    .0
5061500119950521    .0
5061500119950522    .0
5061500119950523    .0
5061500119950524   1.0
5061500119950525    .2
5061500119950526    .6
5061500119950527    .0
5061500119950528   2.8
5061500119950529    .2
5061500119950530    .2
5061500119950531    .0
5061500119950601    .0
5061500119950602    .2
5061500119950603   9.0
5061500119950604    .0
5061500119950605    .0
5061500119950606    .0
5061500119950607    .0
5061500119950608    .0
5061500119950609    .0
5061500119950610    .0
5061500119950611    .2
5061500119950612    .4
5061500119950613    .0
5061500119950614    .0
5061500119950615    .0
5061500119950616    .0
5061500119950617  14.0
5061500119950618    .0
5061500119950619    .0
5061500119950620    .4
5061500119950621    .0
5061500119950622    .0
5061500119950623    .0
5061500119950624    .0
5061500119950625    .0
5061500119950626    .0
5061500119950627    .0
5061500119950628    .0
5061500119950629    .0
5061500119950630    .0
5061500119950701    .2
5061500119950702  17.8
5061500119950703    .0
5061500119950704    .0
5061500119950705    .0
5061500119950706    .0
5061500119950707    .0
5061500119950708    .0
5061500119950709    .0
5061500119950710   3.8
5061500119950711   4.0
5061500119950712    .0
5061500119950713    .8
5061500119950714    .2
5061500119950715    .0
5061500119950716   1.6
5061500119950717   5.0
5061500119950718    .0
5061500119950719    .0
5061500119950720    .0
5061500119950721    .0
5061500119950722    .0
5061500119950723    .0
5061500119950724    .0
5061500119950725    .2
5061500119950726    .8
5061500119950727   3.0
5061500119950728    .0
5061500119950729    .0
5061500119950730    .0
5061500119950731    .0
5061500119950801    .0
5061500119950802    .0
5061500119950803    .0
5061500119950804    .0
5061500119950805  26.0
5061500119950806  11.6
5061500119950807    .0
5061500119950808    .0
5061500119950809    .0
5061500119950810    .0
5061500119950811    .0
5061500119950812   3.4
5061500119950813    .0
5061500119950814    .0
5061500119950815    .0
5061500119950816    .0
5061500119950817    .0
5061500119950818    .0
5061500119950819    .0
5061500119950820    .0
5061500119950821    .0
5061500119950822    .0
5061500119950823    .2
5061500119950824    .8
5061500119950825    .0
5061500119950826    .0
5061500119950827    .2
5061500119950828    .0
5061500119950829    .2
5061500119950830    .0
5061500119950831    .0
5061500119950901    .0
5061500119950902    .0
5061500119950903   2.6
5061500119950904    .4
5061500119950905   1.0
5061500119950906  10.0
5061500119950907  11.4
5061500119950908    .0
5061500119950909   1.8
5061500119950910  22.0
5061500119950911   1.6
5061500119950912   2.2
5061500119950913   1.4
5061500119950914   5.8
5061500119950915   3.8
5061500119950916   9.0
5061500119950917  10.8
5061500119950918  10.2
5061500119950919    .0
5061500119950920    .2
5061500119950921    .0
5061500119950922    .0
5061500119950923   1.4
5061500119950924   6.2
5061500119950925    .0
5061500119950926  32.4
5061500119950927    .8
5061500119950928   1.8
5061500119950929    .2
5061500119950930   3.0
5061500119951001   2.2
5061500119951002    .0
5061500119951003   8.6
5061500119951004  10.8
5061500119951005   5.8
5061500119951006    .8
5061500119951007    .0
5061500119951008    .0
5061500119951009    .0
5061500119951010    .0
5061500119951011    .0
5061500119951012    .0
5061500119951013    .0
5061500119951014    .0
5061500119951015    .0
5061500119951016    .0
5061500119951017   2.2
5061500119951018    .0
5061500119951019    .0
5061500119951020    .8
5061500119951021    .0
5061500119951022    .0
5061500119951023    .0
5061500119951024   3.8
5061500119951025    .0
5061500119951026   2.0
5061500119951027    .2
5061500119951028   1.2
5061500119951029    .0
5061500119951030    .0
5061500119951031    .0
5061500119951101    .0
5061500119951102    .0
5061500119951103    .0
5061500119951104    .0
5061500119951105    .0
5061500119951106    .0
5061500119951107    .0
5061500119951108    .0
5061500119951109    .0
5061500119951110   3.2
5061500119951111   2.8
5061500119951112   7.4
5061500119951113    .0
5061500119951114  12.6
5061500119951115   1.0
5061500119951116   2.4
5061500119951117    .2
5061500119951118    .0
5061500119951119    .0
5061500119951120    .4
5061500119951121   1.8
5061500119951122    .0
5061500119951123    .0
5061500119951124    .4
5061500119951125   8.4
5061500119951126    .4
5061500119951127    .4
5061500119951128    .4
5061500119951129    .0
5061500119951130    .2
5061500119951201   1.2
5061500119951202   3.6
5061500119951203   9.8
5061500119951204   3.8
5061500119951205   6.0
5061500119951206   6.0
5061500119951207    .0
5061500119951208    .0
5061500119951209    .4
5061500119951210    .0
5061500119951211    .0
5061500119951212    .0
5061500119951213   9.6
5061500119951214   2.2
5061500119951215    .6
5061500119951216  12.6
5061500119951217    .2
5061500119951218   2.8
5061500119951219  17.2
5061500119951220   4.4
5061500119951221  16.6
5061500119951222   4.0
5061500119951223   7.2
5061500119951224   1.2
5061500119951225   1.2
5061500119951226    .0
5061500119951227    .0
5061500119951228    .0
5061500119951229    .2
5061500119951230   2.2
5061500119951231    .2
5061500119960101    .0
5061500119960102    .2
5061500119960103    .0
5061500119960104   1.0
5061500119960105    .8
5061500119960106   2.0
5061500119960107    .6
5061500119960108  21.0
5061500119960109    .0
5061500119960110    .0
5061500119960111   1.6
5061500119960112    .0
5061500119960113    .0
5061500119960114   1.0
5061500119960115    .2
5061500119960116    .0
5061500119960117    .0
5061500119960118    .0
5061500119960119    .0
5061500119960120    .4
5061500119960121    .0
5061500119960122   5.2
5061500119960123  16.2
5061500119960124    .4
5061500119960125    .0
5061500119960126   1.8
5061500119960127   1.0
5061500119960128    .0
5061500119960129    .0
5061500119960130    .0
5061500119960131    .0
5061500119960201    .0
5061500119960202    .0
5061500119960203    .0
5061500119960204   1.0
5061500119960205  15.0
5061500119960206    .6
5061500119960207  11.0
5061500119960208    .2
5061500119960209   4.4
5061500119960210   5.4
5061500119960211  13.8
5061500119960212  10.8
5061500119960213    .4
5061500119960214    .0
5061500119960215    .0
5061500119960216    .0
5061500119960217  10.8
5061500119960218   5.6
5061500119960219   1.0
5061500119960220   1.0
5061500119960221   1.0
5061500119960222   4.2
5061500119960223    .6
5061500119960224  10.4
5061500119960225   6.2
5061500119960226    .2
5061500119960227    .0
5061500119960228    .0
5061500119960229    .0
5061500119960301    .0
5061500119960302   1.0
5061500119960303   1.2
5061500119960304    .6
5061500119960305    .0
5061500119960306    .0
5061500119960307   6.0
5061500119960308    .2
5061500119960309    .0
5061500119960310    .0
5061500119960311    .0
5061500119960312    .0
5061500119960313    .0
5061500119960314    .0
5061500119960315    .4
5061500119960316    .0
5061500119960317   2.2
5061500119960318   1.4
5061500119960319    .0
5061500119960320   7.0
5061500119960321    .2
5061500119960322  10.0
5061500119960323    .0
5061500119960324   6.6
5061500119960325   7.6
5061500119960326    .0
5061500119960327    .0
5061500119960328    .0
5061500119960329    .0
5061500119960330    .0
5061500119960331    .1
5061500119960401    .0
5061500119960402    .0
5061500119960403    .0
5061500119960404    .0
5061500119960405    .0
5061500119960406    .0
5061500119960407    .0
5061500119960408    .0
5061500119960409    .0
5061500119960410    .4
5061500119960411    .0
5061500119960412   4.8
5061500119960413    .0
5061500119960414   1.0
5061500119960415    .0
5061500119960416   2.4
5061500119960417    .2
5061500119960418    .0
5061500119960419    .0
5061500119960420    .0
5061500119960421    .8
5061500119960422  20.0
5061500119960423    .6
5061500119960424    .0
5061500119960425    .0
5061500119960426    .0
5061500119960427    .0
5061500119960428    .0
5061500119960429    .4
5061500119960430    .0
5061500119960501   6.2
5061500119960502   2.4
5061500119960503    .2
5061500119960504    .0
5061500119960505    .0
5061500119960506    .0
5061500119960507    .0
5061500119960508    .0
5061500119960509    .0
5061500119960510   1.4
5061500119960511    .0
5061500119960512    .0
5061500119960513    .0
5061500119960514    .0
5061500119960515    .0
5061500119960516  10.8
5061500119960517   6.2
5061500119960518   4.0
5061500119960519   3.0
5061500119960520    .8
5061500119960521    .2
5061500119960522  12.4
5061500119960523   1.0
5061500119960524   8.8
5061500119960525    .0
5061500119960526   4.4
5061500119960527    .0
5061500119960528    .0
5061500119960529    .0
5061500119960530    .0
5061500119960531    .0
5061500119960601    .8
5061500119960602    .0
5061500119960603    .0
5061500119960604    .0
5061500119960605    .0
5061500119960606    .0
5061500119960607    .2
5061500119960608   2.4
5061500119960609    .0
5061500119960610    .0
5061500119960611    .0
5061500119960612    .0
5061500119960613    .0
5061500119960614    .0
5061500119960615    .0
5061500119960616    .0
5061500119960617    .0
5061500119960618    .0
5061500119960619   6.0
5061500119960620    .4
5061500119960621    .2
5061500119960622    .0
5061500119960623    .0
5061500119960624    .0
5061500119960625    .0
5061500119960626    .0
5061500119960627    .0
5061500119960628   2.2
5061500119960629   1.0
5061500119960630   3.0
5061500119960701    .0
5061500119960702    .4
5061500119960703   9.0
5061500119960704    .2
5061500119960705    .0
5061500119960706    .2
5061500119960707    .0
5061500119960708    .2
5061500119960709    .0
5061500119960710    .0
5061500119960711    .0
5061500119960712   1.4
5061500119960713    .6
5061500119960714    .2
5061500119960715    .0
5061500119960716    .0
5061500119960717    .0
5061500119960718    .0
5061500119960719    .2
5061500119960720    .0
5061500119960721    .0
5061500119960722    .0
5061500119960723    .0
5061500119960724    .0
5061500119960725    .0
5061500119960726    .0
5061500119960727    .2
5061500119960728   1.4
5061500119960729   2.0
5061500119960730    .4
5061500119960731    .6
5061500119960801    .2
5061500119960802    .2
5061500119960803    .2
5061500119960804    .0
5061500119960805   1.0
5061500119960806    .0
5061500119960807    .2
5061500119960808    .2
5061500119960809  14.6
5061500119960810   5.8
5061500119960811  11.4
5061500119960812    .0
5061500119960813    .0
5061500119960814    .2
5061500119960815    .2
5061500119960816    .2
5061500119960817    .2
5061500119960818    .0
5061500119960819    .6
5061500119960820    .4
5061500119960821    .2
5061500119960822  42.0
5061500119960823  15.4
5061500119960824   3.6
5061500119960825    .4
5061500119960826   2.0
5061500119960827  13.6
5061500119960828    .2
5061500119960829    .0
5061500119960830    .2
5061500119960831    .2
5061500119960901    .2
5061500119960902    .0
5061500119960903    .0
5061500119960904    .0
5061500119960905    .2
5061500119960906    .2
5061500119960907    .2
5061500119960908    .0
5061500119960909    .4
5061500119960910    .2
5061500119960911    .2
5061500119960912    .0
5061500119960913    .2
5061500119960914    .2
5061500119960915    .2
5061500119960916    .0
5061500119960917    .0
5061500119960918    .2
5061500119960919   7.2
5061500119960920    .2
5061500119960921    .0
5061500119960922   1.8
5061500119960923    .2
5061500119960924   4.6
5061500119960925   2.2
5061500119960926   8.8
5061500119960927   4.2
5061500119960928    .2
5061500119960929   5.2
5061500119960930  24.4
5061500119961001   1.4
5061500119961002    .2
5061500119961003   3.8
5061500119961004   6.6
5061500119961005    .2
5061500119961006   3.6
5061500119961007    .4
5061500119961008   4.6
5061500119961009    .2
5061500119961010    .8
5061500119961011    .0
5061500119961012    .4
5061500119961013    .0
5061500119961014   3.4
5061500119961015   1.6
5061500119961016  11.8
5061500119961017    .2
5061500119961018   4.2
5061500119961019    .0
5061500119961020   3.8
5061500119961021    .2
5061500119961022    .2
5061500119961023    .2
5061500119961024    .8
5061500119961025   6.4
5061500119961026   2.0
5061500119961027   1.2
5061500119961028  14.4
5061500119961029   1.4
5061500119961030    .0
5061500119961031   5.0
5061500119961101    .0
5061500119961102    .0
5061500119961103  12.0
5061500119961104  18.4
5061500119961105   3.8
5061500119961106  21.2
5061500119961107   7.4
5061500119961108   2.8
5061500119961109  15.2
5061500119961110   6.2
5061500119961111  22.6
5061500119961112  11.0
5061500119961113    .0
5061500119961114    .6
5061500119961115    .0
5061500119961116    .2
5061500119961117   6.4
5061500119961118   6.2
5061500119961119  14.4
5061500119961120   4.6
5061500119961121    .8
5061500119961122  13.0
5061500119961123   1.4
5061500119961124  15.2
5061500119961125   5.6
5061500119961126    .0
5061500119961127  16.6
5061500119961128  14.2
5061500119961129  14.0
5061500119961130    .6
5061500119961201   2.4
5061500119961202   9.8
5061500119961203  19.4
5061500119961204    .4
5061500119961205    .2
5061500119961206   2.6
5061500119961207    .0
5061500119961208    .0
5061500119961209    .0
5061500119961210    .2
5061500119961211    .2
5061500119961212    .4
5061500119961213   9.6
5061500119961214    .2
5061500119961215    .8
5061500119961216   4.6
5061500119961217   4.2
5061500119961218   6.6
5061500119961219   2.2
5061500119961220    .8
5061500119961221   1.0
5061500119961222    .4
5061500119961223    .6
5061500119961224    .6
5061500119961225    .6
5061500119961226    .0
5061500119961227    .0
5061500119961228    .0
5061500119961229    .4
5061500119961230  24.0
5061500119961231   4.0
5061500119970101   1.0
5061500119970102    .0
5061500119970103    .0
5061500119970104   2.8
5061500119970105   1.4
5061500119970106    .0
5061500119970107    .0
5061500119970108    .2
5061500119970109    .4
5061500119970110    .0
5061500119970111   2.0
5061500119970112    .4
5061500119970113    .0
5061500119970114    .2
5061500119970115    .4
5061500119970116    .2
5061500119970117   1.4
5061500119970118   2.2
5061500119970119    .2
5061500119970120    .0
5061500119970121   4.0
5061500119970122    .8
5061500119970123    .6
5061500119970124    .2
5061500119970125    .2
5061500119970126    .0
5061500119970127    .0
5061500119970128    .0
5061500119970129    .0
5061500119970130    .0
5061500119970131    .0
5061500119970201   1.2
5061500119970202    .0
5061500119970203    .4
5061500119970204  30.2
5061500119970205    .0
5061500119970206    .0
5061500119970207    .2
5061500119970208    .0
5061500119970209    .0
5061500119970210   8.0
5061500119970211  15.8
5061500119970212  17.4
5061500119970213   2.0
5061500119970214  13.0
5061500119970215    .0
5061500119970216   1.6
5061500119970217  20.0
5061500119970218   3.2
5061500119970219   4.8
5061500119970220    .0
5061500119970221    .0
5061500119970222    .0
5061500119970223   3.2
5061500119970224  10.8
5061500119970225    .6
5061500119970226   2.8
5061500119970227    .0
5061500119970228   1.2
5061500119970301    .0
5061500119970302   1.2
5061500119970303   7.0
5061500119970304  10.6
5061500119970305   5.6
5061500119970306    .4
5061500119970307    .0
5061500119970308    .0
5061500119970309    .2
5061500119970310    .2
5061500119970311    .2
5061500119970312    .4
5061500119970313    .0
5061500119970314    .4
5061500119970315    .0
5061500119970316    .0
5061500119970317    .0
5061500119970318    .2
5061500119970319    .0
5061500119970320    .2
5061500119970321    .2
5061500119970322    .0
5061500119970323    .2
5061500119970324   2.0
5061500119970325    .2
5061500119970326   4.2
5061500119970327    .2
5061500119970328    .0
5061500119970329    .2
5061500119970330    .2
5061500119970331    .2
5061500119970401    .2
5061500119970402    .2
5061500119970403    .0
5061500119970404    .0
5061500119970405    .2
5061500119970406    .0
5061500119970407    .0
5061500119970408    .0
5061500119970409    .0
5061500119970410    .0
5061500119970411    .0
5061500119970412    .2
5061500119970413    .2
5061500119970414    .2
5061500119970415    .0
5061500119970416    .0
5061500119970417    .4
5061500119970418    .2
5061500119970419    .2
5061500119970420    .0
5061500119970421    .0
5061500119970422    .0
5061500119970423    .0
5061500119970424    .2
5061500119970425   9.2
5061500119970426  11.4
5061500119970427   5.6
5061500119970428    .0
5061500119970429    .0
5061500119970430    .2
5061500119970501    .0
5061500119970502    .0
5061500119970503    .4
5061500119970504   5.0
5061500119970505   5.0
5061500119970506   4.0
5061500119970507   4.6
5061500119970508  13.2
5061500119970509    .4
5061500119970510   5.4
5061500119970511    .4
5061500119970512    .0
5061500119970513    .2
5061500119970514    .0
5061500119970515    .0
5061500119970516   1.6
5061500119970517   5.6
5061500119970518   1.4
5061500119970519   9.4
5061500119970520  15.0
5061500119970521    .2
5061500119970522    .4
5061500119970523    .0
5061500119970524    .0
5061500119970525    .0
5061500119970526    .0
5061500119970527    .0
5061500119970528    .0
5061500119970529    .0
5061500119970530    .0
5061500119970531    .0
5061500119970601  13.8
5061500119970602  10.0
5061500119970603    .2
5061500119970604    .6
5061500119970605    .4
5061500119970606   3.4
5061500119970607    .2
5061500119970608    .2
5061500119970609    .0
5061500119970610   4.8
5061500119970611   3.2
5061500119970612   3.6
5061500119970613   2.8
5061500119970614    .6
5061500119970615   3.2
5061500119970616    .2
5061500119970617    .0
5061500119970618   1.2
5061500119970619   8.2
5061500119970620   9.4
5061500119970621   3.0
5061500119970622    .0
5061500119970623    .0
5061500119970624   1.8
5061500119970625  21.2
5061500119970626  38.4
5061500119970627   4.6
5061500119970628    .0
5061500119970629  10.4
5061500119970630    .0
5061500119970701   2.0
5061500119970702   6.0
5061500119970703   1.8
5061500119970704   4.2
5061500119970705    .2
5061500119970706    .0
5061500119970707    .0
5061500119970708    .2
5061500119970709    .0
5061500119970710    .2
5061500119970711    .2
5061500119970712    .0
5061500119970713    .0
5061500119970714    .2
5061500119970715    .0
5061500119970716    .2
5061500119970717    .6
5061500119970718    .0
5061500119970719    .2
5061500119970720    .0
5061500119970721    .2
5061500119970722    .0
5061500119970723    .0
5061500119970724   1.8
5061500119970725    .2
5061500119970726   1.4
5061500119970727    .2
5061500119970728    .2
5061500119970729    .6
5061500119970730    .2
5061500119970731    .0
5061500119970801    .0
5061500119970802    .0
5061500119970803    .0
5061500119970804    .0
5061500119970805   8.0
5061500119970806   3.0
5061500119970807    .4
5061500119970808    .0
5061500119970809    .0
5061500119970810   3.0
5061500119970811    .2
5061500119970812   5.6
5061500119970813    .2
5061500119970814    .2
5061500119970815    .0
5061500119970816    .0
5061500119970817    .2
5061500119970818    .2
5061500119970819    .0
5061500119970820    .0
5061500119970821    .0
5061500119970822    .0
5061500119970823    .2
5061500119970824   6.8
5061500119970825   3.0
5061500119970826   5.2
5061500119970827   8.4
5061500119970828   8.8
5061500119970829  10.0
5061500119970830    .8
5061500119970831    .0
5061500119970901    .2
5061500119970902    .2
5061500119970903    .6
5061500119970904    .0
5061500119970905    .2
5061500119970906    .2
5061500119970907    .2
5061500119970908    .0
5061500119970909    .4
5061500119970910    .0
5061500119970911   3.0
5061500119970912   7.8
5061500119970913    .2
5061500119970914    .2
5061500119970915    .2
5061500119970916    .2
5061500119970917    .4
5061500119970918    .2
5061500119970919    .0
5061500119970920    .0
5061500119970921    .0
5061500119970922    .4
5061500119970923    .0
5061500119970924    .0
5061500119970925    .2
5061500119970926    .4
5061500119970927    .2
5061500119970928    .2
5061500119970929    .4
5061500119970930    .2
5061500119971001    .0
5061500119971002    .4
5061500119971003    .0
5061500119971004    .4
5061500119971005    .0
5061500119971006   8.0
5061500119971007  22.6
5061500119971008  70.4
5061500119971009  18.2
5061500119971010    .0
5061500119971011  20.8
5061500119971012    .8
5061500119971013   2.8
5061500119971014  13.2
5061500119971015   1.2
5061500119971016   2.6
5061500119971017    .0
5061500119971018    .2
5061500119971019   9.4
5061500119971020  17.4
5061500119971021    .0
5061500119971022    .0
5061500119971023    .0
5061500119971024    .8
5061500119971025    .2
5061500119971026    .0
5061500119971027    .2
5061500119971028    .0
5061500119971029    .0
5061500119971030    .0
5061500119971031    .0
5061500119971101    .0
5061500119971102    .4
5061500119971103    .0
5061500119971104   2.6
5061500119971105   1.8
5061500119971106  21.4
5061500119971107   9.4
5061500119971108   3.2
5061500119971109  14.0
5061500119971110  16.2
5061500119971111   7.4
5061500119971112   1.0
5061500119971113    .6
5061500119971114   2.8
5061500119971115   1.0
5061500119971116   1.6
5061500119971117   2.0
5061500119971118  10.6
5061500119971119   9.8
5061500119971120  16.4
5061500119971121   3.0
5061500119971122   1.0
5061500119971123   4.6
5061500119971124    .6
5061500119971125    .0
5061500119971126   7.4
5061500119971127  14.0
5061500119971128   2.2
5061500119971129   5.6
5061500119971130    .0
5061500119971201  17.2
5061500119971202   1.0
5061500119971203    .6
5061500119971204  10.8
5061500119971205    .2
5061500119971206    .0
5061500119971207   2.6
5061500119971208    .8
5061500119971209  11.2
5061500119971210  13.8
5061500119971211   4.2
5061500119971212    .0
5061500119971213    .0
5061500119971214   1.2
5061500119971215    .0
5061500119971216   2.0
5061500119971217   1.0
5061500119971218   4.4
5061500119971219    .4
5061500119971220    .0
5061500119971221    .0
5061500119971222   7.0
5061500119971223   5.8
5061500119971224  13.6
5061500119971225  18.6
5061500119971226   8.4
5061500119971227    .4
5061500119971228    .2
5061500119971229   3.0
5061500119971230   9.4
5061500119971231    .6
5061500119980101  25.0
5061500119980102  13.4
5061500119980103  12.2
5061500119980104  17.6
5061500119980105  31.8
5061500119980106   7.0
5061500119980107  15.8
5061500119980108    .0
5061500119980109    .0
5061500119980110    .2
5061500119980111    .0
5061500119980112   1.4
5061500119980113  11.2
5061500119980114   9.8
5061500119980115   4.6
5061500119980116   1.8
5061500119980117   1.2
5061500119980118  18.8
5061500119980119   4.0
5061500119980120    .0
5061500119980121    .2
5061500119980122    .0
5061500119980123    .0
5061500119980124   6.4
5061500119980125   1.8
5061500119980126    .0
5061500119980127    .0
5061500119980128    .2
5061500119980129    .0
5061500119980130    .2
5061500119980131    .2
5061500119980201    .0
5061500119980202    .2
5061500119980203    .2
5061500119980204    .2
5061500119980205    .0
5061500119980206   3.6
5061500119980207    .2
5061500119980208    .2
5061500119980209    .0
5061500119980210    .2
5061500119980211    .2
5061500119980212    .0
5061500119980213    .2
5061500119980214    .2
5061500119980215    .6
5061500119980216    .0
5061500119980217    .2
5061500119980218    .2
5061500119980219    .0
5061500119980220    .2
5061500119980221  10.6
5061500119980222    .2
5061500119980223    .4
5061500119980224    .2
5061500119980225    .0
5061500119980226    .0
5061500119980227   5.0
5061500119980228   1.0
5061500119980301   2.0
5061500119980302   2.4
5061500119980303  12.6
5061500119980304  11.6
5061500119980305   3.0
5061500119980306  11.4
5061500119980307   9.4
5061500119980308   4.8
5061500119980309    .0
5061500119980310   4.8
5061500119980311   1.4
5061500119980312    .4
5061500119980313    .2
5061500119980314    .0
5061500119980315    .0
5061500119980316    .0
5061500119980317    .0
5061500119980318    .2
5061500119980319    .2
5061500119980320    .2
5061500119980321    .0
5061500119980322    .2
5061500119980323    .0
5061500119980324    .0
5061500119980325   6.6
5061500119980326   8.6
5061500119980327    .0
5061500119980328    .8
5061500119980329   5.6
5061500119980330    .4
5061500119980331    .2
5061500119980401   2.4
5061500119980402  15.6
5061500119980403  10.0
5061500119980404   4.4
5061500119980405   9.4
5061500119980406    .8
5061500119980407   1.6
5061500119980408  13.6
5061500119980409   4.0
5061500119980410  20.0
5061500119980411   4.2
5061500119980412    .0
5061500119980413   1.8
5061500119980414  12.6
5061500119980415    .8
5061500119980416  28.4
5061500119980417   6.2
5061500119980418    .2
5061500119980419  10.8
5061500119980420    .8
5061500119980421    .0
5061500119980422    .0
5061500119980423   5.2
5061500119980424   3.8
5061500119980425   7.8
5061500119980426   1.0
5061500119980427   5.4
5061500119980428   5.8
5061500119980429   4.8
5061500119980430    .0
5061500119980501    .4
5061500119980502    .4
5061500119980503    .6
5061500119980504    .0
5061500119980505    .2
5061500119980506    .2
5061500119980507    .2
5061500119980508    .0
5061500119980509    .0
5061500119980510    .0
5061500119980511    .0
5061500119980512    .2
5061500119980513    .6
5061500119980514    .0
5061500119980515    .0
5061500119980516    .0
5061500119980517    .0
5061500119980518    .0
5061500119980519    .0
5061500119980520    .0
5061500119980521    .0
5061500119980522    .0
5061500119980523    .0
5061500119980524    .0
5061500119980525    .0
5061500119980526   1.0
5061500119980527   2.0
5061500119980528  10.0
5061500119980529   1.0
5061500119980530   5.0
5061500119980531    .0
5061500119980601  13.0
5061500119980602   3.0
5061500119980603   3.6
5061500119980604    .0
5061500119980605    .2
5061500119980606   1.0
5061500119980607    .0
5061500119980608   8.2
5061500119980609  14.8
5061500119980610   3.0
5061500119980611   5.6
5061500119980612   1.4
5061500119980613   9.6
5061500119980614    .2
5061500119980615    .2
5061500119980616    .2
5061500119980617    .0
5061500119980618    .0
5061500119980619    .0
5061500119980620    .0
5061500119980621    .2
5061500119980622    .2
5061500119980623    .4
5061500119980624   5.4
5061500119980625    .2
5061500119980626   7.6
5061500119980627   4.2
5061500119980628    .4
5061500119980629   5.6
5061500119980630   1.0
5061500119980701    .0
5061500119980702    .0
5061500119980703    .2
5061500119980704    .0
5061500119980705    .0
5061500119980706    .6
5061500119980707    .2
5061500119980708    .0
5061500119980709   3.6
5061500119980710   1.6
5061500119980711   3.6
5061500119980712  10.0
5061500119980713    .0
5061500119980714    .0
5061500119980715  19.4
5061500119980716   6.6
5061500119980717   2.2
5061500119980718    .2
5061500119980719    .0
5061500119980720   1.0
5061500119980721   4.0
5061500119980722    .2
5061500119980723    .0
5061500119980724    .2
5061500119980725    .0
5061500119980726    .0
5061500119980727    .0
5061500119980728   1.0
5061500119980729   4.0
5061500119980730    .0
5061500119980731    .0
5061500119980801   3.6
5061500119980802    .0
5061500119980803   3.8
5061500119980804    .2
5061500119980805    .2
5061500119980806    .2
5061500119980807    .2
5061500119980808    .0
5061500119980809    .2
5061500119980810    .2
5061500119980811    .0
5061500119980812    .2
5061500119980813    .2
5061500119980814    .0
5061500119980815    .2
5061500119980816    .2
5061500119980817    .0
5061500119980818    .2
5061500119980819    .2
5061500119980820   6.4
5061500119980821    .4
5061500119980822   2.6
5061500119980823  10.2
5061500119980824    .2
5061500119980825    .8
5061500119980826   1.6
5061500119980827    .0
5061500119980828    .2
5061500119980829    .2
5061500119980830    .0
5061500119980831    .0
5061500119980901   2.2
5061500119980902  23.0
5061500119980903    .4
5061500119980904  10.8
5061500119980905   2.8
5061500119980906    .4
5061500119980907   4.8
5061500119980908  13.6
5061500119980909   4.8
5061500119980910   7.8
5061500119980911  11.4
5061500119980912  12.2
5061500119980913    .2
5061500119980914   1.4
5061500119980915   4.8
5061500119980916    .0
5061500119980917    .2
5061500119980918    .2
5061500119980919    .0
5061500119980920    .0
5061500119980921    .0
5061500119980922    .0
5061500119980923    .2
5061500119980924   1.8
5061500119980925   1.8
5061500119980926   2.6
5061500119980927   2.6
5061500119980928   1.4
5061500119980929   4.0
5061500119980930   4.0
5061500119981001  10.0
5061500119981002   2.0
5061500119981003    .0
5061500119981004   4.6
5061500119981005   3.2
5061500119981006    .4
5061500119981007    .2
5061500119981008    .0
5061500119981009   5.8
5061500119981010    .6
5061500119981011   8.0
5061500119981012    .0
5061500119981013   9.0
5061500119981014   4.0
5061500119981015    .4
5061500119981016   6.2
5061500119981017   4.2
5061500119981018    .2
5061500119981019   1.0
5061500119981020    .2
5061500119981021   8.6
5061500119981022   9.8
5061500119981023   9.6
5061500119981024  43.2
5061500119981025   4.0
5061500119981026   2.0
5061500119981027  11.0
5061500119981028   5.0
5061500119981029   5.0
5061500119981030   5.0
5061500119981031  35.8
5061500119981101    .0
5061500119981102   8.8
5061500119981103   7.2
5061500119981104    .8
5061500119981105   3.0
5061500119981106    .2
5061500119981107    .0
5061500119981108  16.4
5061500119981109   1.2
5061500119981110    .0
5061500119981111   4.6
5061500119981112   4.2
5061500119981113   6.6
5061500119981114   5.8
5061500119981115    .0
5061500119981116    .0
5061500119981117    .0
5061500119981118    .0
5061500119981119    .2
5061500119981120    .0
5061500119981121    .0
5061500119981122    .0
5061500119981123    .0
5061500119981124  10.0
5061500119981125   5.4
5061500119981126    .2
5061500119981127   3.8
5061500119981128   4.6
5061500119981129    .0
5061500119981130    .2
5061500119981201    .0
5061500119981202    .0
5061500119981203    .8
5061500119981204    .8
5061500119981205    .4
5061500119981206    .2
5061500119981207   2.2
5061500119981208  11.6
5061500119981209    .0
5061500119981210   6.0
5061500119981211   5.2
5061500119981212   6.2
5061500119981213    .0
5061500119981214    .2
5061500119981215    .6
5061500119981216    .0
5061500119981217   1.4
5061500119981218   5.8
5061500119981219  22.2
5061500119981220   2.4
5061500119981221    .4
5061500119981222    .2
5061500119981223   5.4
5061500119981224   4.6
5061500119981225   4.2
5061500119981226  20.0
5061500119981227  17.0
5061500119981228   5.2
5061500119981229    .2
5061500119981230   1.0
5061500119981231    .4
