5118300119940101   4.6
5118300119940102   4.1
5118300119940103   6.7
5118300119940104   4.2
5118300119940105   4.8
5118300119940106   2.6
5118300119940107    .0
5118300119940108    .0
5118300119940109    .1
5118300119940110   2.6
5118300119940111   2.2
5118300119940112   3.6
5118300119940113    .0
5118300119940114   1.7
5118300119940115   3.6
5118300119940116   2.4
5118300119940117    .0
5118300119940118    .0
5118300119940119   5.4
5118300119940120    .0
5118300119940121    .2
5118300119940122    .0
5118300119940123   1.9
5118300119940124   5.9
5118300119940125   4.9
5118300119940126    .2
5118300119940127   4.4
5118300119940128    .1
5118300119940129    .0
5118300119940130   1.4
5118300119940131    .0
5118300119940201    .2
5118300119940202   4.4
5118300119940203  10.5
5118300119940204    .4
5118300119940205    .0
5118300119940206    .0
5118300119940207   2.8
5118300119940208    .0
5118300119940209    .9
5118300119940210    .0
5118300119940211    .0
5118300119940212    .0
5118300119940213    .2
5118300119940214    .1
5118300119940215    .0
5118300119940216    .0
5118300119940217    .0
5118300119940218    .0
5118300119940219    .0
5118300119940220   1.8
5118300119940221   2.3
5118300119940222    .1
5118300119940223   3.6
5118300119940224   2.2
5118300119940225    .0
5118300119940226    .0
5118300119940227    .4
5118300119940228   3.7
5118300119940301    .2
5118300119940302   7.5
5118300119940303   1.0
5118300119940304    .0
5118300119940305    .7
5118300119940306    .0
5118300119940307   5.3
5118300119940308    .3
5118300119940309    .0
5118300119940310    .0
5118300119940311    .4
5118300119940312    .6
5118300119940313    .0
5118300119940314    .0
5118300119940315   1.8
5118300119940316    .2
5118300119940317   1.0
5118300119940318   5.7
5118300119940319   9.3
5118300119940320   5.2
5118300119940321   4.7
5118300119940322   1.6
5118300119940323    .0
5118300119940324   1.2
5118300119940325   1.5
5118300119940326    .0
5118300119940327    .0
5118300119940328    .0
5118300119940329    .0
5118300119940330   5.6
5118300119940331   6.7
5118300119940401   2.9
5118300119940402   2.0
5118300119940403   5.4
5118300119940404   4.3
5118300119940405   1.2
5118300119940406   4.3
5118300119940407   3.5
5118300119940408   5.0
5118300119940409   9.1
5118300119940410    .0
5118300119940411    .3
5118300119940412    .0
5118300119940413    .0
5118300119940414   1.6
5118300119940415   1.1
5118300119940416    .1
5118300119940417    .0
5118300119940418    .0
5118300119940419    .0
5118300119940420    .0
5118300119940421    .0
5118300119940422    .0
5118300119940423    .3
5118300119940424  22.3
5118300119940425    .9
5118300119940426   1.9
5118300119940427   1.8
5118300119940428    .0
5118300119940429    .0
5118300119940430    .0
5118300119940501    .0
5118300119940502    .0
5118300119940503    .0
5118300119940504   2.4
5118300119940505   3.9
5118300119940506    .1
5118300119940507   4.2
5118300119940508   2.4
5118300119940509    .0
5118300119940510    .0
5118300119940511    .1
5118300119940512    .0
5118300119940513   1.3
5118300119940514  11.7
5118300119940515   3.4
5118300119940516   2.0
5118300119940517    .6
5118300119940518   3.7
5118300119940519    .5
5118300119940520   1.0
5118300119940521   5.8
5118300119940522   2.5
5118300119940523    .0
5118300119940524   4.5
5118300119940525    .0
5118300119940526   3.7
5118300119940527    .0
5118300119940528    .0
5118300119940529    .0
5118300119940530    .0
5118300119940531    .0
5118300119940601   2.7
5118300119940602  11.2
5118300119940603    .2
5118300119940604   3.6
5118300119940605    .0
5118300119940606    .2
5118300119940607    .0
5118300119940608    .0
5118300119940609    .6
5118300119940610    .0
5118300119940611    .0
5118300119940612    .0
5118300119940613    .0
5118300119940614    .0
5118300119940615    .0
5118300119940616    .0
5118300119940617    .0
5118300119940618    .0
5118300119940619    .0
5118300119940620    .0
5118300119940621    .0
5118300119940622    .0
5118300119940623    .0
5118300119940624    .2
5118300119940625   1.0
5118300119940626    .0
5118300119940627    .0
5118300119940628    .0
5118300119940629    .0
5118300119940630    .0
5118300119940701    .0
5118300119940702    .0
5118300119940703    .0
5118300119940704    .0
5118300119940705    .0
5118300119940706    .2
5118300119940707    .0
5118300119940708   7.1
5118300119940709    .0
5118300119940710    .0
5118300119940711    .0
5118300119940712    .0
5118300119940713    .0
5118300119940714    .0
5118300119940715    .0
5118300119940716    .2
5118300119940717    .0
5118300119940718   2.4
5118300119940719  11.9
5118300119940720    .0
5118300119940721    .0
5118300119940722    .0
5118300119940723    .0
5118300119940724    .0
5118300119940725    .0
5118300119940726    .0
5118300119940727   1.9
5118300119940728   1.4
5118300119940729   7.3
5118300119940730  20.8
5118300119940731  16.1
5118300119940801    .5
5118300119940802    .0
5118300119940803    .0
5118300119940804    .1
5118300119940805   1.9
5118300119940806   5.9
5118300119940807    .0
5118300119940808    .0
5118300119940809    .6
5118300119940810   1.8
5118300119940811   4.2
5118300119940812    .0
5118300119940813    .0
5118300119940814    .0
5118300119940815    .0
5118300119940816    .0
5118300119940817   6.1
5118300119940818   4.1
5118300119940819  20.4
5118300119940820    .0
5118300119940821    .1
5118300119940822   2.8
5118300119940823    .0
5118300119940824    .1
5118300119940825    .4
5118300119940826    .1
5118300119940827    .2
5118300119940828    .0
5118300119940829    .0
5118300119940830    .0
5118300119940831    .0
5118300119940901    .3
5118300119940902    .0
5118300119940903    .0
5118300119940904    .2
5118300119940905    .1
5118300119940906  13.1
5118300119940907    .7
5118300119940908   2.9
5118300119940909  15.3
5118300119940910   1.5
5118300119940911   4.4
5118300119940912    .6
5118300119940913   1.2
5118300119940914  14.3
5118300119940915   1.1
5118300119940916    .0
5118300119940917    .6
5118300119940918    .4
5118300119940919   4.3
5118300119940920  11.4
5118300119940921    .0
5118300119940922    .0
5118300119940923    .0
5118300119940924   7.5
5118300119940925    .0
5118300119940926    .0
5118300119940927    .0
5118300119940928    .0
5118300119940929    .0
5118300119940930    .0
5118300119941001    .0
5118300119941002   1.8
5118300119941003    .1
5118300119941004    .5
5118300119941005    .0
5118300119941006    .0
5118300119941007    .0
5118300119941008    .0
5118300119941009    .0
5118300119941010    .0
5118300119941011    .0
5118300119941012    .0
5118300119941013    .0
5118300119941014    .0
5118300119941015    .0
5118300119941016    .0
5118300119941017    .0
5118300119941018    .0
5118300119941019   1.3
5118300119941020    .4
5118300119941021    .8
5118300119941022   2.7
5118300119941023   6.4
5118300119941024    .3
5118300119941025   1.6
5118300119941026    .6
5118300119941027   5.2
5118300119941028    .0
5118300119941029   3.9
5118300119941030   5.8
5118300119941031    .8
5118300119941101    .0
5118300119941102    .1
5118300119941103    .0
5118300119941104    .5
5118300119941105    .2
5118300119941106    .0
5118300119941107    .0
5118300119941108    .0
5118300119941109   1.9
5118300119941110   3.0
5118300119941111    .0
5118300119941112   2.1
5118300119941113    .1
5118300119941114   5.5
5118300119941115   1.1
5118300119941116    .0
5118300119941117    .1
5118300119941118   8.0
5118300119941119    .0
5118300119941120    .0
5118300119941121    .5
5118300119941122    .0
5118300119941123    .0
5118300119941124    .0
5118300119941125    .0
5118300119941126    .2
5118300119941127    .1
5118300119941128    .0
5118300119941129    .0
5118300119941130    .0
5118300119941201    .0
5118300119941202    .0
5118300119941203   3.1
5118300119941204   6.1
5118300119941205   2.5
5118300119941206    .0
5118300119941207   1.3
5118300119941208   4.1
5118300119941209   5.4
5118300119941210    .2
5118300119941211    .0
5118300119941212    .0
5118300119941213    .7
5118300119941214    .0
5118300119941215    .0
5118300119941216   1.8
5118300119941217    .0
5118300119941218   3.5
5118300119941219    .4
5118300119941220    .2
5118300119941221    .3
5118300119941222    .0
5118300119941223    .0
5118300119941224    .0
5118300119941225    .1
5118300119941226   4.3
5118300119941227  11.1
5118300119941228   1.9
5118300119941229   5.6
5118300119941230    .6
5118300119941231   3.0
5118300119950101   1.3
5118300119950102    .1
5118300119950103    .0
5118300119950104    .0
5118300119950105   2.3
5118300119950106    .1
5118300119950107    .0
5118300119950108   2.9
5118300119950109    .4
5118300119950110  15.9
5118300119950111    .8
5118300119950112   3.9
5118300119950113   1.1
5118300119950114    .4
5118300119950115    .0
5118300119950116    .0
5118300119950117    .5
5118300119950118   4.4
5118300119950119    .9
5118300119950120   5.1
5118300119950121  12.5
5118300119950122  16.3
5118300119950123    .0
5118300119950124  11.0
5118300119950125  10.6
5118300119950126  11.1
5118300119950127   5.4
5118300119950128   4.2
5118300119950129  12.1
5118300119950130   2.9
5118300119950131    .4
5118300119950201   5.4
5118300119950202    .0
5118300119950203   2.0
5118300119950204   3.8
5118300119950205    .2
5118300119950206    .0
5118300119950207    .1
5118300119950208   3.2
5118300119950209    .1
5118300119950210   3.2
5118300119950211    .9
5118300119950212    .2
5118300119950213   1.4
5118300119950214   2.3
5118300119950215   5.0
5118300119950216   4.1
5118300119950217    .4
5118300119950218    .7
5118300119950219   1.4
5118300119950220   1.7
5118300119950221   1.8
5118300119950222   2.2
5118300119950223   3.8
5118300119950224   2.0
5118300119950225   5.3
5118300119950226    .7
5118300119950227    .4
5118300119950228    .0
5118300119950301    .9
5118300119950302   4.1
5118300119950303    .3
5118300119950304   2.4
5118300119950305   7.7
5118300119950306    .7
5118300119950307    .3
5118300119950308   2.9
5118300119950309    .0
5118300119950310    .0
5118300119950311    .0
5118300119950312    .0
5118300119950313    .0
5118300119950314   7.5
5118300119950315   2.0
5118300119950316   2.1
5118300119950317   9.1
5118300119950318  16.1
5118300119950319   1.2
5118300119950320    .0
5118300119950321    .0
5118300119950322    .0
5118300119950323    .0
5118300119950324    .0
5118300119950325    .1
5118300119950326    .5
5118300119950327   5.0
5118300119950328   5.5
5118300119950329   2.7
5118300119950330    .0
5118300119950331   6.1
5118300119950401    .0
5118300119950402    .0
5118300119950403    .0
5118300119950404    .0
5118300119950405    .0
5118300119950406    .1
5118300119950407    .0
5118300119950408    .0
5118300119950409    .1
5118300119950410    .0
5118300119950411    .0
5118300119950412    .0
5118300119950413    .0
5118300119950414    .0
5118300119950415    .3
5118300119950416    .8
5118300119950417   6.9
5118300119950418  13.2
5118300119950419    .7
5118300119950420    .2
5118300119950421   7.7
5118300119950422    .2
5118300119950423    .0
5118300119950424    .3
5118300119950425   6.1
5118300119950426   5.4
5118300119950427    .1
5118300119950428    .0
5118300119950429   3.1
5118300119950430    .0
5118300119950501    .0
5118300119950502    .0
5118300119950503    .0
5118300119950504    .0
5118300119950505    .0
5118300119950506    .0
5118300119950507    .0
5118300119950508    .0
5118300119950509    .0
5118300119950510    .0
5118300119950511    .0
5118300119950512  12.6
5118300119950513    .0
5118300119950514    .0
5118300119950515    .0
5118300119950516  14.8
5118300119950517   5.4
5118300119950518   5.9
5118300119950519    .6
5118300119950520    .0
5118300119950521    .0
5118300119950522    .0
5118300119950523    .0
5118300119950524    .1
5118300119950525  11.9
5118300119950526    .0
5118300119950527    .0
5118300119950528  12.4
5118300119950529   3.1
5118300119950530   1.7
5118300119950531    .5
5118300119950601    .0
5118300119950602    .0
5118300119950603   8.5
5118300119950604  11.0
5118300119950605   9.1
5118300119950606    .0
5118300119950607   4.4
5118300119950608    .0
5118300119950609    .0
5118300119950610   1.8
5118300119950611    .4
5118300119950612   7.8
5118300119950613   1.0
5118300119950614    .0
5118300119950615   1.4
5118300119950616    .0
5118300119950617   1.2
5118300119950618    .4
5118300119950619    .0
5118300119950620    .0
5118300119950621    .0
5118300119950622    .0
5118300119950623    .0
5118300119950624    .0
5118300119950625    .0
5118300119950626    .0
5118300119950627    .0
5118300119950628    .0
5118300119950629    .0
5118300119950630    .0
5118300119950701   3.5
5118300119950702   4.0
5118300119950703   2.3
5118300119950704    .0
5118300119950705    .0
5118300119950706    .0
5118300119950707    .0
5118300119950708   1.8
5118300119950709    .0
5118300119950710   6.0
5118300119950711  21.9
5118300119950712    .0
5118300119950713    .0
5118300119950714    .0
5118300119950715   2.7
5118300119950716    .0
5118300119950717    .0
5118300119950718    .0
5118300119950719    .0
5118300119950720    .0
5118300119950721    .0
5118300119950722  13.4
5118300119950723    .0
5118300119950724    .0
5118300119950725    .0
5118300119950726   3.6
5118300119950727   4.3
5118300119950728    .0
5118300119950729    .0
5118300119950730    .0
5118300119950731    .0
5118300119950801    .0
5118300119950802    .0
5118300119950803    .0
5118300119950804    .0
5118300119950805    .0
5118300119950806   4.5
5118300119950807  15.5
5118300119950808    .0
5118300119950809    .0
5118300119950810    .0
5118300119950811    .0
5118300119950812    .0
5118300119950813    .4
5118300119950814    .0
5118300119950815    .0
5118300119950816    .0
5118300119950817    .0
5118300119950818    .0
5118300119950819    .6
5118300119950820    .0
5118300119950821    .0
5118300119950822    .0
5118300119950823  14.5
5118300119950824    .0
5118300119950825    .0
5118300119950826    .0
5118300119950827    .0
5118300119950828  13.6
5118300119950829    .2
5118300119950830    .2
5118300119950831   1.6
5118300119950901    .0
5118300119950902   8.2
5118300119950903    .5
5118300119950904    .0
5118300119950905    .3
5118300119950906    .4
5118300119950907  25.1
5118300119950908   2.7
5118300119950909    .0
5118300119950910   2.4
5118300119950911   1.0
5118300119950912    .0
5118300119950913    .0
5118300119950914   4.0
5118300119950915   3.5
5118300119950916   4.4
5118300119950917    .5
5118300119950918   1.5
5118300119950919    .0
5118300119950920    .0
5118300119950921    .0
5118300119950922    .0
5118300119950923    .0
5118300119950924  11.2
5118300119950925    .8
5118300119950926    .2
5118300119950927   8.5
5118300119950928    .1
5118300119950929    .0
5118300119950930    .8
5118300119951001   1.0
5118300119951002   5.9
5118300119951003   2.2
5118300119951004  17.0
5118300119951005    .6
5118300119951006    .0
5118300119951007    .0
5118300119951008    .0
5118300119951009    .0
5118300119951010    .0
5118300119951011    .0
5118300119951012    .0
5118300119951013    .0
5118300119951014    .0
5118300119951015    .0
5118300119951016    .0
5118300119951017   1.0
5118300119951018    .4
5118300119951019    .0
5118300119951020    .0
5118300119951021    .0
5118300119951022    .0
5118300119951023    .0
5118300119951024    .0
5118300119951025    .0
5118300119951026    .7
5118300119951027   1.3
5118300119951028   9.3
5118300119951029    .0
5118300119951030    .0
5118300119951031    .0
5118300119951101   2.3
5118300119951102    .0
5118300119951103    .7
5118300119951104    .0
5118300119951105    .0
5118300119951106    .0
5118300119951107    .0
5118300119951108    .0
5118300119951109    .0
5118300119951110    .1
5118300119951111    .0
5118300119951112    .0
5118300119951113    .0
5118300119951114    .3
5118300119951115   3.0
5118300119951116   1.6
5118300119951117   2.1
5118300119951118    .0
5118300119951119    .3
5118300119951120    .5
5118300119951121    .2
5118300119951122    .0
5118300119951123    .0
5118300119951124    .0
5118300119951125    .0
5118300119951126   1.9
5118300119951127    .0
5118300119951128    .0
5118300119951129    .0
5118300119951130    .0
5118300119951201    .0
5118300119951202   4.6
5118300119951203    .0
5118300119951204    .0
5118300119951205    .1
5118300119951206    .0
5118300119951207    .0
5118300119951208    .5
5118300119951209    .0
5118300119951210    .0
5118300119951211    .4
5118300119951212    .0
5118300119951213    .0
5118300119951214    .0
5118300119951215    .0
5118300119951216    .0
5118300119951217    .0
5118300119951218    .0
5118300119951219    .1
5118300119951220   5.6
5118300119951221   8.5
5118300119951222  12.0
5118300119951223   8.1
5118300119951224   5.8
5118300119951225    .0
5118300119951226    .0
5118300119951227    .0
5118300119951228    .0
5118300119951229    .0
5118300119951230   1.7
5118300119951231   1.6
5118300119960101    .0
5118300119960102    .0
5118300119960103    .0
5118300119960104    .0
5118300119960105   1.4
5118300119960106   7.9
5118300119960107   1.1
5118300119960108    .0
5118300119960109   2.2
5118300119960110   8.7
5118300119960111   1.8
5118300119960112    .0
5118300119960113    .0
5118300119960114    .0
5118300119960115    .0
5118300119960116    .0
5118300119960117    .0
5118300119960118    .0
5118300119960119    .0
5118300119960120    .0
5118300119960121    .0
5118300119960122    .6
5118300119960123   2.0
5118300119960124    .0
5118300119960125   1.0
5118300119960126    .6
5118300119960127    .0
5118300119960128    .0
5118300119960129    .0
5118300119960130    .0
5118300119960131    .0
5118300119960201    .1
5118300119960202    .7
5118300119960203    .0
5118300119960204    .0
5118300119960205    .0
5118300119960206    .0
5118300119960207    .1
5118300119960208    .0
5118300119960209    .1
5118300119960210    .0
5118300119960211    .1
5118300119960212  14.5
5118300119960213   1.2
5118300119960214    .0
5118300119960215    .0
5118300119960216    .2
5118300119960217   1.9
5118300119960218   9.6
5118300119960219   7.5
5118300119960220    .8
5118300119960221    .0
5118300119960222    .4
5118300119960223    .6
5118300119960224    .2
5118300119960225    .0
5118300119960226   1.1
5118300119960227   6.3
5118300119960228    .0
5118300119960229    .0
5118300119960301    .0
5118300119960302    .9
5118300119960303    .0
5118300119960304    .5
5118300119960305    .1
5118300119960306    .0
5118300119960307    .8
5118300119960308    .0
5118300119960309    .0
5118300119960310    .0
5118300119960311    .0
5118300119960312    .0
5118300119960313    .0
5118300119960314    .0
5118300119960315    .0
5118300119960316    .0
5118300119960317    .0
5118300119960318    .0
5118300119960319    .0
5118300119960320   1.0
5118300119960321   5.0
5118300119960322   7.4
5118300119960323    .0
5118300119960324    .0
5118300119960325    .0
5118300119960326    .8
5118300119960327    .0
5118300119960328    .0
5118300119960329    .3
5118300119960330    .0
5118300119960331    .0
5118300119960401    .0
5118300119960402    .0
5118300119960403    .0
5118300119960404    .0
5118300119960405    .0
5118300119960406    .0
5118300119960407    .0
5118300119960408    .0
5118300119960409    .0
5118300119960410    .7
5118300119960411    .0
5118300119960412   1.9
5118300119960413    .0
5118300119960414    .0
5118300119960415    .0
5118300119960416    .0
5118300119960417    .7
5118300119960418    .0
5118300119960419    .0
5118300119960420    .0
5118300119960421    .0
5118300119960422    .8
5118300119960423    .0
5118300119960424   1.1
5118300119960425    .0
5118300119960426    .0
5118300119960427    .0
5118300119960428    .0
5118300119960429    .0
5118300119960430    .2
5118300119960501    .8
5118300119960502   4.4
5118300119960503   6.1
5118300119960504    .0
5118300119960505    .0
5118300119960506   1.0
5118300119960507   1.5
5118300119960508  12.6
5118300119960509    .0
5118300119960510    .0
5118300119960511    .0
5118300119960512    .0
5118300119960513    .0
5118300119960514    .7
5118300119960515    .0
5118300119960516   2.7
5118300119960517   5.2
5118300119960518   4.4
5118300119960519    .0
5118300119960520   4.0
5118300119960521   4.1
5118300119960522    .6
5118300119960523    .0
5118300119960524    .0
5118300119960525   7.0
5118300119960526   1.8
5118300119960527   3.1
5118300119960528    .0
5118300119960529    .0
5118300119960530    .0
5118300119960531  18.2
5118300119960601    .0
5118300119960602    .0
5118300119960603    .0
5118300119960604    .0
5118300119960605    .0
5118300119960606    .0
5118300119960607    .0
5118300119960608    .2
5118300119960609    .0
5118300119960610    .4
5118300119960611    .0
5118300119960612    .0
5118300119960613    .0
5118300119960614    .0
5118300119960615    .0
5118300119960616    .0
5118300119960617    .0
5118300119960618    .0
5118300119960619   4.4
5118300119960620   1.0
5118300119960621    .0
5118300119960622   1.5
5118300119960623    .0
5118300119960624   1.3
5118300119960625    .0
5118300119960626    .0
5118300119960627    .0
5118300119960628    .0
5118300119960629    .5
5118300119960630    .7
5118300119960701    .9
5118300119960702    .0
5118300119960703   1.5
5118300119960704   3.0
5118300119960705  26.2
5118300119960706    .4
5118300119960707    .0
5118300119960708    .0
5118300119960709    .2
5118300119960710    .0
5118300119960711    .0
5118300119960712    .0
5118300119960713    .0
5118300119960714    .0
5118300119960715    .0
5118300119960716    .0
5118300119960717    .0
5118300119960718    .0
5118300119960719    .0
5118300119960720    .0
5118300119960721    .0
5118300119960722    .0
5118300119960723    .0
5118300119960724    .0
5118300119960725    .0
5118300119960726    .0
5118300119960727    .0
5118300119960728    .0
5118300119960729    .3
5118300119960730    .0
5118300119960731    .0
5118300119960801    .0
5118300119960802    .0
5118300119960803    .0
5118300119960804    .0
5118300119960805    .1
5118300119960806    .7
5118300119960807    .0
5118300119960808    .0
5118300119960809    .0
5118300119960810    .9
5118300119960811   3.0
5118300119960812   6.7
5118300119960813  34.4
5118300119960814    .0
5118300119960815    .0
5118300119960816    .0
5118300119960817    .0
5118300119960818    .0
5118300119960819    .0
5118300119960820  11.9
5118300119960821    .4
5118300119960822   1.0
5118300119960823    .0
5118300119960824  13.2
5118300119960825    .9
5118300119960826    .0
5118300119960827  11.3
5118300119960828  10.0
5118300119960829   7.5
5118300119960830    .2
5118300119960831    .0
5118300119960901    .0
5118300119960902    .0
5118300119960903    .0
5118300119960904    .0
5118300119960905    .0
5118300119960906    .0
5118300119960907    .0
5118300119960908    .0
5118300119960909    .0
5118300119960910    .0
5118300119960911    .0
5118300119960912   3.2
5118300119960913   5.4
5118300119960914    .0
5118300119960915    .0
5118300119960916    .0
5118300119960917    .0
5118300119960918    .0
5118300119960919   7.5
5118300119960920   1.1
5118300119960921    .0
5118300119960922    .0
5118300119960923   2.2
5118300119960924    .0
5118300119960925    .0
5118300119960926   1.7
5118300119960927   1.0
5118300119960928    .1
5118300119960929    .0
5118300119960930   6.4
5118300119961001  23.4
5118300119961002    .0
5118300119961003    .0
5118300119961004   1.0
5118300119961005   1.9
5118300119961006    .0
5118300119961007    .0
5118300119961008    .0
5118300119961009   1.1
5118300119961010    .0
5118300119961011    .2
5118300119961012    .0
5118300119961013    .0
5118300119961014   1.0
5118300119961015    .7
5118300119961016    .2
5118300119961017   1.9
5118300119961018    .7
5118300119961019    .3
5118300119961020    .4
5118300119961021   1.8
5118300119961022    .0
5118300119961023    .0
5118300119961024    .0
5118300119961025    .0
5118300119961026    .0
5118300119961027    .0
5118300119961028    .5
5118300119961029   4.7
5118300119961030    .0
5118300119961031   2.2
5118300119961101    .0
5118300119961102    .0
5118300119961103    .0
5118300119961104   3.0
5118300119961105    .5
5118300119961106   4.1
5118300119961107    .6
5118300119961108    .5
5118300119961109    .0
5118300119961110   5.9
5118300119961111  16.6
5118300119961112  14.2
5118300119961113    .9
5118300119961114    .0
5118300119961115    .0
5118300119961116    .0
5118300119961117   1.6
5118300119961118   7.9
5118300119961119   6.6
5118300119961120   8.3
5118300119961121    .0
5118300119961122    .0
5118300119961123   2.3
5118300119961124   4.2
5118300119961125   9.5
5118300119961126    .6
5118300119961127    .0
5118300119961128    .1
5118300119961129  15.7
5118300119961130   1.2
5118300119961201    .4
5118300119961202    .2
5118300119961203   3.1
5118300119961204   3.0
5118300119961205   1.0
5118300119961206    .1
5118300119961207    .0
5118300119961208    .0
5118300119961209    .0
5118300119961210    .0
5118300119961211    .0
5118300119961212   5.5
5118300119961213   1.4
5118300119961214    .0
5118300119961215    .0
5118300119961216    .1
5118300119961217   9.4
5118300119961218   1.5
5118300119961219   1.0
5118300119961220   3.3
5118300119961221    .6
5118300119961222   3.6
5118300119961223   3.3
5118300119961224    .0
5118300119961225    .0
5118300119961226    .0
5118300119961227    .0
5118300119961228    .0
5118300119961229    .7
5118300119961230    .4
5118300119961231    .1
5118300119970101    .0
5118300119970102    .0
5118300119970103    .0
5118300119970104    .0
5118300119970105    .0
5118300119970106    .0
5118300119970107    .0
5118300119970108    .2
5118300119970109    .0
5118300119970110    .0
5118300119970111    .0
5118300119970112    .0
5118300119970113    .0
5118300119970114    .0
5118300119970115    .0
5118300119970116    .0
5118300119970117   2.0
5118300119970118   1.7
5118300119970119    .0
5118300119970120    .0
5118300119970121    .2
5118300119970122    .6
5118300119970123    .1
5118300119970124    .6
5118300119970125    .0
5118300119970126    .1
5118300119970127    .0
5118300119970128    .0
5118300119970129    .0
5118300119970130    .0
5118300119970131    .0
5118300119970201    .2
5118300119970202    .0
5118300119970203    .2
5118300119970204   4.0
5118300119970205   3.0
5118300119970206    .3
5118300119970207    .0
5118300119970208    .1
5118300119970209    .3
5118300119970210   1.9
5118300119970211   2.2
5118300119970212   6.6
5118300119970213   2.4
5118300119970214   8.4
5118300119970215    .0
5118300119970216    .3
5118300119970217   1.2
5118300119970218   4.9
5118300119970219    .8
5118300119970220    .0
5118300119970221    .0
5118300119970222    .1
5118300119970223    .4
5118300119970224  10.9
5118300119970225   6.7
5118300119970226   2.8
5118300119970227    .0
5118300119970228    .0
5118300119970301    .2
5118300119970302   3.8
5118300119970303    .3
5118300119970304   3.2
5118300119970305   4.7
5118300119970306    .2
5118300119970307    .2
5118300119970308    .3
5118300119970309    .3
5118300119970310    .0
5118300119970311    .4
5118300119970312    .1
5118300119970313    .0
5118300119970314    .2
5118300119970315    .1
5118300119970316    .0
5118300119970317    .0
5118300119970318    .9
5118300119970319   2.1
5118300119970320    .0
5118300119970321    .0
5118300119970322    .2
5118300119970323    .1
5118300119970324    .0
5118300119970325    .7
5118300119970326    .1
5118300119970327    .4
5118300119970328    .0
5118300119970329    .0
5118300119970330    .0
5118300119970331    .1
5118300119970401    .0
5118300119970402    .0
5118300119970403   2.0
5118300119970404    .0
5118300119970405    .0
5118300119970406    .0
5118300119970407    .0
5118300119970408    .0
5118300119970409    .0
5118300119970410    .0
5118300119970411    .0
5118300119970412    .0
5118300119970413    .0
5118300119970414    .0
5118300119970415    .0
5118300119970416    .0
5118300119970417    .0
5118300119970418    .0
5118300119970419    .0
5118300119970420    .0
5118300119970421    .0
5118300119970422    .0
5118300119970423    .0
5118300119970424    .0
5118300119970425   5.6
5118300119970426   9.5
5118300119970427    .4
5118300119970428    .6
5118300119970429   1.1
5118300119970430    .1
5118300119970501    .0
5118300119970502    .0
5118300119970503    .0
5118300119970504   7.0
5118300119970505   7.2
5118300119970506  20.2
5118300119970507   2.3
5118300119970508   4.8
5118300119970509   1.3
5118300119970510    .5
5118300119970511   2.6
5118300119970512    .1
5118300119970513   9.0
5118300119970514    .9
5118300119970515   1.0
5118300119970516    .1
5118300119970517   5.9
5118300119970518   2.6
5118300119970519    .0
5118300119970520   2.9
5118300119970521   5.5
5118300119970522    .3
5118300119970523    .0
5118300119970524    .0
5118300119970525    .0
5118300119970526    .0
5118300119970527    .1
5118300119970528    .1
5118300119970529    .0
5118300119970530    .0
5118300119970531    .0
5118300119970601    .0
5118300119970602    .3
5118300119970603    .0
5118300119970604    .0
5118300119970605   3.9
5118300119970606    .0
5118300119970607   3.6
5118300119970608    .4
5118300119970609    .1
5118300119970610    .0
5118300119970611   7.0
5118300119970612    .1
5118300119970613   3.2
5118300119970614   5.7
5118300119970615    .0
5118300119970616   1.2
5118300119970617  10.1
5118300119970618    .1
5118300119970619  12.9
5118300119970620   2.4
5118300119970621   7.5
5118300119970622   3.7
5118300119970623  16.8
5118300119970624   1.2
5118300119970625   6.9
5118300119970626   5.2
5118300119970627   6.9
5118300119970628   3.5
5118300119970629   8.5
5118300119970630   6.4
5118300119970701   2.5
5118300119970702   4.4
5118300119970703   1.3
5118300119970704   1.8
5118300119970705    .0
5118300119970706    .0
5118300119970707    .0
5118300119970708    .0
5118300119970709    .0
5118300119970710    .1
5118300119970711    .0
5118300119970712  19.2
5118300119970713    .0
5118300119970714  20.5
5118300119970715    .0
5118300119970716    .1
5118300119970717   1.3
5118300119970718   3.7
5118300119970719    .9
5118300119970720    .7
5118300119970721    .2
5118300119970722    .0
5118300119970723    .0
5118300119970724   5.5
5118300119970725    .2
5118300119970726    .1
5118300119970727    .2
5118300119970728    .1
5118300119970729    .0
5118300119970730    .0
5118300119970731   5.3
5118300119970801   3.7
5118300119970802    .0
5118300119970803    .0
5118300119970804    .2
5118300119970805    .1
5118300119970806   8.9
5118300119970807    .0
5118300119970808    .1
5118300119970809    .1
5118300119970810    .0
5118300119970811    .0
5118300119970812    .0
5118300119970813   3.6
5118300119970814    .0
5118300119970815    .1
5118300119970816    .1
5118300119970817    .0
5118300119970818    .1
5118300119970819    .0
5118300119970820    .0
5118300119970821    .0
5118300119970822    .0
5118300119970823    .0
5118300119970824    .0
5118300119970825   3.4
5118300119970826    .3
5118300119970827  22.2
5118300119970828   6.7
5118300119970829   3.2
5118300119970830   1.2
5118300119970831    .0
5118300119970901  14.8
5118300119970902    .2
5118300119970903    .1
5118300119970904    .0
5118300119970905    .0
5118300119970906    .1
5118300119970907    .3
5118300119970908    .1
5118300119970909    .1
5118300119970910    .3
5118300119970911    .0
5118300119970912   2.1
5118300119970913    .1
5118300119970914    .1
5118300119970915    .1
5118300119970916    .1
5118300119970917    .0
5118300119970918    .0
5118300119970919    .0
5118300119970920    .0
5118300119970921    .1
5118300119970922    .1
5118300119970923    .2
5118300119970924    .2
5118300119970925    .1
5118300119970926    .1
5118300119970927    .2
5118300119970928    .1
5118300119970929    .1
5118300119970930    .0
5118300119971001    .0
5118300119971002    .1
5118300119971003    .1
5118300119971004    .1
5118300119971005    .0
5118300119971006   3.9
5118300119971007   4.4
5118300119971008   3.2
5118300119971009    .8
5118300119971010   1.9
5118300119971011  18.7
5118300119971012   1.0
5118300119971013   2.8
5118300119971014   3.2
5118300119971015   6.9
5118300119971016    .1
5118300119971017    .2
5118300119971018    .2
5118300119971019    .3
5118300119971020    .2
5118300119971021    .0
5118300119971022    .0
5118300119971023    .3
5118300119971024    .0
5118300119971025    .0
5118300119971026    .4
5118300119971027    .2
5118300119971028    .0
5118300119971029    .0
5118300119971030    .0
5118300119971031    .1
5118300119971101    .2
5118300119971102    .2
5118300119971103    .1
5118300119971104   5.4
5118300119971105   2.2
5118300119971106  21.3
5118300119971107    .9
5118300119971108   3.7
5118300119971109   3.6
5118300119971110   1.1
5118300119971111   2.7
5118300119971112   2.5
5118300119971113    .0
5118300119971114    .0
5118300119971115  22.9
5118300119971116    .8
5118300119971117    .0
5118300119971118   1.4
5118300119971119   5.0
5118300119971120   2.9
5118300119971121    .2
5118300119971122    .4
5118300119971123    .0
5118300119971124    .0
5118300119971125    .0
5118300119971126    .0
5118300119971127   9.6
5118300119971128   9.6
5118300119971129    .2
5118300119971130   1.7
5118300119971201    .9
5118300119971202  11.1
5118300119971203    .0
5118300119971204    .0
5118300119971205    .0
5118300119971206    .0
5118300119971207    .6
5118300119971208    .4
5118300119971209    .5
5118300119971210   6.0
5118300119971211   4.7
5118300119971212   2.2
5118300119971213    .2
5118300119971214    .6
5118300119971215    .0
5118300119971216    .3
5118300119971217   4.7
5118300119971218   7.3
5118300119971219    .2
5118300119971220    .1
5118300119971221    .1
5118300119971222    .0
5118300119971223    .6
5118300119971224   7.6
5118300119971225   1.3
5118300119971226   5.7
5118300119971227    .8
5118300119971228    .0
5118300119971229    .0
5118300119971230    .0
5118300119971231   3.3
5118300119980101   3.0
5118300119980102   1.6
5118300119980103   5.8
5118300119980104   4.0
5118300119980105   7.6
5118300119980106   2.6
5118300119980107    .8
5118300119980108    .0
5118300119980109    .0
5118300119980110    .0
5118300119980111    .0
5118300119980112    .0
5118300119980113    .0
5118300119980114   1.0
5118300119980115   3.0
5118300119980116   8.6
5118300119980117    .0
5118300119980118  14.2
5118300119980119   3.0
5118300119980120    .0
5118300119980121    .0
5118300119980122    .0
5118300119980123    .0
5118300119980124    .0
5118300119980125    .0
5118300119980126    .0
5118300119980127    .0
5118300119980128    .0
5118300119980129    .0
5118300119980130    .0
5118300119980131    .0
5118300119980201    .0
5118300119980202    .0
5118300119980203    .0
5118300119980204    .0
5118300119980205    .0
5118300119980206    .0
5118300119980207    .4
5118300119980208    .0
5118300119980209    .0
5118300119980210    .0
5118300119980211    .0
5118300119980212    .0
5118300119980213    .0
5118300119980214    .0
5118300119980215    .0
5118300119980216    .0
5118300119980217    .0
5118300119980218    .0
5118300119980219    .0
5118300119980220    .0
5118300119980221    .8
5118300119980222   3.4
5118300119980223    .2
5118300119980224    .2
5118300119980225    .0
5118300119980226    .0
5118300119980227    .0
5118300119980228   1.4
5118300119980301    .0
5118300119980302    .0
5118300119980303    .2
5118300119980304  11.2
5118300119980305    .0
5118300119980306   1.0
5118300119980307   5.4
5118300119980308    .8
5118300119980309    .0
5118300119980310   1.8
5118300119980311   3.2
5118300119980312    .6
5118300119980313    .2
5118300119980314    .0
5118300119980315    .0
5118300119980316    .0
5118300119980317    .0
5118300119980318    .0
5118300119980319    .0
5118300119980320    .0
5118300119980321    .0
5118300119980322    .0
5118300119980323    .2
5118300119980324    .0
5118300119980325    .0
5118300119980326    .8
5118300119980327   1.0
5118300119980328    .0
5118300119980329    .0
5118300119980330    .0
5118300119980331    .0
5118300119980401    .6
5118300119980402   5.8
5118300119980403   4.8
5118300119980404   2.6
5118300119980405   3.6
5118300119980406   3.8
5118300119980407  18.8
5118300119980408   1.0
5118300119980409   7.4
5118300119980410   4.0
5118300119980411    .4
5118300119980412   4.8
5118300119980413    .2
5118300119980414   2.4
5118300119980415   9.8
5118300119980416   1.0
5118300119980417  23.0
5118300119980418   2.2
5118300119980419   1.8
5118300119980420   2.6
5118300119980421    .0
5118300119980422    .0
5118300119980423    .4
5118300119980424    .0
5118300119980425   6.2
5118300119980426   5.0
5118300119980427   4.4
5118300119980428   8.6
5118300119980429    .0
5118300119980430    .0
5118300119980501    .4
5118300119980502   9.6
5118300119980503    .0
5118300119980504    .0
5118300119980505    .0
5118300119980506    .0
5118300119980507    .0
5118300119980508    .2
5118300119980509    .0
5118300119980510    .0
5118300119980511    .0
5118300119980512    .0
5118300119980513    .0
5118300119980514    .0
5118300119980515    .0
5118300119980516    .0
5118300119980517    .0
5118300119980518    .0
5118300119980519    .0
5118300119980520    .0
5118300119980521    .0
5118300119980522    .0
5118300119980523    .4
5118300119980524   1.4
5118300119980525    .4
5118300119980526   6.2
5118300119980527   5.0
5118300119980528   1.8
5118300119980529    .0
5118300119980530    .8
5118300119980531    .4
5118300119980601   4.4
5118300119980602    .0
5118300119980603    .0
5118300119980604    .0
5118300119980605   1.0
5118300119980606   8.0
5118300119980607   6.0
5118300119980608   2.2
5118300119980609    .4
5118300119980610   3.4
5118300119980611   4.4
5118300119980612   3.4
5118300119980613   3.6
5118300119980614   3.8
5118300119980615   4.0
5118300119980616   2.8
5118300119980617    .0
5118300119980618    .0
5118300119980619    .0
5118300119980620    .0
5118300119980621    .0
5118300119980622    .0
5118300119980623    .0
5118300119980624    .0
5118300119980625    .0
5118300119980626    .0
5118300119980627   2.2
5118300119980628    .0
5118300119980629    .0
5118300119980630   1.6
5118300119980701    .0
5118300119980702    .0
5118300119980703    .0
5118300119980704    .0
5118300119980705    .0
5118300119980706   1.2
5118300119980707   1.2
5118300119980708    .0
5118300119980709    .2
5118300119980710    .4
5118300119980711   2.0
5118300119980712   3.0
5118300119980713  11.4
5118300119980714    .0
5118300119980715   2.4
5118300119980716  14.4
5118300119980717    .6
5118300119980718    .0
5118300119980719    .0
5118300119980720    .4
5118300119980721   2.4
5118300119980722   1.6
5118300119980723    .8
5118300119980724    .0
5118300119980725    .0
5118300119980726    .0
5118300119980727   1.4
5118300119980728    .4
5118300119980729    .4
5118300119980730    .0
5118300119980731    .0
5118300119980801    .2
5118300119980802   1.2
5118300119980803    .0
5118300119980804    .6
5118300119980805    .0
5118300119980806    .0
5118300119980807    .0
5118300119980808    .0
5118300119980809    .0
5118300119980810    .0
5118300119980811    .0
5118300119980812    .0
5118300119980813    .0
5118300119980814    .0
5118300119980815    .0
5118300119980816    .0
5118300119980817    .0
5118300119980818    .0
5118300119980819    .0
5118300119980820   2.6
5118300119980821   1.0
5118300119980822   3.0
5118300119980823   6.2
5118300119980824    .0
5118300119980825    .0
5118300119980826    .0
5118300119980827    .2
5118300119980828    .0
5118300119980829    .0
5118300119980830    .0
5118300119980831    .0
5118300119980901   2.6
5118300119980902   7.6
5118300119980903   2.4
5118300119980904   3.8
5118300119980905   3.8
5118300119980906   1.0
5118300119980907   3.6
5118300119980908    .8
5118300119980909   1.0
5118300119980910    .2
5118300119980911  15.0
5118300119980912   4.4
5118300119980913   2.4
5118300119980914    .0
5118300119980915    .6
5118300119980916    .4
5118300119980917    .0
5118300119980918    .0
5118300119980919    .0
5118300119980920    .0
5118300119980921    .0
5118300119980922    .0
5118300119980923    .0
5118300119980924    .0
5118300119980925    .4
5118300119980926  11.6
5118300119980927  11.2
5118300119980928    .0
5118300119980929   5.2
5118300119980930   1.0
5118300119981001    .0
5118300119981002    .0
5118300119981003    .4
5118300119981004    .0
5118300119981005    .2
5118300119981006    .0
5118300119981007    .8
5118300119981008   6.2
5118300119981009   1.0
5118300119981010   4.2
5118300119981011   4.6
5118300119981012    .0
5118300119981013   1.2
5118300119981014   1.2
5118300119981015    .0
5118300119981016    .2
5118300119981017   6.0
5118300119981018    .4
5118300119981019    .0
5118300119981020    .2
5118300119981021    .0
5118300119981022    .4
5118300119981023   3.4
5118300119981024  20.0
5118300119981025   4.4
5118300119981026   1.4
5118300119981027    .0
5118300119981028  18.8
5118300119981029   3.4
5118300119981030   5.8
5118300119981031  16.4
5118300119981101    .0
5118300119981102    .6
5118300119981103    .0
5118300119981104    .4
5118300119981105    .0
5118300119981106   1.2
5118300119981107    .2
5118300119981108   1.6
5118300119981109   1.4
5118300119981110    .6
5118300119981111    .0
5118300119981112    .8
5118300119981113   2.8
5118300119981114   3.2
5118300119981115    .2
5118300119981116    .0
5118300119981117    .2
5118300119981118    .8
5118300119981119   1.4
5118300119981120    .0
5118300119981121    .2
5118300119981122    .0
5118300119981123    .0
5118300119981124    .0
5118300119981125   2.6
5118300119981126   1.4
5118300119981127    .0
5118300119981128   3.0
5118300119981129   2.6
5118300119981130    .0
5118300119981201    .0
5118300119981202    .0
5118300119981203    .0
5118300119981204    .4
5118300119981205   1.8
5118300119981206    .0
5118300119981207    .0
5118300119981208   4.6
5118300119981209   4.8
5118300119981210   7.4
5118300119981211   1.8
5118300119981212   5.3
5118300119981213    .0
5118300119981214    .0
5118300119981215    .1
5118300119981216    .1
5118300119981217    .0
5118300119981218   4.6
5118300119981219    .8
5118300119981220   1.0
5118300119981221    .0
5118300119981222   1.8
5118300119981223   1.0
5118300119981224    .8
5118300119981225    .6
5118300119981226   7.6
5118300119981227   3.2
5118300119981228    .7
5118300119981229    .1
5118300119981230    .0
5118300119981231    .0
