5226900119940101   8.4
5226900119940102   4.0
5226900119940103   7.8
5226900119940104   8.4
5226900119940105  18.8
5226900119940106  25.0
5226900119940107   7.2
5226900119940108    .0
5226900119940109    .0
5226900119940110   7.8
5226900119940111    .2
5226900119940112   2.6
5226900119940113   7.2
5226900119940114   6.2
5226900119940115    .6
5226900119940116    .0
5226900119940117    .0
5226900119940118    .0
5226900119940119    .0
5226900119940120    .0
5226900119940121    .0
5226900119940122    .0
5226900119940123   7.2
5226900119940124  11.8
5226900119940125   8.0
5226900119940126   3.6
5226900119940127  13.8
5226900119940128    .0
5226900119940129    .0
5226900119940130   1.2
5226900119940131    .0
5226900119940201   6.0
5226900119940202  16.8
5226900119940203  14.4
5226900119940204    .2
5226900119940205   1.8
5226900119940206    .0
5226900119940207    .2
5226900119940208    .0
5226900119940209    .8
5226900119940210    .0
5226900119940211    .0
5226900119940212    .0
5226900119940213    .0
5226900119940214   3.8
5226900119940215    .4
5226900119940216    .0
5226900119940217    .0
5226900119940218    .0
5226900119940219    .2
5226900119940220  16.2
5226900119940221   2.2
5226900119940222   3.0
5226900119940223   7.8
5226900119940224   6.6
5226900119940225    .8
5226900119940226    .0
5226900119940227   9.0
5226900119940228   1.2
5226900119940301    .0
5226900119940302   5.4
5226900119940303   5.8
5226900119940304    .0
5226900119940305   1.2
5226900119940306    .0
5226900119940307   1.0
5226900119940308   1.0
5226900119940309    .0
5226900119940310    .0
5226900119940311    .0
5226900119940312    .6
5226900119940313   7.4
5226900119940314    .2
5226900119940315   4.0
5226900119940316   1.2
5226900119940317   1.8
5226900119940318    .2
5226900119940319  15.6
5226900119940320   2.4
5226900119940321   1.0
5226900119940322    .0
5226900119940323    .0
5226900119940324    .0
5226900119940325   1.6
5226900119940326    .0
5226900119940327    .0
5226900119940328    .0
5226900119940329    .0
5226900119940330   1.4
5226900119940331  13.4
5226900119940401   4.0
5226900119940402   4.2
5226900119940403   2.4
5226900119940404  12.8
5226900119940405   4.2
5226900119940406   7.4
5226900119940407   8.0
5226900119940408  13.0
5226900119940409   2.6
5226900119940410   2.4
5226900119940411    .4
5226900119940412   1.2
5226900119940413    .6
5226900119940414    .2
5226900119940415    .0
5226900119940416   3.6
5226900119940417   5.6
5226900119940418    .0
5226900119940419    .0
5226900119940420    .0
5226900119940421    .0
5226900119940422    .0
5226900119940423    .0
5226900119940424   4.8
5226900119940425   1.2
5226900119940426    .4
5226900119940427   1.4
5226900119940428    .0
5226900119940429    .0
5226900119940430    .0
5226900119940501    .0
5226900119940502    .0
5226900119940503  11.0
5226900119940504   4.0
5226900119940505   3.4
5226900119940506    .2
5226900119940507    .2
5226900119940508   6.0
5226900119940509    .0
5226900119940510    .0
5226900119940511    .2
5226900119940512    .0
5226900119940513   7.0
5226900119940514   2.8
5226900119940515    .0
5226900119940516    .4
5226900119940517   1.4
5226900119940518  20.8
5226900119940519    .6
5226900119940520   3.0
5226900119940521   2.2
5226900119940522  18.6
5226900119940523    .0
5226900119940524   7.2
5226900119940525   2.2
5226900119940526   2.2
5226900119940527   1.4
5226900119940528   2.2
5226900119940529    .0
5226900119940530    .0
5226900119940531    .0
5226900119940601    .0
5226900119940602  10.2
5226900119940603   1.6
5226900119940604  19.4
5226900119940605    .0
5226900119940606   2.0
5226900119940607    .0
5226900119940608  18.4
5226900119940609    .0
5226900119940610    .8
5226900119940611    .0
5226900119940612    .0
5226900119940613    .0
5226900119940614    .0
5226900119940615    .0
5226900119940616    .0
5226900119940617    .0
5226900119940618    .0
5226900119940619  10.6
5226900119940620   3.6
5226900119940621    .0
5226900119940622    .0
5226900119940623    .0
5226900119940624    .0
5226900119940625    .0
5226900119940626    .0
5226900119940627    .4
5226900119940628    .0
5226900119940629    .0
5226900119940630    .0
5226900119940701    .0
5226900119940702    .0
5226900119940703    .0
5226900119940704    .0
5226900119940705    .0
5226900119940706    .0
5226900119940707    .2
5226900119940708   8.2
5226900119940709    .0
5226900119940710    .0
5226900119940711    .0
5226900119940712    .0
5226900119940713    .0
5226900119940714   2.2
5226900119940715    .0
5226900119940716    .0
5226900119940717  10.2
5226900119940718    .2
5226900119940719  12.8
5226900119940720    .2
5226900119940721    .0
5226900119940722    .0
5226900119940723    .0
5226900119940724    .0
5226900119940725    .0
5226900119940726    .0
5226900119940727    .0
5226900119940728    .0
5226900119940729    .0
5226900119940730  11.2
5226900119940731  34.8
5226900119940801    .4
5226900119940802    .0
5226900119940803    .0
5226900119940804    .0
5226900119940805    .0
5226900119940806   2.6
5226900119940807   2.2
5226900119940808    .0
5226900119940809   1.2
5226900119940810   6.0
5226900119940811  16.8
5226900119940812    .4
5226900119940813    .0
5226900119940814    .0
5226900119940815    .0
5226900119940816    .0
5226900119940817   7.4
5226900119940818    .0
5226900119940819    .0
5226900119940820    .0
5226900119940821    .6
5226900119940822    .0
5226900119940823    .0
5226900119940824    .0
5226900119940825    .0
5226900119940826   2.2
5226900119940827    .0
5226900119940828    .0
5226900119940829    .0
5226900119940830   3.2
5226900119940831   5.8
5226900119940901    .0
5226900119940902    .0
5226900119940903    .0
5226900119940904    .0
5226900119940905   3.4
5226900119940906  13.4
5226900119940907  17.0
5226900119940908   5.6
5226900119940909   6.6
5226900119940910   5.0
5226900119940911   8.8
5226900119940912   1.6
5226900119940913  13.0
5226900119940914  11.4
5226900119940915   5.0
5226900119940916    .2
5226900119940917   1.0
5226900119940918   1.4
5226900119940919    .0
5226900119940920   6.2
5226900119940921    .0
5226900119940922    .2
5226900119940923    .0
5226900119940924   2.6
5226900119940925    .0
5226900119940926    .2
5226900119940927    .0
5226900119940928    .0
5226900119940929    .0
5226900119940930    .8
5226900119941001    .2
5226900119941002   1.2
5226900119941003   4.2
5226900119941004    .0
5226900119941005    .0
5226900119941006    .0
5226900119941007    .0
5226900119941008    .0
5226900119941009    .0
5226900119941010    .0
5226900119941011    .0
5226900119941012    .0
5226900119941013    .0
5226900119941014    .0
5226900119941015    .0
5226900119941016    .0
5226900119941017    .0
5226900119941018    .0
5226900119941019    .4
5226900119941020    .2
5226900119941021    .6
5226900119941022  10.4
5226900119941023   3.0
5226900119941024   4.8
5226900119941025  10.6
5226900119941026   1.4
5226900119941027    .8
5226900119941028   1.0
5226900119941029   8.6
5226900119941030    .8
5226900119941031   2.0
5226900119941101    .0
5226900119941102    .0
5226900119941103    .0
5226900119941104    .0
5226900119941105   2.8
5226900119941106    .0
5226900119941107    .0
5226900119941108    .0
5226900119941109   6.0
5226900119941110  11.2
5226900119941111    .0
5226900119941112    .4
5226900119941113    .2
5226900119941114    .0
5226900119941115   7.0
5226900119941116    .2
5226900119941117    .4
5226900119941118  13.8
5226900119941119   1.4
5226900119941120    .2
5226900119941121    .0
5226900119941122    .4
5226900119941123    .0
5226900119941124    .0
5226900119941125    .0
5226900119941126   1.0
5226900119941127    .8
5226900119941128    .0
5226900119941129    .0
5226900119941130    .0
5226900119941201    .0
5226900119941202    .0
5226900119941203   1.0
5226900119941204  12.0
5226900119941205   4.0
5226900119941206    .0
5226900119941207   1.2
5226900119941208   6.2
5226900119941209  18.4
5226900119941210   1.6
5226900119941211   1.4
5226900119941212    .0
5226900119941213    .4
5226900119941214   3.2
5226900119941215    .0
5226900119941216    .2
5226900119941217    .0
5226900119941218    .8
5226900119941219   1.2
5226900119941220    .0
5226900119941221    .0
5226900119941222    .0
5226900119941223    .0
5226900119941224    .0
5226900119941225    .0
5226900119941226   3.4
5226900119941227  24.0
5226900119941228   3.2
5226900119941229   5.4
5226900119941230   1.0
5226900119941231   7.8
5226900119950101   6.6
5226900119950102   1.2
5226900119950103    .2
5226900119950104    .0
5226900119950105    .0
5226900119950106   4.2
5226900119950107    .2
5226900119950108   4.6
5226900119950109   2.2
5226900119950110  28.2
5226900119950111    .4
5226900119950112   1.6
5226900119950113    .0
5226900119950114    .4
5226900119950115    .0
5226900119950116    .0
5226900119950117    .0
5226900119950118   2.6
5226900119950119    .0
5226900119950120   2.6
5226900119950121  19.6
5226900119950122  32.2
5226900119950123   4.4
5226900119950124  13.0
5226900119950125  16.8
5226900119950126   8.4
5226900119950127  10.6
5226900119950128  13.0
5226900119950129   8.6
5226900119950130   6.0
5226900119950131    .0
5226900119950201   1.4
5226900119950202   2.0
5226900119950203    .0
5226900119950204   3.8
5226900119950205   1.0
5226900119950206    .4
5226900119950207    .0
5226900119950208  13.6
5226900119950209    .8
5226900119950210   1.4
5226900119950211   4.2
5226900119950212   2.0
5226900119950213   7.0
5226900119950214    .4
5226900119950215  16.0
5226900119950216    .8
5226900119950217  11.6
5226900119950218   1.2
5226900119950219    .4
5226900119950220    .2
5226900119950221   2.0
5226900119950222    .6
5226900119950223   6.2
5226900119950224  12.4
5226900119950225  16.4
5226900119950226    .8
5226900119950227    .0
5226900119950228    .0
5226900119950301    .0
5226900119950302   3.4
5226900119950303    .6
5226900119950304    .6
5226900119950305   9.8
5226900119950306    .6
5226900119950307    .0
5226900119950308   4.4
5226900119950309    .0
5226900119950310    .0
5226900119950311    .0
5226900119950312    .0
5226900119950313    .0
5226900119950314   1.6
5226900119950315   5.4
5226900119950316    .6
5226900119950317  15.2
5226900119950318  11.0
5226900119950319  17.6
5226900119950320    .0
5226900119950321    .2
5226900119950322    .0
5226900119950323    .0
5226900119950324    .0
5226900119950325    .0
5226900119950326   5.6
5226900119950327  13.8
5226900119950328  12.0
5226900119950329   2.4
5226900119950330    .0
5226900119950331   3.6
5226900119950401    .8
5226900119950402    .0
5226900119950403    .0
5226900119950404    .0
5226900119950405    .0
5226900119950406    .0
5226900119950407    .0
5226900119950408    .0
5226900119950409    .0
5226900119950410    .0
5226900119950411    .0
5226900119950412    .0
5226900119950413    .0
5226900119950414    .0
5226900119950415   2.6
5226900119950416   1.0
5226900119950417    .6
5226900119950418   3.2
5226900119950419   9.4
5226900119950420   2.8
5226900119950421  25.2
5226900119950422   1.8
5226900119950423    .4
5226900119950424   2.2
5226900119950425   6.6
5226900119950426  10.4
5226900119950427    .4
5226900119950428    .0
5226900119950429   5.6
5226900119950430    .0
5226900119950501    .0
5226900119950502    .0
5226900119950503    .0
5226900119950504    .0
5226900119950505    .0
5226900119950506    .0
5226900119950507    .0
5226900119950508    .0
5226900119950509    .0
5226900119950510    .0
5226900119950511    .0
5226900119950512  32.0
5226900119950513   6.2
5226900119950514    .0
5226900119950515    .2
5226900119950516  27.0
5226900119950517   4.0
5226900119950518  12.6
5226900119950519    .0
5226900119950520    .0
5226900119950521    .0
5226900119950522    .0
5226900119950523    .0
5226900119950524    .0
5226900119950525   2.0
5226900119950526   3.0
5226900119950527   1.8
5226900119950528  11.6
5226900119950529   6.2
5226900119950530   9.6
5226900119950531   3.6
5226900119950601    .0
5226900119950602    .2
5226900119950603   6.8
5226900119950604   1.2
5226900119950605    .6
5226900119950606    .0
5226900119950607   4.0
5226900119950608   3.2
5226900119950609    .0
5226900119950610    .0
5226900119950611   1.4
5226900119950612   1.6
5226900119950613   6.2
5226900119950614    .6
5226900119950615    .0
5226900119950616    .0
5226900119950617   1.6
5226900119950618   1.8
5226900119950619    .0
5226900119950620   1.6
5226900119950621    .0
5226900119950622    .0
5226900119950623    .0
5226900119950624    .4
5226900119950625    .0
5226900119950626    .0
5226900119950627    .0
5226900119950628    .0
5226900119950629    .0
5226900119950630    .0
5226900119950701   1.0
5226900119950702   3.2
5226900119950703    .8
5226900119950704    .0
5226900119950705    .0
5226900119950706    .0
5226900119950707    .0
5226900119950708    .0
5226900119950709    .0
5226900119950710    .0
5226900119950711  28.4
5226900119950712    .0
5226900119950713    .0
5226900119950714   1.4
5226900119950715  12.8
5226900119950716    .2
5226900119950717    .0
5226900119950718    .0
5226900119950719    .0
5226900119950720    .0
5226900119950721    .0
5226900119950722   8.2
5226900119950723    .0
5226900119950724    .0
5226900119950725    .0
5226900119950726  19.2
5226900119950727    .0
5226900119950728    .0
5226900119950729    .0
5226900119950730    .0
5226900119950731    .0
5226900119950801    .0
5226900119950802    .0
5226900119950803    .0
5226900119950804    .0
5226900119950805    .0
5226900119950806  17.6
5226900119950807   5.2
5226900119950808    .0
5226900119950809    .0
5226900119950810    .0
5226900119950811    .0
5226900119950812   1.0
5226900119950813    .0
5226900119950814    .0
5226900119950815    .0
5226900119950816    .0
5226900119950817    .0
5226900119950818    .0
5226900119950819    .0
5226900119950820    .0
5226900119950821    .0
5226900119950822    .0
5226900119950823  10.4
5226900119950824    .0
5226900119950825   1.8
5226900119950826    .0
5226900119950827   8.8
5226900119950828    .6
5226900119950829    .0
5226900119950830    .0
5226900119950831    .0
5226900119950901    .0
5226900119950902   3.2
5226900119950903   3.4
5226900119950904    .0
5226900119950905    .0
5226900119950906    .2
5226900119950907  13.8
5226900119950908  14.0
5226900119950909   1.2
5226900119950910  11.0
5226900119950911    .8
5226900119950912   4.4
5226900119950913  11.4
5226900119950914    .0
5226900119950915   2.6
5226900119950916    .6
5226900119950917   1.0
5226900119950918   1.2
5226900119950919  12.4
5226900119950920    .8
5226900119950921    .0
5226900119950922    .0
5226900119950923    .0
5226900119950924   3.0
5226900119950925    .2
5226900119950926    .0
5226900119950927  13.4
5226900119950928   1.2
5226900119950929    .0
5226900119950930    .0
5226900119951001   1.2
5226900119951002   1.8
5226900119951003   8.0
5226900119951004  16.0
5226900119951005   4.2
5226900119951006    .0
5226900119951007    .0
5226900119951008    .0
5226900119951009    .0
5226900119951010    .0
5226900119951011    .0
5226900119951012    .0
5226900119951013    .0
5226900119951014    .0
5226900119951015    .0
5226900119951016    .0
5226900119951017    .0
5226900119951018    .0
5226900119951019    .0
5226900119951020    .0
5226900119951021    .0
5226900119951022    .0
5226900119951023    .0
5226900119951024    .6
5226900119951025    .8
5226900119951026    .2
5226900119951027   2.0
5226900119951028   7.0
5226900119951029   4.8
5226900119951030    .8
5226900119951031    .0
5226900119951101   1.6
5226900119951102    .2
5226900119951103   2.0
5226900119951104    .0
5226900119951105    .0
5226900119951106    .0
5226900119951107    .0
5226900119951108    .0
5226900119951109    .0
5226900119951110    .0
5226900119951111    .0
5226900119951112   4.2
5226900119951113    .2
5226900119951114    .2
5226900119951115   9.0
5226900119951116   6.2
5226900119951117   1.6
5226900119951118    .0
5226900119951119    .0
5226900119951120    .0
5226900119951121    .0
5226900119951122   1.6
5226900119951123    .0
5226900119951124    .0
5226900119951125    .0
5226900119951126   2.2
5226900119951127   4.8
5226900119951128    .0
5226900119951129    .0
5226900119951130    .0
5226900119951201    .0
5226900119951202   1.2
5226900119951203   1.0
5226900119951204    .0
5226900119951205    .0
5226900119951206    .0
5226900119951207    .0
5226900119951208   3.4
5226900119951209    .0
5226900119951210    .0
5226900119951211    .0
5226900119951212    .0
5226900119951213    .0
5226900119951214    .0
5226900119951215    .0
5226900119951216    .0
5226900119951217   2.0
5226900119951218    .0
5226900119951219    .0
5226900119951220   7.8
5226900119951221   3.8
5226900119951222  13.0
5226900119951223  11.6
5226900119951224  11.0
5226900119951225   2.0
5226900119951226    .0
5226900119951227    .0
5226900119951228    .0
5226900119951229    .0
5226900119951230   4.8
5226900119951231   3.0
5226900119960101    .0
5226900119960102    .0
5226900119960103    .0
5226900119960104    .0
5226900119960105   1.4
5226900119960106   6.0
5226900119960107   4.0
5226900119960108    .0
5226900119960109  11.0
5226900119960110    .2
5226900119960111   4.0
5226900119960112  11.8
5226900119960113    .0
5226900119960114    .0
5226900119960115    .0
5226900119960116    .0
5226900119960117    .0
5226900119960118    .0
5226900119960119    .0
5226900119960120    .0
5226900119960121    .0
5226900119960122    .2
5226900119960123   1.2
5226900119960124    .4
5226900119960125   1.0
5226900119960126   1.2
5226900119960127    .0
5226900119960128   2.0
5226900119960129    .0
5226900119960130    .0
5226900119960131    .0
5226900119960201   9.8
5226900119960202   4.4
5226900119960203    .2
5226900119960204    .0
5226900119960205    .0
5226900119960206    .4
5226900119960207   2.6
5226900119960208    .4
5226900119960209   1.4
5226900119960210   2.6
5226900119960211    .8
5226900119960212  25.0
5226900119960213   2.8
5226900119960214    .0
5226900119960215    .0
5226900119960216    .6
5226900119960217    .4
5226900119960218  12.6
5226900119960219   1.8
5226900119960220    .0
5226900119960221    .0
5226900119960222    .0
5226900119960223    .2
5226900119960224    .0
5226900119960225    .0
5226900119960226    .0
5226900119960227    .8
5226900119960228    .0
5226900119960229    .0
5226900119960301    .4
5226900119960302    .0
5226900119960303    .0
5226900119960304    .0
5226900119960305    .0
5226900119960306    .0
5226900119960307    .0
5226900119960308    .0
5226900119960309    .0
5226900119960310    .0
5226900119960311    .0
5226900119960312    .0
5226900119960313    .0
5226900119960314    .0
5226900119960315    .0
5226900119960316    .0
5226900119960317    .0
5226900119960318    .0
5226900119960319    .0
5226900119960320    .2
5226900119960321    .4
5226900119960322   1.0
5226900119960323    .0
5226900119960324    .0
5226900119960325    .0
5226900119960326    .2
5226900119960327    .0
5226900119960328    .0
5226900119960329    .0
5226900119960330    .0
5226900119960331    .0
5226900119960401    .0
5226900119960402    .0
5226900119960403    .0
5226900119960404    .0
5226900119960405    .0
5226900119960406    .0
5226900119960407    .0
5226900119960408    .0
5226900119960409    .0
5226900119960410    .6
5226900119960411    .8
5226900119960412   2.0
5226900119960413    .2
5226900119960414    .0
5226900119960415    .0
5226900119960416    .0
5226900119960417   1.6
5226900119960418    .0
5226900119960419    .0
5226900119960420    .0
5226900119960421    .0
5226900119960422  10.0
5226900119960423   4.4
5226900119960424    .0
5226900119960425    .0
5226900119960426    .0
5226900119960427    .0
5226900119960428    .2
5226900119960429   2.8
5226900119960430    .0
5226900119960501    .4
5226900119960502   6.8
5226900119960503   2.6
5226900119960504    .0
5226900119960505    .0
5226900119960506    .0
5226900119960507   4.0
5226900119960508   8.0
5226900119960509    .0
5226900119960510    .0
5226900119960511    .0
5226900119960512    .0
5226900119960513    .6
5226900119960514    .0
5226900119960515    .6
5226900119960516   4.6
5226900119960517   9.4
5226900119960518  37.8
5226900119960519   5.6
5226900119960520    .6
5226900119960521   3.0
5226900119960522   3.8
5226900119960523   2.4
5226900119960524   5.6
5226900119960525  10.8
5226900119960526   2.2
5226900119960527   7.8
5226900119960528    .0
5226900119960529    .0
5226900119960530    .0
5226900119960531   6.2
5226900119960601   5.2
5226900119960602   4.4
5226900119960603    .0
5226900119960604    .0
5226900119960605    .0
5226900119960606    .0
5226900119960607    .0
5226900119960608    .0
5226900119960609    .0
5226900119960610    .0
5226900119960611   1.0
5226900119960612    .0
5226900119960613    .0
5226900119960614    .0
5226900119960615    .0
5226900119960616    .0
5226900119960617    .0
5226900119960618    .0
5226900119960619   3.6
5226900119960620   7.2
5226900119960621   8.6
5226900119960622    .6
5226900119960623    .0
5226900119960624    .0
5226900119960625    .0
5226900119960626    .0
5226900119960627    .0
5226900119960628    .0
5226900119960629    .4
5226900119960630   2.6
5226900119960701   1.0
5226900119960702    .0
5226900119960703   3.0
5226900119960704   7.6
5226900119960705  23.6
5226900119960706    .0
5226900119960707  16.8
5226900119960708    .8
5226900119960709    .2
5226900119960710    .8
5226900119960711    .0
5226900119960712    .0
5226900119960713    .0
5226900119960714    .2
5226900119960715    .0
5226900119960716    .0
5226900119960717    .0
5226900119960718    .0
5226900119960719    .0
5226900119960720    .0
5226900119960721    .0
5226900119960722    .0
5226900119960723   1.8
5226900119960724    .0
5226900119960725    .0
5226900119960726    .0
5226900119960727   2.0
5226900119960728    .4
5226900119960729    .0
5226900119960730    .0
5226900119960731    .0
5226900119960801    .0
5226900119960802    .0
5226900119960803    .0
5226900119960804    .0
5226900119960805   2.0
5226900119960806   1.6
5226900119960807    .0
5226900119960808    .0
5226900119960809    .0
5226900119960810   5.4
5226900119960811  18.4
5226900119960812   3.6
5226900119960813   9.0
5226900119960814    .8
5226900119960815    .0
5226900119960816    .0
5226900119960817    .0
5226900119960818    .0
5226900119960819    .0
5226900119960820   5.6
5226900119960821   2.8
5226900119960822   4.4
5226900119960823    .0
5226900119960824    .0
5226900119960825   3.0
5226900119960826  32.4
5226900119960827    .0
5226900119960828   1.2
5226900119960829    .0
5226900119960830    .0
5226900119960831    .0
5226900119960901    .0
5226900119960902    .0
5226900119960903    .0
5226900119960904    .0
5226900119960905    .0
5226900119960906    .0
5226900119960907    .0
5226900119960908    .0
5226900119960909    .0
5226900119960910    .0
5226900119960911    .0
5226900119960912   2.6
5226900119960913   1.0
5226900119960914    .0
5226900119960915    .2
5226900119960916    .0
5226900119960917    .0
5226900119960918   6.6
5226900119960919   5.6
5226900119960920    .0
5226900119960921    .2
5226900119960922    .0
5226900119960923    .0
5226900119960924   1.4
5226900119960925    .2
5226900119960926    .0
5226900119960927   3.2
5226900119960928    .0
5226900119960929    .0
5226900119960930    .0
5226900119961001  13.0
5226900119961002   1.0
5226900119961003    .0
5226900119961004   2.2
5226900119961005   1.2
5226900119961006    .0
5226900119961007    .0
5226900119961008    .0
5226900119961009   1.0
5226900119961010    .4
5226900119961011    .2
5226900119961012    .2
5226900119961013    .0
5226900119961014    .2
5226900119961015   3.8
5226900119961016    .2
5226900119961017   3.0
5226900119961018   4.8
5226900119961019   1.0
5226900119961020   1.8
5226900119961021   4.2
5226900119961022    .0
5226900119961023    .0
5226900119961024    .2
5226900119961025    .4
5226900119961026    .0
5226900119961027    .0
5226900119961028    .6
5226900119961029   9.0
5226900119961030    .0
5226900119961031   4.0
5226900119961101   1.6
5226900119961102    .4
5226900119961103    .0
5226900119961104   5.8
5226900119961105   3.0
5226900119961106   8.6
5226900119961107  30.2
5226900119961108   1.4
5226900119961109    .2
5226900119961110  10.2
5226900119961111  47.4
5226900119961112  43.8
5226900119961113    .8
5226900119961114    .0
5226900119961115    .0
5226900119961116    .0
5226900119961117   3.4
5226900119961118  20.4
5226900119961119   5.4
5226900119961120   8.6
5226900119961121   1.6
5226900119961122    .0
5226900119961123   1.4
5226900119961124   3.4
5226900119961125  10.8
5226900119961126   2.2
5226900119961127  13.0
5226900119961128    .2
5226900119961129  33.6
5226900119961130   3.0
5226900119961201   1.2
5226900119961202    .6
5226900119961203    .0
5226900119961204   1.8
5226900119961205   2.2
5226900119961206    .0
5226900119961207    .0
5226900119961208    .0
5226900119961209    .0
5226900119961210    .0
5226900119961211    .0
5226900119961212    .2
5226900119961213    .6
5226900119961214    .0
5226900119961215    .0
5226900119961216    .0
5226900119961217   2.2
5226900119961218    .2
5226900119961219   1.6
5226900119961220    .2
5226900119961221  15.6
5226900119961222   5.0
5226900119961223   5.8
5226900119961224    .0
5226900119961225    .0
5226900119961226    .0
5226900119961227    .0
5226900119961228    .0
5226900119961229    .4
5226900119961230   1.6
5226900119961231    .2
5226900119970101    .0
5226900119970102   2.2
5226900119970103    .0
5226900119970104    .0
5226900119970105    .0
5226900119970106    .0
5226900119970107    .0
5226900119970108   1.2
5226900119970109   1.8
5226900119970110    .0
5226900119970111    .0
5226900119970112    .0
5226900119970113    .0
5226900119970114    .0
5226900119970115    .0
5226900119970116    .0
5226900119970117   1.0
5226900119970118   9.6
5226900119970119   3.2
5226900119970120    .0
5226900119970121    .0
5226900119970122   3.0
5226900119970123    .2
5226900119970124    .0
5226900119970125    .0
5226900119970126    .0
5226900119970127    .0
5226900119970128    .0
5226900119970129    .0
5226900119970130    .0
5226900119970131    .0
5226900119970201    .0
5226900119970202    .0
5226900119970203    .0
5226900119970204    .4
5226900119970205   9.4
5226900119970206    .0
5226900119970207    .0
5226900119970208    .0
5226900119970209    .0
5226900119970210   2.0
5226900119970211   6.0
5226900119970212   3.0
5226900119970213  11.0
5226900119970214  17.4
5226900119970215    .0
5226900119970216    .0
5226900119970217   1.6
5226900119970218   6.8
5226900119970219   3.4
5226900119970220   2.0
5226900119970221    .0
5226900119970222    .0
5226900119970223   1.2
5226900119970224  11.8
5226900119970225  19.0
5226900119970226   4.8
5226900119970227    .0
5226900119970228    .0
5226900119970301    .0
5226900119970302    .0
5226900119970303    .0
5226900119970304    .4
5226900119970305    .0
5226900119970306    .2
5226900119970307    .0
5226900119970308    .0
5226900119970309    .0
5226900119970310    .0
5226900119970311    .0
5226900119970312    .0
5226900119970313    .0
5226900119970314    .2
5226900119970315   1.2
5226900119970316    .0
5226900119970317    .0
5226900119970318    .4
5226900119970319   9.0
5226900119970320    .2
5226900119970321    .0
5226900119970322    .0
5226900119970323   1.2
5226900119970324    .0
5226900119970325    .0
5226900119970326    .4
5226900119970327   1.8
5226900119970328   1.4
5226900119970329    .0
5226900119970330    .0
5226900119970331    .0
5226900119970401    .0
5226900119970402    .0
5226900119970403    .0
5226900119970404    .0
5226900119970405   1.0
5226900119970406    .2
5226900119970407    .0
5226900119970408    .0
5226900119970409    .0
5226900119970410    .0
5226900119970411    .0
5226900119970412    .0
5226900119970413    .0
5226900119970414    .0
5226900119970415    .0
5226900119970416    .0
5226900119970417    .0
5226900119970418    .0
5226900119970419    .0
5226900119970420    .0
5226900119970421    .0
5226900119970422    .0
5226900119970423    .0
5226900119970424    .0
5226900119970425   2.0
5226900119970426  10.8
5226900119970427   5.8
5226900119970428   5.4
5226900119970429   4.4
5226900119970430    .0
5226900119970501    .0
5226900119970502    .0
5226900119970503    .0
5226900119970504   4.6
5226900119970505  13.4
5226900119970506   6.2
5226900119970507   1.8
5226900119970508   7.2
5226900119970509   3.4
5226900119970510   5.8
5226900119970511   8.6
5226900119970512    .0
5226900119970513    .0
5226900119970514   9.4
5226900119970515    .0
5226900119970516    .0
5226900119970517   8.2
5226900119970518    .4
5226900119970519  19.8
5226900119970520    .0
5226900119970521   4.0
5226900119970522   1.6
5226900119970523    .0
5226900119970524    .0
5226900119970525    .0
5226900119970526    .0
5226900119970527    .0
5226900119970528    .0
5226900119970529    .0
5226900119970530    .0
5226900119970531    .0
5226900119970601    .8
5226900119970602    .0
5226900119970603    .0
5226900119970604    .6
5226900119970605   1.0
5226900119970606    .0
5226900119970607   2.4
5226900119970608   1.6
5226900119970609    .0
5226900119970610    .0
5226900119970611  10.6
5226900119970612   6.4
5226900119970613    .0
5226900119970614    .0
5226900119970615    .0
5226900119970616  12.2
5226900119970617   1.0
5226900119970618    .0
5226900119970619   2.4
5226900119970620   3.8
5226900119970621  13.0
5226900119970622   3.4
5226900119970623   5.0
5226900119970624    .0
5226900119970625   5.6
5226900119970626   2.4
5226900119970627    .6
5226900119970628   4.0
5226900119970629    .0
5226900119970630  13.8
5226900119970701  10.2
5226900119970702   6.2
5226900119970703   1.8
5226900119970704   9.2
5226900119970705    .0
5226900119970706    .2
5226900119970707    .0
5226900119970708    .0
5226900119970709    .0
5226900119970710    .0
5226900119970711    .0
5226900119970712   1.2
5226900119970713  31.6
5226900119970714   7.8
5226900119970715    .0
5226900119970716    .0
5226900119970717    .6
5226900119970718   9.8
5226900119970719   1.2
5226900119970720    .4
5226900119970721    .0
5226900119970722    .0
5226900119970723    .0
5226900119970724  16.6
5226900119970725   4.8
5226900119970726    .2
5226900119970727    .0
5226900119970728    .2
5226900119970729    .0
5226900119970730    .0
5226900119970731   5.0
5226900119970801   4.6
5226900119970802    .0
5226900119970803    .0
5226900119970804    .4
5226900119970805  34.0
5226900119970806  13.0
5226900119970807    .4
5226900119970808    .0
5226900119970809    .0
5226900119970810    .0
5226900119970811    .0
5226900119970812    .0
5226900119970813   4.0
5226900119970814    .0
5226900119970815    .0
5226900119970816    .0
5226900119970817    .0
5226900119970818    .2
5226900119970819    .0
5226900119970820    .0
5226900119970821    .0
5226900119970822    .0
5226900119970823    .0
5226900119970824    .0
5226900119970825   8.2
5226900119970826    .6
5226900119970827  18.2
5226900119970828   4.2
5226900119970829   1.2
5226900119970830   7.2
5226900119970831    .0
5226900119970901  13.2
5226900119970902   6.2
5226900119970903    .2
5226900119970904    .0
5226900119970905    .2
5226900119970906   1.2
5226900119970907    .2
5226900119970908    .0
5226900119970909    .4
5226900119970910    .0
5226900119970911    .0
5226900119970912  13.4
5226900119970913    .0
5226900119970914    .0
5226900119970915    .0
5226900119970916    .0
5226900119970917    .2
5226900119970918    .0
5226900119970919    .0
5226900119970920    .0
5226900119970921    .0
5226900119970922    .2
5226900119970923    .0
5226900119970924    .0
5226900119970925    .2
5226900119970926    .0
5226900119970927    .0
5226900119970928    .2
5226900119970929    .0
5226900119970930    .0
5226900119971001    .0
5226900119971002    .2
5226900119971003    .0
5226900119971004    .0
5226900119971005    .0
5226900119971006   1.6
5226900119971007   2.6
5226900119971008    .2
5226900119971009    .2
5226900119971010  12.0
5226900119971011  10.0
5226900119971012   4.2
5226900119971013    .4
5226900119971014   3.8
5226900119971015   4.4
5226900119971016    .0
5226900119971017    .2
5226900119971018    .0
5226900119971019    .2
5226900119971020    .8
5226900119971021    .4
5226900119971022    .0
5226900119971023    .0
5226900119971024    .0
5226900119971025    .0
5226900119971026    .0
5226900119971027    .0
5226900119971028    .0
5226900119971029    .0
5226900119971030    .0
5226900119971031    .0
5226900119971101    .0
5226900119971102    .0
5226900119971103    .0
5226900119971104   7.2
5226900119971105  21.4
5226900119971106  34.6
5226900119971107    .6
5226900119971108   6.8
5226900119971109   2.0
5226900119971110   1.8
5226900119971111   3.8
5226900119971112   3.8
5226900119971113    .0
5226900119971114   1.0
5226900119971115  12.8
5226900119971116   4.8
5226900119971117    .0
5226900119971118    .0
5226900119971119   5.0
5226900119971120   5.4
5226900119971121    .0
5226900119971122    .0
5226900119971123    .0
5226900119971124    .0
5226900119971125    .0
5226900119971126    .0
5226900119971127    .2
5226900119971128   3.0
5226900119971129   3.2
5226900119971130   3.0
5226900119971201   2.4
5226900119971202  11.2
5226900119971203   1.2
5226900119971204    .0
5226900119971205    .0
5226900119971206    .0
5226900119971207    .0
5226900119971208    .0
5226900119971209    .6
5226900119971210  10.2
5226900119971211  20.0
5226900119971212   5.0
5226900119971213    .4
5226900119971214    .2
5226900119971215    .0
5226900119971216    .2
5226900119971217   4.8
5226900119971218  18.4
5226900119971219   3.4
5226900119971220    .4
5226900119971221   1.0
5226900119971222    .0
5226900119971223   1.4
5226900119971224   2.2
5226900119971225    .4
5226900119971226   4.2
5226900119971227   3.2
5226900119971228    .0
5226900119971229    .0
5226900119971230    .4
5226900119971231   1.4
5226900119980101   5.0
5226900119980102  11.0
5226900119980103   7.4
5226900119980104   2.2
5226900119980105  11.2
5226900119980106   5.6
5226900119980107    .4
5226900119980108    .0
5226900119980109    .0
5226900119980110    .0
5226900119980111    .0
5226900119980112    .0
5226900119980113   1.0
5226900119980114    .8
5226900119980115   9.6
5226900119980116  13.4
5226900119980117    .0
5226900119980118  20.0
5226900119980119   4.2
5226900119980120   1.0
5226900119980121    .0
5226900119980122    .0
5226900119980123    .0
5226900119980124    .0
5226900119980125    .0
5226900119980126    .0
5226900119980127    .2
5226900119980128    .0
5226900119980129    .0
5226900119980130    .0
5226900119980131    .0
5226900119980201    .0
5226900119980202    .0
5226900119980203    .0
5226900119980204    .0
5226900119980205    .0
5226900119980206    .0
5226900119980207   1.8
5226900119980208    .0
5226900119980209    .0
5226900119980210    .0
5226900119980211    .0
5226900119980212    .0
5226900119980213    .0
5226900119980214    .0
5226900119980215    .0
5226900119980216    .0
5226900119980217    .2
5226900119980218    .0
5226900119980219    .0
5226900119980220    .0
5226900119980221   8.0
5226900119980222   4.2
5226900119980223    .0
5226900119980224    .0
5226900119980225    .0
5226900119980226    .0
5226900119980227    .0
5226900119980228   5.8
5226900119980301    .0
5226900119980302    .0
5226900119980303    .2
5226900119980304   4.8
5226900119980305    .0
5226900119980306   1.0
5226900119980307  11.0
5226900119980308   3.4
5226900119980309    .0
5226900119980310    .2
5226900119980311   3.6
5226900119980312    .2
5226900119980313    .0
5226900119980314    .2
5226900119980315    .0
5226900119980316    .0
5226900119980317    .0
5226900119980318    .0
5226900119980319    .0
5226900119980320    .0
5226900119980321    .0
5226900119980322    .0
5226900119980323   4.0
5226900119980324    .0
5226900119980325    .0
5226900119980326    .0
5226900119980327    .0
5226900119980328    .0
5226900119980329    .0
5226900119980330    .0
5226900119980331    .4
5226900119980401   1.8
5226900119980402  11.8
5226900119980403  18.6
5226900119980404   1.8
5226900119980405    .8
5226900119980406  14.4
5226900119980407   8.0
5226900119980408   6.6
5226900119980409   3.4
5226900119980410   4.2
5226900119980411    .0
5226900119980412   2.4
5226900119980413    .0
5226900119980414   1.6
5226900119980415   8.0
5226900119980416   4.8
5226900119980417  12.2
5226900119980418   6.2
5226900119980419    .0
5226900119980420   6.0
5226900119980421    .0
5226900119980422    .0
5226900119980423    .0
5226900119980424    .0
5226900119980425  17.8
5226900119980426  19.4
5226900119980427   6.6
5226900119980428    .2
5226900119980429    .0
5226900119980430   2.0
5226900119980501   1.6
5226900119980502   2.6
5226900119980503    .2
5226900119980504    .0
5226900119980505    .0
5226900119980506    .2
5226900119980507    .0
5226900119980508    .0
5226900119980509    .0
5226900119980510    .0
5226900119980511    .0
5226900119980512    .0
5226900119980513    .0
5226900119980514    .0
5226900119980515    .0
5226900119980516    .0
5226900119980517    .0
5226900119980518    .0
5226900119980519    .0
5226900119980520    .0
5226900119980521    .0
5226900119980522    .0
5226900119980523    .0
5226900119980524    .0
5226900119980525   2.2
5226900119980526   1.0
5226900119980527   1.2
5226900119980528   9.4
5226900119980529    .2
5226900119980530    .0
5226900119980531  14.8
5226900119980601    .0
5226900119980602   9.4
5226900119980603    .0
5226900119980604    .0
5226900119980605    .0
5226900119980606    .2
5226900119980607   7.2
5226900119980608    .0
5226900119980609  16.4
5226900119980610   2.4
5226900119980611   2.8
5226900119980612    .6
5226900119980613   4.8
5226900119980614   1.0
5226900119980615   3.2
5226900119980616    .0
5226900119980617    .0
5226900119980618    .0
5226900119980619    .0
5226900119980620    .0
5226900119980621    .0
5226900119980622    .0
5226900119980623    .0
5226900119980624    .0
5226900119980625    .2
5226900119980626    .0
5226900119980627    .0
5226900119980628    .0
5226900119980629    .0
5226900119980630   1.0
5226900119980701   1.6
5226900119980702    .0
5226900119980703    .0
5226900119980704    .0
5226900119980705    .0
5226900119980706    .0
5226900119980707    .0
5226900119980708    .2
5226900119980709    .6
5226900119980710   2.4
5226900119980711    .0
5226900119980712    .0
5226900119980713   6.2
5226900119980714    .0
5226900119980715    .0
5226900119980716   2.8
5226900119980717    .0
5226900119980718    .2
5226900119980719   1.2
5226900119980720    .0
5226900119980721    .0
5226900119980722    .0
5226900119980723    .2
5226900119980724    .8
5226900119980725    .0
5226900119980726   6.0
5226900119980727   1.2
5226900119980728   2.0
5226900119980729    .2
5226900119980730   3.0
5226900119980731    .0
5226900119980801   7.6
5226900119980802   2.2
5226900119980803    .0
5226900119980804    .2
5226900119980805    .0
5226900119980806    .0
5226900119980807    .0
5226900119980808    .0
5226900119980809    .0
5226900119980810    .0
5226900119980811    .0
5226900119980812    .6
5226900119980813    .0
5226900119980814    .0
5226900119980815    .0
5226900119980816    .0
5226900119980817   1.2
5226900119980818    .0
5226900119980819    .0
5226900119980820    .0
5226900119980821   6.2
5226900119980822   8.6
5226900119980823   6.4
5226900119980824   5.4
5226900119980825    .0
5226900119980826    .0
5226900119980827    .0
5226900119980828    .0
5226900119980829    .0
5226900119980830    .0
5226900119980831    .0
5226900119980901    .6
5226900119980902   9.0
5226900119980903   2.2
5226900119980904   2.8
5226900119980905  13.8
5226900119980906    .0
5226900119980907   3.4
5226900119980908    .6
5226900119980909    .4
5226900119980910  23.2
5226900119980911   8.6
5226900119980912   5.8
5226900119980913   9.8
5226900119980914   2.0
5226900119980915   7.0
5226900119980916    .0
5226900119980917    .0
5226900119980918    .0
5226900119980919    .0
5226900119980920    .0
5226900119980921    .0
5226900119980922    .0
5226900119980923    .0
5226900119980924    .2
5226900119980925    .0
5226900119980926   9.4
5226900119980927   1.2
5226900119980928   6.2
5226900119980929   2.0
5226900119980930   4.8
5226900119981001    .2
5226900119981002    .4
5226900119981003    .4
5226900119981004   4.2
5226900119981005    .0
5226900119981006   8.2
5226900119981007    .4
5226900119981008   1.0
5226900119981009    .0
5226900119981010   3.6
5226900119981011   9.0
5226900119981012   1.2
5226900119981013   1.4
5226900119981014   3.4
5226900119981015   2.4
5226900119981016    .2
5226900119981017   5.0
5226900119981018    .0
5226900119981019    .0
5226900119981020    .0
5226900119981021    .0
5226900119981022    .0
5226900119981023  11.2
5226900119981024  22.0
5226900119981025   1.2
5226900119981026   7.8
5226900119981027   2.6
5226900119981028  10.4
5226900119981029   9.2
5226900119981030   9.2
5226900119981031  16.2
5226900119981101    .2
5226900119981102   5.0
5226900119981103   4.0
5226900119981104   1.8
5226900119981105    .0
5226900119981106    .0
5226900119981107    .0
5226900119981108    .0
5226900119981109   3.2
5226900119981110   5.4
5226900119981111    .0
5226900119981112   2.2
5226900119981113   2.6
5226900119981114   4.8
5226900119981115   4.8
5226900119981116   1.4
5226900119981117    .2
5226900119981118    .0
5226900119981119    .2
5226900119981120    .0
5226900119981121    .0
5226900119981122    .0
5226900119981123    .0
5226900119981124    .0
5226900119981125   2.0
5226900119981126   4.6
5226900119981127    .8
5226900119981128   2.4
5226900119981129   3.6
5226900119981130    .0
5226900119981201    .0
5226900119981202    .0
5226900119981203    .0
5226900119981204   1.0
5226900119981205   1.0
5226900119981206    .0
5226900119981207    .0
5226900119981208    .0
5226900119981209   3.2
5226900119981210   8.4
5226900119981211    .4
5226900119981212   9.2
5226900119981213    .0
5226900119981214    .0
5226900119981215    .2
5226900119981216    .0
5226900119981217    .0
5226900119981218   2.6
5226900119981219   2.0
5226900119981220   1.0
5226900119981221    .0
5226900119981222    .0
5226900119981223    .2
5226900119981224   1.0
5226900119981225    .6
5226900119981226   1.4
5226900119981227    .0
5226900119981228    .4
5226900119981229    .0
5226900119981230    .0
5226900119981231    .0
