5244800119940101   6.8
5244800119940102   2.0
5244800119940103  11.7
5244800119940104   6.0
5244800119940105  10.8
5244800119940106   9.4
5244800119940107   4.6
5244800119940108    .0
5244800119940109    .0
5244800119940110   4.1
5244800119940111    .8
5244800119940112   4.4
5244800119940113   1.2
5244800119940114   2.4
5244800119940115    .8
5244800119940116    .1
5244800119940117    .0
5244800119940118    .0
5244800119940119   2.0
5244800119940120    .0
5244800119940121    .4
5244800119940122   1.0
5244800119940123  11.0
5244800119940124  14.8
5244800119940125  11.5
5244800119940126    .8
5244800119940127   7.3
5244800119940128    .0
5244800119940129    .0
5244800119940130    .6
5244800119940131    .0
5244800119940201    .6
5244800119940202  21.6
5244800119940203  17.6
5244800119940204    .4
5244800119940205    .2
5244800119940206    .2
5244800119940207   3.2
5244800119940208    .0
5244800119940209   1.6
5244800119940210    .0
5244800119940211    .0
5244800119940212    .0
5244800119940213    .0
5244800119940214    .7
5244800119940215    .2
5244800119940216    .0
5244800119940217    .0
5244800119940218    .0
5244800119940219    .0
5244800119940220  12.9
5244800119940221   1.8
5244800119940222   4.0
5244800119940223   3.8
5244800119940224   4.5
5244800119940225    .1
5244800119940226    .0
5244800119940227   3.3
5244800119940228   7.6
5244800119940301    .2
5244800119940302  10.0
5244800119940303   2.0
5244800119940304    .0
5244800119940305   3.0
5244800119940306    .0
5244800119940307   3.6
5244800119940308   4.2
5244800119940309    .2
5244800119940310    .0
5244800119940311   4.2
5244800119940312   2.0
5244800119940313   2.6
5244800119940314    .0
5244800119940315   5.4
5244800119940316    .8
5244800119940317   1.0
5244800119940318   4.1
5244800119940319  14.4
5244800119940320   8.4
5244800119940321   2.4
5244800119940322    .6
5244800119940323    .0
5244800119940324    .0
5244800119940325    .8
5244800119940326    .0
5244800119940327    .0
5244800119940328   1.4
5244800119940329    .0
5244800119940330   4.0
5244800119940331   7.4
5244800119940401   1.8
5244800119940402   8.3
5244800119940403   5.4
5244800119940404  15.2
5244800119940405   4.2
5244800119940406   2.2
5244800119940407   7.4
5244800119940408  15.8
5244800119940409   1.2
5244800119940410   2.6
5244800119940411   3.0
5244800119940412    .0
5244800119940413   1.0
5244800119940414    .2
5244800119940415    .0
5244800119940416    .0
5244800119940417   5.2
5244800119940418    .0
5244800119940419    .0
5244800119940420    .0
5244800119940421    .0
5244800119940422    .0
5244800119940423    .4
5244800119940424   3.4
5244800119940425   1.4
5244800119940426   1.5
5244800119940427   2.1
5244800119940428    .0
5244800119940429    .0
5244800119940430    .0
5244800119940501    .0
5244800119940502    .0
5244800119940503  12.0
5244800119940504   1.8
5244800119940505   4.2
5244800119940506    .8
5244800119940507   1.2
5244800119940508   2.8
5244800119940509    .0
5244800119940510    .0
5244800119940511    .0
5244800119940512    .0
5244800119940513   1.6
5244800119940514   7.2
5244800119940515    .0
5244800119940516   1.6
5244800119940517    .0
5244800119940518   6.6
5244800119940519    .4
5244800119940520   2.0
5244800119940521   2.4
5244800119940522  15.6
5244800119940523    .0
5244800119940524  11.6
5244800119940525    .7
5244800119940526   3.6
5244800119940527    .0
5244800119940528    .0
5244800119940529    .0
5244800119940530    .0
5244800119940531    .0
5244800119940601    .0
5244800119940602  17.4
5244800119940603  11.4
5244800119940604  15.0
5244800119940605    .0
5244800119940606   4.4
5244800119940607    .0
5244800119940608    .2
5244800119940609    .0
5244800119940610   4.6
5244800119940611   2.2
5244800119940612    .0
5244800119940613    .0
5244800119940614    .0
5244800119940615    .0
5244800119940616    .0
5244800119940617    .0
5244800119940618    .0
5244800119940619   6.7
5244800119940620    .0
5244800119940621    .0
5244800119940622    .0
5244800119940623    .0
5244800119940624  10.4
5244800119940625   2.2
5244800119940626    .6
5244800119940627    .0
5244800119940628    .0
5244800119940629    .0
5244800119940630    .0
5244800119940701    .0
5244800119940702    .0
5244800119940703    .0
5244800119940704    .0
5244800119940705    .0
5244800119940706    .0
5244800119940707   1.0
5244800119940708  10.4
5244800119940709    .0
5244800119940710    .0
5244800119940711    .0
5244800119940712    .0
5244800119940713    .0
5244800119940714    .0
5244800119940715    .0
5244800119940716    .0
5244800119940717   3.8
5244800119940718  22.2
5244800119940719  41.4
5244800119940720    .0
5244800119940721    .0
5244800119940722    .0
5244800119940723    .0
5244800119940724  17.0
5244800119940725    .0
5244800119940726    .0
5244800119940727    .0
5244800119940728    .0
5244800119940729    .0
5244800119940730   5.4
5244800119940731  34.8
5244800119940801    .2
5244800119940802    .0
5244800119940803    .0
5244800119940804    .0
5244800119940805    .0
5244800119940806   2.8
5244800119940807  29.8
5244800119940808   1.6
5244800119940809   9.8
5244800119940810    .8
5244800119940811  16.0
5244800119940812   3.0
5244800119940813    .0
5244800119940814    .0
5244800119940815    .0
5244800119940816    .0
5244800119940817   4.0
5244800119940818   4.8
5244800119940819  15.6
5244800119940820    .2
5244800119940821    .0
5244800119940822    .0
5244800119940823    .0
5244800119940824    .2
5244800119940825    .2
5244800119940826    .8
5244800119940827    .4
5244800119940828   1.0
5244800119940829    .0
5244800119940830    .0
5244800119940831    .2
5244800119940901    .2
5244800119940902    .2
5244800119940903    .0
5244800119940904    .0
5244800119940905   1.2
5244800119940906   4.8
5244800119940907  14.2
5244800119940908   5.2
5244800119940909  16.4
5244800119940910  13.4
5244800119940911  15.8
5244800119940912    .4
5244800119940913   8.0
5244800119940914   5.4
5244800119940915   6.0
5244800119940916    .8
5244800119940917   4.4
5244800119940918   2.2
5244800119940919    .2
5244800119940920   6.0
5244800119940921    .0
5244800119940922    .0
5244800119940923    .0
5244800119940924  19.2
5244800119940925    .0
5244800119940926    .0
5244800119940927    .0
5244800119940928    .0
5244800119940929    .0
5244800119940930    .0
5244800119941001    .0
5244800119941002   1.8
5244800119941003   1.6
5244800119941004    .0
5244800119941005    .0
5244800119941006    .0
5244800119941007    .0
5244800119941008    .0
5244800119941009    .0
5244800119941010    .0
5244800119941011    .0
5244800119941012    .0
5244800119941013    .0
5244800119941014    .0
5244800119941015    .0
5244800119941016    .0
5244800119941017    .0
5244800119941018    .0
5244800119941019   1.6
5244800119941020    .0
5244800119941021    .4
5244800119941022   9.4
5244800119941023   5.4
5244800119941024   3.6
5244800119941025  19.6
5244800119941026   4.8
5244800119941027  10.0
5244800119941028    .0
5244800119941029   6.6
5244800119941030   2.6
5244800119941031   4.0
5244800119941101    .0
5244800119941102    .0
5244800119941103    .0
5244800119941104    .0
5244800119941105   1.0
5244800119941106    .0
5244800119941107    .0
5244800119941108    .0
5244800119941109   2.8
5244800119941110    .0
5244800119941111    .0
5244800119941112   1.0
5244800119941113   1.4
5244800119941114    .0
5244800119941115   5.8
5244800119941116    .0
5244800119941117    .2
5244800119941118  12.6
5244800119941119   1.2
5244800119941120    .0
5244800119941121    .4
5244800119941122   2.0
5244800119941123    .4
5244800119941124    .0
5244800119941125    .0
5244800119941126    .8
5244800119941127    .0
5244800119941128    .0
5244800119941129    .0
5244800119941130    .0
5244800119941201    .0
5244800119941202    .0
5244800119941203   7.2
5244800119941204  18.8
5244800119941205   1.0
5244800119941206    .0
5244800119941207   2.8
5244800119941208   5.0
5244800119941209  10.4
5244800119941210   1.2
5244800119941211    .2
5244800119941212    .0
5244800119941213   1.2
5244800119941214    .0
5244800119941215    .0
5244800119941216   2.0
5244800119941217    .0
5244800119941218   3.0
5244800119941219   1.6
5244800119941220   1.4
5244800119941221    .0
5244800119941222    .2
5244800119941223    .0
5244800119941224    .0
5244800119941225    .0
5244800119941226   6.0
5244800119941227  22.0
5244800119941228   4.8
5244800119941229   9.0
5244800119941230   1.6
5244800119941231   5.6
5244800119950101   3.9
5244800119950102    .6
5244800119950103    .0
5244800119950104    .0
5244800119950105   1.0
5244800119950106   5.0
5244800119950107    .0
5244800119950108   5.8
5244800119950109   1.4
5244800119950110  22.6
5244800119950111   1.2
5244800119950112    .4
5244800119950113    .2
5244800119950114    .6
5244800119950115    .0
5244800119950116    .0
5244800119950117    .0
5244800119950118   5.2
5244800119950119    .2
5244800119950120   4.4
5244800119950121  18.2
5244800119950122  20.4
5244800119950123   1.4
5244800119950124  10.2
5244800119950125   7.4
5244800119950126   5.8
5244800119950127  12.4
5244800119950128   2.0
5244800119950129   4.4
5244800119950130   2.4
5244800119950131    .2
5244800119950201  11.0
5244800119950202    .6
5244800119950203    .0
5244800119950204   6.2
5244800119950205    .4
5244800119950206    .6
5244800119950207    .0
5244800119950208   6.6
5244800119950209   3.2
5244800119950210   4.8
5244800119950211   4.8
5244800119950212    .4
5244800119950213   8.8
5244800119950214   3.0
5244800119950215   5.0
5244800119950216   3.0
5244800119950217   3.2
5244800119950218    .4
5244800119950219   2.0
5244800119950220   1.6
5244800119950221   1.8
5244800119950222   2.4
5244800119950223   9.8
5244800119950224   7.2
5244800119950225   5.4
5244800119950226   1.0
5244800119950227   1.0
5244800119950228    .0
5244800119950301    .6
5244800119950302   7.2
5244800119950303    .6
5244800119950304    .0
5244800119950305  12.8
5244800119950306   1.4
5244800119950307    .2
5244800119950308   7.8
5244800119950309    .0
5244800119950310    .0
5244800119950311    .0
5244800119950312    .0
5244800119950313    .0
5244800119950314   7.2
5244800119950315   4.2
5244800119950316    .4
5244800119950317  13.2
5244800119950318  29.2
5244800119950319  10.0
5244800119950320    .0
5244800119950321    .0
5244800119950322    .0
5244800119950323    .0
5244800119950324    .0
5244800119950325    .2
5244800119950326   2.0
5244800119950327   7.4
5244800119950328  10.8
5244800119950329   1.6
5244800119950330    .0
5244800119950331   4.8
5244800119950401    .4
5244800119950402    .0
5244800119950403    .0
5244800119950404    .0
5244800119950405    .0
5244800119950406    .0
5244800119950407    .0
5244800119950408    .0
5244800119950409    .0
5244800119950410    .0
5244800119950411    .0
5244800119950412    .0
5244800119950413    .0
5244800119950414    .0
5244800119950415   2.2
5244800119950416    .6
5244800119950417   8.8
5244800119950418  15.4
5244800119950419   9.8
5244800119950420   1.8
5244800119950421  22.4
5244800119950422   1.0
5244800119950423    .0
5244800119950424   1.2
5244800119950425  13.2
5244800119950426   8.8
5244800119950427    .2
5244800119950428    .0
5244800119950429  11.6
5244800119950430    .0
5244800119950501    .0
5244800119950502    .0
5244800119950503    .0
5244800119950504    .0
5244800119950505    .0
5244800119950506    .0
5244800119950507    .0
5244800119950508    .0
5244800119950509    .0
5244800119950510    .0
5244800119950511    .0
5244800119950512    .0
5244800119950513    .0
5244800119950514    .0
5244800119950515    .0
5244800119950516  14.0
5244800119950517   6.6
5244800119950518  11.6
5244800119950519    .0
5244800119950520    .0
5244800119950521    .0
5244800119950522    .0
5244800119950523    .2
5244800119950524    .4
5244800119950525   6.6
5244800119950526    .0
5244800119950527    .0
5244800119950528   5.2
5244800119950529    .2
5244800119950530   2.6
5244800119950531   2.6
5244800119950601    .2
5244800119950602    .0
5244800119950603   8.4
5244800119950604  10.4
5244800119950605   9.4
5244800119950606    .0
5244800119950607   3.0
5244800119950608    .0
5244800119950609    .0
5244800119950610    .0
5244800119950611    .0
5244800119950612  14.8
5244800119950613  25.6
5244800119950614    .0
5244800119950615   3.0
5244800119950616    .0
5244800119950617   4.6
5244800119950618   2.6
5244800119950619    .0
5244800119950620    .0
5244800119950621    .0
5244800119950622    .0
5244800119950623    .0
5244800119950624    .0
5244800119950625    .0
5244800119950626    .0
5244800119950627    .0
5244800119950628    .0
5244800119950629    .0
5244800119950630    .0
5244800119950701    .0
5244800119950702  20.2
5244800119950703   1.2
5244800119950704    .0
5244800119950705    .0
5244800119950706    .0
5244800119950707    .0
5244800119950708    .0
5244800119950709    .0
5244800119950710   2.4
5244800119950711   5.4
5244800119950712    .0
5244800119950713    .0
5244800119950714    .4
5244800119950715   1.0
5244800119950716   9.8
5244800119950717    .0
5244800119950718    .0
5244800119950719    .0
5244800119950720    .0
5244800119950721    .0
5244800119950722  36.6
5244800119950723    .0
5244800119950724    .0
5244800119950725    .0
5244800119950726  12.4
5244800119950727   1.0
5244800119950728    .0
5244800119950729    .0
5244800119950730    .0
5244800119950731    .0
5244800119950801    .0
5244800119950802    .0
5244800119950803    .0
5244800119950804    .0
5244800119950805    .0
5244800119950806    .0
5244800119950807   7.2
5244800119950808   1.2
5244800119950809    .0
5244800119950810    .0
5244800119950811    .0
5244800119950812   2.0
5244800119950813    .0
5244800119950814    .0
5244800119950815    .0
5244800119950816    .0
5244800119950817    .0
5244800119950818    .0
5244800119950819    .0
5244800119950820    .0
5244800119950821    .0
5244800119950822    .0
5244800119950823   9.2
5244800119950824   2.2
5244800119950825   1.2
5244800119950826    .0
5244800119950827  11.6
5244800119950828   2.6
5244800119950829    .0
5244800119950830    .0
5244800119950831    .0
5244800119950901    .0
5244800119950902    .8
5244800119950903   9.0
5244800119950904   1.8
5244800119950905   3.0
5244800119950906    .2
5244800119950907  21.6
5244800119950908   3.2
5244800119950909   1.4
5244800119950910  12.4
5244800119950911   1.2
5244800119950912    .2
5244800119950913   1.2
5244800119950914   1.8
5244800119950915   5.8
5244800119950916  10.4
5244800119950917   6.2
5244800119950918   2.8
5244800119950919    .4
5244800119950920    .0
5244800119950921    .0
5244800119950922    .0
5244800119950923    .0
5244800119950924  13.4
5244800119950925    .8
5244800119950926    .0
5244800119950927  10.2
5244800119950928    .0
5244800119950929    .4
5244800119950930    .8
5244800119951001   2.4
5244800119951002   2.0
5244800119951003   5.4
5244800119951004   7.4
5244800119951005   3.0
5244800119951006    .0
5244800119951007    .0
5244800119951008    .0
5244800119951009    .0
5244800119951010    .0
5244800119951011    .0
5244800119951012    .0
5244800119951013    .0
5244800119951014    .0
5244800119951015    .0
5244800119951016    .0
5244800119951017    .0
5244800119951018    .2
5244800119951019    .0
5244800119951020    .0
5244800119951021    .0
5244800119951022    .0
5244800119951023    .0
5244800119951024    .0
5244800119951025    .6
5244800119951026    .0
5244800119951027    .2
5244800119951028  19.8
5244800119951029   5.4
5244800119951030    .0
5244800119951031    .0
5244800119951101   2.4
5244800119951102    .0
5244800119951103   1.4
5244800119951104    .0
5244800119951105    .0
5244800119951106    .0
5244800119951107    .0
5244800119951108    .0
5244800119951109    .0
5244800119951110    .0
5244800119951111    .0
5244800119951112    .0
5244800119951113    .0
5244800119951114    .0
5244800119951115   7.8
5244800119951116  16.2
5244800119951117   3.0
5244800119951118    .0
5244800119951119    .0
5244800119951120   1.0
5244800119951121    .8
5244800119951122   3.4
5244800119951123    .0
5244800119951124    .0
5244800119951125    .0
5244800119951126   8.2
5244800119951127   2.4
5244800119951128    .0
5244800119951129    .0
5244800119951130    .0
5244800119951201    .0
5244800119951202    .8
5244800119951203    .0
5244800119951204    .0
5244800119951205    .0
5244800119951206    .2
5244800119951207    .0
5244800119951208    .4
5244800119951209    .0
5244800119951210    .0
5244800119951211    .0
5244800119951212    .0
5244800119951213    .0
5244800119951214    .2
5244800119951215    .0
5244800119951216    .0
5244800119951217    .0
5244800119951218    .0
5244800119951219    .0
5244800119951220   6.5
5244800119951221   8.8
5244800119951222  11.8
5244800119951223   5.4
5244800119951224   6.8
5244800119951225    .0
5244800119951226    .0
5244800119951227    .0
5244800119951228    .0
5244800119951229    .0
5244800119951230   2.7
5244800119951231   1.6
5244800119960101    .0
5244800119960102    .0
5244800119960103    .0
5244800119960104    .0
5244800119960105    .0
5244800119960106   5.2
5244800119960107   1.7
5244800119960108    .0
5244800119960109   2.2
5244800119960110   1.6
5244800119960111    .6
5244800119960112    .6
5244800119960113    .0
5244800119960114    .0
5244800119960115    .0
5244800119960116    .0
5244800119960117    .0
5244800119960118    .0
5244800119960119    .0
5244800119960120    .0
5244800119960121    .0
5244800119960122   1.6
5244800119960123   3.6
5244800119960124    .0
5244800119960125    .2
5244800119960126    .3
5244800119960127    .0
5244800119960128    .0
5244800119960129    .2
5244800119960130    .0
5244800119960131    .0
5244800119960201   1.8
5244800119960202   1.6
5244800119960203    .0
5244800119960204    .0
5244800119960205    .0
5244800119960206    .2
5244800119960207    .3
5244800119960208    .2
5244800119960209    .4
5244800119960210    .8
5244800119960211    .2
5244800119960212  21.8
5244800119960213   1.7
5244800119960214    .0
5244800119960215    .1
5244800119960216    .9
5244800119960217    .4
5244800119960218  12.2
5244800119960219   7.4
5244800119960220   1.8
5244800119960221    .0
5244800119960222    .0
5244800119960223    .4
5244800119960224    .4
5244800119960225    .0
5244800119960226   6.8
5244800119960227   3.8
5244800119960228    .0
5244800119960229    .0
5244800119960301   2.4
5244800119960302    .0
5244800119960303    .0
5244800119960304    .2
5244800119960305    .6
5244800119960306    .6
5244800119960307    .8
5244800119960308    .0
5244800119960309    .0
5244800119960310    .0
5244800119960311    .0
5244800119960312    .0
5244800119960313    .0
5244800119960314    .0
5244800119960315    .0
5244800119960316    .0
5244800119960317    .0
5244800119960318    .0
5244800119960319    .0
5244800119960320    .6
5244800119960321   4.0
5244800119960322   8.4
5244800119960323    .0
5244800119960324    .0
5244800119960325    .4
5244800119960326    .8
5244800119960327    .0
5244800119960328    .4
5244800119960329    .8
5244800119960330    .0
5244800119960331    .0
5244800119960401    .0
5244800119960402    .0
5244800119960403    .0
5244800119960404    .2
5244800119960405    .0
5244800119960406    .0
5244800119960407    .0
5244800119960408    .0
5244800119960409    .0
5244800119960410    .2
5244800119960411    .0
5244800119960412   1.4
5244800119960413    .0
5244800119960414    .0
5244800119960415    .0
5244800119960416    .0
5244800119960417   2.0
5244800119960418    .0
5244800119960419    .0
5244800119960420    .0
5244800119960421    .0
5244800119960422   1.2
5244800119960423    .6
5244800119960424   6.3
5244800119960425    .0
5244800119960426    .0
5244800119960427    .0
5244800119960428    .4
5244800119960429    .0
5244800119960430    .0
5244800119960501    .0
5244800119960502   1.2
5244800119960503   6.8
5244800119960504    .0
5244800119960505    .0
5244800119960506    .0
5244800119960507   9.6
5244800119960508    .0
5244800119960509    .0
5244800119960510    .0
5244800119960511    .0
5244800119960512    .0
5244800119960513    .6
5244800119960514    .0
5244800119960515    .6
5244800119960516   7.4
5244800119960517  12.8
5244800119960518   2.2
5244800119960519   4.4
5244800119960520    .6
5244800119960521   1.6
5244800119960522   3.6
5244800119960523    .2
5244800119960524   1.0
5244800119960525  12.0
5244800119960526   3.2
5244800119960527  10.8
5244800119960528    .0
5244800119960529    .0
5244800119960530    .0
5244800119960531  13.0
5244800119960601    .2
5244800119960602    .0
5244800119960603    .0
5244800119960604    .0
5244800119960605    .0
5244800119960606    .0
5244800119960607    .0
5244800119960608    .0
5244800119960609    .0
5244800119960610    .0
5244800119960611    .0
5244800119960612    .0
5244800119960613    .0
5244800119960614    .0
5244800119960615    .0
5244800119960616    .0
5244800119960617    .0
5244800119960618    .0
5244800119960619   8.4
5244800119960620  10.2
5244800119960621   4.4
5244800119960622   1.2
5244800119960623    .0
5244800119960624    .0
5244800119960625    .0
5244800119960626    .0
5244800119960627    .0
5244800119960628    .0
5244800119960629   1.2
5244800119960630   2.2
5244800119960701    .2
5244800119960702    .0
5244800119960703  11.8
5244800119960704   6.4
5244800119960705  21.2
5244800119960706   5.2
5244800119960707   1.4
5244800119960708    .0
5244800119960709   1.4
5244800119960710   1.2
5244800119960711    .0
5244800119960712    .0
5244800119960713    .0
5244800119960714    .0
5244800119960715    .0
5244800119960716    .0
5244800119960717    .0
5244800119960718    .0
5244800119960719    .0
5244800119960720    .0
5244800119960721    .0
5244800119960722    .0
5244800119960723    .6
5244800119960724    .0
5244800119960725    .0
5244800119960726    .0
5244800119960727    .0
5244800119960728    .0
5244800119960729    .4
5244800119960730    .0
5244800119960731    .0
5244800119960801    .0
5244800119960802    .0
5244800119960803    .0
5244800119960804    .0
5244800119960805   2.6
5244800119960806    .0
5244800119960807    .0
5244800119960808    .0
5244800119960809    .0
5244800119960810  10.6
5244800119960811  18.1
5244800119960812   7.0
5244800119960813  36.2
5244800119960814    .4
5244800119960815    .0
5244800119960816    .0
5244800119960817    .0
5244800119960818    .0
5244800119960819    .0
5244800119960820   3.0
5244800119960821   2.8
5244800119960822   6.0
5244800119960823    .2
5244800119960824   1.0
5244800119960825    .4
5244800119960826    .2
5244800119960827   2.4
5244800119960828   1.6
5244800119960829   6.6
5244800119960830   2.6
5244800119960831    .0
5244800119960901    .0
5244800119960902    .0
5244800119960903    .0
5244800119960904    .0
5244800119960905    .0
5244800119960906    .0
5244800119960907    .0
5244800119960908    .0
5244800119960909    .0
5244800119960910    .0
5244800119960911    .0
5244800119960912   2.0
5244800119960913   1.4
5244800119960914    .0
5244800119960915    .0
5244800119960916    .0
5244800119960917    .0
5244800119960918   6.0
5244800119960919   5.2
5244800119960920    .6
5244800119960921    .0
5244800119960922    .0
5244800119960923    .4
5244800119960924    .0
5244800119960925    .0
5244800119960926   1.2
5244800119960927   5.8
5244800119960928    .0
5244800119960929    .0
5244800119960930   8.8
5244800119961001  27.5
5244800119961002    .0
5244800119961003    .0
5244800119961004   4.8
5244800119961005   3.0
5244800119961006    .0
5244800119961007    .0
5244800119961008    .0
5244800119961009   1.6
5244800119961010    .0
5244800119961011    .0
5244800119961012    .0
5244800119961013    .0
5244800119961014    .4
5244800119961015    .8
5244800119961016    .6
5244800119961017   3.0
5244800119961018    .2
5244800119961019    .0
5244800119961020   2.8
5244800119961021    .4
5244800119961022    .0
5244800119961023    .0
5244800119961024    .0
5244800119961025    .2
5244800119961026   3.0
5244800119961027    .0
5244800119961028    .4
5244800119961029   7.4
5244800119961030    .0
5244800119961031   3.8
5244800119961101    .6
5244800119961102    .0
5244800119961103    .0
5244800119961104  13.0
5244800119961105   1.2
5244800119961106  12.4
5244800119961107  13.6
5244800119961108    .2
5244800119961109    .0
5244800119961110   3.6
5244800119961111  18.6
5244800119961112  18.2
5244800119961113   1.0
5244800119961114    .0
5244800119961115    .0
5244800119961116    .0
5244800119961117   1.4
5244800119961118  16.2
5244800119961119   2.6
5244800119961120  10.6
5244800119961121   1.6
5244800119961122    .0
5244800119961123   3.0
5244800119961124   3.2
5244800119961125   9.2
5244800119961126    .4
5244800119961127   1.6
5244800119961128    .0
5244800119961129  28.6
5244800119961130   7.8
5244800119961201   2.2
5244800119961202    .2
5244800119961203   4.4
5244800119961204   6.6
5244800119961205   9.6
5244800119961206    .0
5244800119961207    .0
5244800119961208    .0
5244800119961209    .0
5244800119961210    .0
5244800119961211    .0
5244800119961212   1.8
5244800119961213    .8
5244800119961214    .0
5244800119961215    .0
5244800119961216    .0
5244800119961217  13.0
5244800119961218    .6
5244800119961219   2.2
5244800119961220    .4
5244800119961221   1.4
5244800119961222   5.0
5244800119961223   1.8
5244800119961224    .0
5244800119961225    .0
5244800119961226    .0
5244800119961227    .0
5244800119961228    .0
5244800119961229   2.6
5244800119961230   2.1
5244800119961231    .1
5244800119970101    .2
5244800119970102   1.4
5244800119970103    .0
5244800119970104   2.6
5244800119970105    .0
5244800119970106    .0
5244800119970107    .0
5244800119970108    .0
5244800119970109    .0
5244800119970110    .0
5244800119970111    .0
5244800119970112    .0
5244800119970113    .0
5244800119970114    .0
5244800119970115    .0
5244800119970116    .0
5244800119970117    .6
5244800119970118   4.2
5244800119970119   8.0
5244800119970120    .0
5244800119970121    .2
5244800119970122   7.2
5244800119970123   1.8
5244800119970124    .0
5244800119970125    .0
5244800119970126    .0
5244800119970127    .0
5244800119970128    .0
5244800119970129    .0
5244800119970130    .0
5244800119970131    .0
5244800119970201    .0
5244800119970202    .0
5244800119970203    .0
5244800119970204   2.8
5244800119970205   3.4
5244800119970206    .0
5244800119970207    .0
5244800119970208    .0
5244800119970209    .0
5244800119970210   2.6
5244800119970211   3.0
5244800119970212   2.6
5244800119970213   3.8
5244800119970214   5.8
5244800119970215    .0
5244800119970216    .4
5244800119970217   3.2
5244800119970218   8.8
5244800119970219    .0
5244800119970220    .0
5244800119970221    .0
5244800119970222    .0
5244800119970223   1.4
5244800119970224  11.9
5244800119970225  51.6
5244800119970226   2.8
5244800119970227    .0
5244800119970228    .0
5244800119970301    .0
5244800119970302   3.0
5244800119970303    .4
5244800119970304    .2
5244800119970305   1.4
5244800119970306    .2
5244800119970307    .0
5244800119970308    .0
5244800119970309    .0
5244800119970310    .0
5244800119970311    .0
5244800119970312    .0
5244800119970313    .0
5244800119970314   1.8
5244800119970315   1.2
5244800119970316    .0
5244800119970317    .0
5244800119970318    .4
5244800119970319   3.8
5244800119970320    .0
5244800119970321    .8
5244800119970322    .0
5244800119970323    .2
5244800119970324    .0
5244800119970325    .2
5244800119970326   1.4
5244800119970327    .6
5244800119970328    .0
5244800119970329    .0
5244800119970330    .0
5244800119970331    .0
5244800119970401    .0
5244800119970402    .0
5244800119970403    .0
5244800119970404    .0
5244800119970405    .0
5244800119970406    .0
5244800119970407    .0
5244800119970408    .0
5244800119970409    .0
5244800119970410    .0
5244800119970411    .0
5244800119970412    .0
5244800119970413    .0
5244800119970414    .0
5244800119970415    .0
5244800119970416    .0
5244800119970417    .0
5244800119970418    .0
5244800119970419    .0
5244800119970420    .0
5244800119970421    .0
5244800119970422    .0
5244800119970423    .0
5244800119970424    .0
5244800119970425   4.7
5244800119970426  15.6
5244800119970427   6.6
5244800119970428   1.8
5244800119970429   1.0
5244800119970430    .0
5244800119970501    .0
5244800119970502    .0
5244800119970503    .2
5244800119970504   7.0
5244800119970505  10.3
5244800119970506   6.8
5244800119970507   8.2
5244800119970508   4.0
5244800119970509   4.6
5244800119970510   3.0
5244800119970511   5.0
5244800119970512    .4
5244800119970513    .0
5244800119970514    .6
5244800119970515    .0
5244800119970516   2.6
5244800119970517   6.0
5244800119970518    .0
5244800119970519    .4
5244800119970520   3.4
5244800119970521   9.6
5244800119970522    .6
5244800119970523    .0
5244800119970524    .0
5244800119970525    .0
5244800119970526    .0
5244800119970527    .0
5244800119970528    .0
5244800119970529    .0
5244800119970530    .0
5244800119970531    .0
5244800119970601    .0
5244800119970602    .0
5244800119970603    .0
5244800119970604    .0
5244800119970605    .8
5244800119970606    .2
5244800119970607  13.0
5244800119970608   2.4
5244800119970609    .0
5244800119970610    .0
5244800119970611  26.2
5244800119970612   2.0
5244800119970613  13.0
5244800119970614   3.2
5244800119970615    .0
5244800119970616   2.2
5244800119970617  11.6
5244800119970618    .0
5244800119970619   6.4
5244800119970620   2.6
5244800119970621   2.4
5244800119970622   1.6
5244800119970623   7.5
5244800119970624    .6
5244800119970625   8.8
5244800119970626   6.4
5244800119970627   2.6
5244800119970628   9.8
5244800119970629    .2
5244800119970630  12.4
5244800119970701   5.0
5244800119970702   5.3
5244800119970703    .0
5244800119970704  13.7
5244800119970705    .0
5244800119970706    .6
5244800119970707    .0
5244800119970708    .0
5244800119970709    .0
5244800119970710    .0
5244800119970711    .0
5244800119970712    .0
5244800119970713    .0
5244800119970714    .0
5244800119970715    .0
5244800119970716    .0
5244800119970717   5.6
5244800119970718   4.6
5244800119970719    .2
5244800119970720   3.8
5244800119970721    .0
5244800119970722    .0
5244800119970723    .0
5244800119970724   1.8
5244800119970725   1.8
5244800119970726    .0
5244800119970727    .2
5244800119970728    .0
5244800119970729    .0
5244800119970730    .0
5244800119970731   6.2
5244800119970801   3.8
5244800119970802    .6
5244800119970803    .0
5244800119970804    .0
5244800119970805    .0
5244800119970806    .0
5244800119970807   3.8
5244800119970808    .0
5244800119970809    .2
5244800119970810    .0
5244800119970811    .0
5244800119970812    .0
5244800119970813    .0
5244800119970814    .2
5244800119970815    .0
5244800119970816    .0
5244800119970817    .0
5244800119970818    .0
5244800119970819    .2
5244800119970820    .0
5244800119970821    .0
5244800119970822    .0
5244800119970823    .0
5244800119970824    .0
5244800119970825    .4
5244800119970826   1.4
5244800119970827  23.0
5244800119970828   4.0
5244800119970829   1.8
5244800119970830   3.0
5244800119970831    .0
5244800119970901  11.8
5244800119970902    .4
5244800119970903    .2
5244800119970904    .0
5244800119970905    .0
5244800119970906    .2
5244800119970907    .0
5244800119970908    .2
5244800119970909    .2
5244800119970910    .0
5244800119970911    .0
5244800119970912   9.8
5244800119970913    .0
5244800119970914    .2
5244800119970915    .2
5244800119970916    .0
5244800119970917    .2
5244800119970918    .2
5244800119970919    .0
5244800119970920    .0
5244800119970921    .0
5244800119970922    .0
5244800119970923    .0
5244800119970924    .0
5244800119970925    .2
5244800119970926    .0
5244800119970927    .0
5244800119970928    .2
5244800119970929    .0
5244800119970930    .0
5244800119971001    .0
5244800119971002    .2
5244800119971003    .0
5244800119971004    .2
5244800119971005    .2
5244800119971006   6.6
5244800119971007   1.0
5244800119971008    .8
5244800119971009   1.4
5244800119971010   9.2
5244800119971011   5.8
5244800119971012   1.6
5244800119971013   3.0
5244800119971014   3.4
5244800119971015   5.2
5244800119971016    .4
5244800119971017    .2
5244800119971018    .2
5244800119971019    .2
5244800119971020    .2
5244800119971021    .0
5244800119971022    .0
5244800119971023    .0
5244800119971024    .0
5244800119971025    .2
5244800119971026    .0
5244800119971027    .2
5244800119971028    .0
5244800119971029    .0
5244800119971030    .0
5244800119971031    .0
5244800119971101    .0
5244800119971102    .2
5244800119971103    .0
5244800119971104  12.0
5244800119971105   7.8
5244800119971106  12.0
5244800119971107    .6
5244800119971108   5.6
5244800119971109    .4
5244800119971110   1.8
5244800119971111   3.6
5244800119971112   8.8
5244800119971113    .2
5244800119971114    .0
5244800119971115  14.4
5244800119971116   1.6
5244800119971117    .0
5244800119971118    .0
5244800119971119   4.8
5244800119971120   3.0
5244800119971121    .0
5244800119971122    .2
5244800119971123    .0
5244800119971124    .0
5244800119971125    .0
5244800119971126    .0
5244800119971127   2.4
5244800119971128   5.0
5244800119971129   1.4
5244800119971130   5.2
5244800119971201    .2
5244800119971202  11.2
5244800119971203   2.2
5244800119971204    .0
5244800119971205    .0
5244800119971206    .0
5244800119971207    .2
5244800119971208    .0
5244800119971209    .0
5244800119971210  11.1
5244800119971211   3.5
5244800119971212   1.6
5244800119971213    .2
5244800119971214    .8
5244800119971215    .0
5244800119971216    .6
5244800119971217   8.6
5244800119971218  15.9
5244800119971219    .0
5244800119971220   2.4
5244800119971221   2.4
5244800119971222    .0
5244800119971223   1.2
5244800119971224   3.2
5244800119971225   2.0
5244800119971226   3.4
5244800119971227   2.8
5244800119971228    .0
5244800119971229    .0
5244800119971230    .0
5244800119971231   2.2
5244800119980101   2.6
5244800119980102   4.4
5244800119980103   7.2
5244800119980104   3.8
5244800119980105   6.4
5244800119980106   1.6
5244800119980107    .2
5244800119980108    .0
5244800119980109    .0
5244800119980110    .0
5244800119980111    .0
5244800119980112    .0
5244800119980113   1.0
5244800119980114    .4
5244800119980115  12.8
5244800119980116   4.2
5244800119980117    .0
5244800119980118  25.6
5244800119980119   3.6
5244800119980120    .6
5244800119980121    .0
5244800119980122    .0
5244800119980123    .0
5244800119980124    .0
5244800119980125    .2
5244800119980126    .0
5244800119980127    .0
5244800119980128    .0
5244800119980129    .0
5244800119980130    .0
5244800119980131    .0
5244800119980201    .0
5244800119980202    .0
5244800119980203    .0
5244800119980204    .0
5244800119980205    .0
5244800119980206    .0
5244800119980207   1.0
5244800119980208    .0
5244800119980209    .0
5244800119980210    .0
5244800119980211    .0
5244800119980212    .0
5244800119980213    .2
5244800119980214    .0
5244800119980215    .2
5244800119980216    .0
5244800119980217    .0
5244800119980218    .2
5244800119980219    .2
5244800119980220    .0
5244800119980221   3.8
5244800119980222   3.6
5244800119980223    .2
5244800119980224    .0
5244800119980225    .0
5244800119980226    .2
5244800119980227   1.2
5244800119980228   1.0
5244800119980301    .0
5244800119980302    .0
5244800119980303    .0
5244800119980304  11.6
5244800119980305    .0
5244800119980306   1.2
5244800119980307   5.6
5244800119980308   2.0
5244800119980309    .0
5244800119980310    .6
5244800119980311   8.0
5244800119980312    .0
5244800119980313    .0
5244800119980314    .2
5244800119980315    .0
5244800119980316    .0
5244800119980317    .0
5244800119980318    .0
5244800119980319    .0
5244800119980320    .0
5244800119980321    .2
5244800119980322    .0
5244800119980323   2.2
5244800119980324    .2
5244800119980325    .0
5244800119980326    .8
5244800119980327    .2
5244800119980328    .0
5244800119980329    .0
5244800119980330    .0
5244800119980331    .0
5244800119980401    .0
5244800119980402  12.8
5244800119980403  24.6
5244800119980404    .8
5244800119980405   2.8
5244800119980406   7.4
5244800119980407   7.6
5244800119980408   4.4
5244800119980409   2.4
5244800119980410    .6
5244800119980411    .0
5244800119980412   3.4
5244800119980413    .0
5244800119980414   2.0
5244800119980415   7.8
5244800119980416   3.0
5244800119980417  13.8
5244800119980418  11.6
5244800119980419   1.2
5244800119980420   6.6
5244800119980421    .0
5244800119980422    .0
5244800119980423    .2
5244800119980424    .0
5244800119980425   9.2
5244800119980426  20.8
5244800119980427   6.8
5244800119980428    .6
5244800119980429    .0
5244800119980430    .0
5244800119980501   1.6
5244800119980502   6.6
5244800119980503    .0
5244800119980504    .2
5244800119980505    .2
5244800119980506    .0
5244800119980507    .0
5244800119980508    .0
5244800119980509    .0
5244800119980510    .0
5244800119980511    .0
5244800119980512    .0
5244800119980513    .0
5244800119980514    .0
5244800119980515    .0
5244800119980516    .0
5244800119980517    .0
5244800119980518    .0
5244800119980519    .0
5244800119980520    .0
5244800119980521    .0
5244800119980522    .0
5244800119980523    .0
5244800119980524    .4
5244800119980525   3.8
5244800119980526    .0
5244800119980527   2.6
5244800119980528   8.2
5244800119980529    .2
5244800119980530    .0
5244800119980531   2.0
5244800119980601   2.6
5244800119980602   6.0
5244800119980603    .0
5244800119980604    .0
5244800119980605    .0
5244800119980606    .4
5244800119980607  15.6
5244800119980608    .2
5244800119980609    .0
5244800119980610   2.0
5244800119980611  15.8
5244800119980612    .2
5244800119980613   2.0
5244800119980614   4.4
5244800119980615   5.0
5244800119980616    .2
5244800119980617    .0
5244800119980618    .0
5244800119980619    .0
5244800119980620    .0
5244800119980621    .0
5244800119980622    .0
5244800119980623    .0
5244800119980624    .0
5244800119980625    .4
5244800119980626    .0
5244800119980627    .4
5244800119980628    .0
5244800119980629    .0
5244800119980630   1.4
5244800119980701    .0
5244800119980702   1.6
5244800119980703    .0
5244800119980704    .0
5244800119980705    .0
5244800119980706    .0
5244800119980707    .4
5244800119980708    .0
5244800119980709   3.2
5244800119980710   1.2
5244800119980711    .4
5244800119980712    .0
5244800119980713  12.0
5244800119980714    .0
5244800119980715    .8
5244800119980716   2.6
5244800119980717   1.0
5244800119980718    .0
5244800119980719    .0
5244800119980720  12.2
5244800119980721   3.4
5244800119980722    .0
5244800119980723    .8
5244800119980724    .0
5244800119980725    .0
5244800119980726    .0
5244800119980727    .0
5244800119980728   3.6
5244800119980729   7.6
5244800119980730    .2
5244800119980731    .0
5244800119980801   1.0
5244800119980802   1.2
5244800119980803    .0
5244800119980804    .4
5244800119980805    .0
5244800119980806    .0
5244800119980807    .2
5244800119980808    .0
5244800119980809    .0
5244800119980810    .0
5244800119980811    .0
5244800119980812    .0
5244800119980813    .0
5244800119980814    .0
5244800119980815    .0
5244800119980816    .0
5244800119980817    .0
5244800119980818    .0
5244800119980819    .0
5244800119980820    .0
5244800119980821  14.0
5244800119980822   6.6
5244800119980823   7.4
5244800119980824    .6
5244800119980825    .0
5244800119980826    .0
5244800119980827    .0
5244800119980828    .2
5244800119980829    .0
5244800119980830    .0
5244800119980831    .0
5244800119980901    .6
5244800119980902   3.4
5244800119980903    .8
5244800119980904   3.0
5244800119980905   2.2
5244800119980906    .0
5244800119980907   7.8
5244800119980908    .8
5244800119980909   1.4
5244800119980910   8.6
5244800119980911  18.2
5244800119980912   8.2
5244800119980913   3.4
5244800119980914    .2
5244800119980915   5.2
5244800119980916    .6
5244800119980917    .0
5244800119980918    .0
5244800119980919    .0
5244800119980920    .0
5244800119980921    .0
5244800119980922    .0
5244800119980923    .0
5244800119980924    .0
5244800119980925    .0
5244800119980926   4.6
5244800119980927  17.4
5244800119980928    .2
5244800119980929   7.6
5244800119980930    .2
5244800119981001    .0
5244800119981002   3.0
5244800119981003    .0
5244800119981004   2.0
5244800119981005    .0
5244800119981006   5.4
5244800119981007    .4
5244800119981008   5.8
5244800119981009    .0
5244800119981010   2.6
5244800119981011   9.4
5244800119981012    .4
5244800119981013   6.8
5244800119981014   5.0
5244800119981015  11.4
5244800119981016    .4
5244800119981017   4.0
5244800119981018    .0
5244800119981019    .2
5244800119981020    .2
5244800119981021   1.4
5244800119981022   2.4
5244800119981023  12.6
5244800119981024  22.2
5244800119981025   2.2
5244800119981026   3.0
5244800119981027   1.0
5244800119981028  66.0
5244800119981029   2.6
5244800119981030   4.8
5244800119981031  16.0
5244800119981101    .8
5244800119981102   1.0
5244800119981103    .0
5244800119981104   1.8
5244800119981105    .0
5244800119981106    .6
5244800119981107    .2
5244800119981108    .0
5244800119981109   2.0
5244800119981110   1.8
5244800119981111    .2
5244800119981112   3.2
5244800119981113    .8
5244800119981114   5.6
5244800119981115    .4
5244800119981116    .6
5244800119981117    .2
5244800119981118    .2
5244800119981119   2.2
5244800119981120    .0
5244800119981121    .0
5244800119981122    .0
5244800119981123    .2
5244800119981124    .0
5244800119981125   1.6
5244800119981126   5.8
5244800119981127    .0
5244800119981128   5.0
5244800119981129   5.8
5244800119981130    .2
5244800119981201    .0
5244800119981202    .0
5244800119981203    .0
5244800119981204   1.6
5244800119981205    .4
5244800119981206    .0
5244800119981207    .2
5244800119981208   1.4
5244800119981209   3.6
5244800119981210   7.4
5244800119981211   3.4
5244800119981212  11.8
5244800119981213    .0
5244800119981214    .0
5244800119981215    .4
5244800119981216    .0
5244800119981217    .2
5244800119981218   8.6
5244800119981219   5.6
5244800119981220    .0
5244800119981221    .2
5244800119981222    .0
5244800119981223   1.0
5244800119981224    .8
5244800119981225   3.8
5244800119981226  15.3
5244800119981227   1.6
5244800119981228   4.0
5244800119981229    .0
5244800119981230    .6
5244800119981231    .0
