5446300119940101   1.8
5446300119940102    .8
5446300119940103   5.6
5446300119940104   5.2
5446300119940105   8.4
5446300119940106  21.6
5446300119940107   3.8
5446300119940108    .0
5446300119940109    .0
5446300119940110    .0
5446300119940111    .2
5446300119940112    .6
5446300119940113   1.8
5446300119940114    .6
5446300119940115    .0
5446300119940116    .0
5446300119940117    .0
5446300119940118    .0
5446300119940119   1.6
5446300119940120    .0
5446300119940121    .0
5446300119940122    .2
5446300119940123   4.6
5446300119940124   5.0
5446300119940125   7.6
5446300119940126   3.2
5446300119940127   5.6
5446300119940128   1.6
5446300119940129    .0
5446300119940130   1.6
5446300119940131    .0
5446300119940201   1.2
5446300119940202   9.2
5446300119940203   6.6
5446300119940204    .2
5446300119940205   2.4
5446300119940206   1.0
5446300119940207    .0
5446300119940208    .6
5446300119940209   1.4
5446300119940210    .4
5446300119940211    .0
5446300119940212    .0
5446300119940213    .8
5446300119940214    .2
5446300119940215    .0
5446300119940216    .0
5446300119940217    .0
5446300119940218    .0
5446300119940219    .0
5446300119940220   8.0
5446300119940221   1.6
5446300119940222   5.0
5446300119940223   2.2
5446300119940224   6.0
5446300119940225   2.4
5446300119940226    .0
5446300119940227   2.0
5446300119940228   2.0
5446300119940301    .6
5446300119940302   3.8
5446300119940303   2.0
5446300119940304    .0
5446300119940305    .8
5446300119940306    .0
5446300119940307    .6
5446300119940308   1.2
5446300119940309    .0
5446300119940310    .0
5446300119940311   4.6
5446300119940312   1.2
5446300119940313   2.0
5446300119940314    .0
5446300119940315    .2
5446300119940316   2.0
5446300119940317    .6
5446300119940318   3.6
5446300119940319   8.8
5446300119940320   6.2
5446300119940321   3.4
5446300119940322    .0
5446300119940323    .0
5446300119940324    .6
5446300119940325   2.0
5446300119940326    .0
5446300119940327    .0
5446300119940328    .6
5446300119940329   1.0
5446300119940330    .8
5446300119940331   9.0
5446300119940401   2.6
5446300119940402   1.2
5446300119940403   1.2
5446300119940404   7.2
5446300119940405   5.4
5446300119940406   2.4
5446300119940407   3.4
5446300119940408  15.1
5446300119940409   1.2
5446300119940410   5.6
5446300119940411    .2
5446300119940412   1.2
5446300119940413   2.4
5446300119940414    .0
5446300119940415    .0
5446300119940416   1.0
5446300119940417   2.0
5446300119940418    .0
5446300119940419    .0
5446300119940420    .0
5446300119940421    .0
5446300119940422    .0
5446300119940423    .0
5446300119940424   3.2
5446300119940425   1.8
5446300119940426    .0
5446300119940427   3.4
5446300119940428    .0
5446300119940429    .0
5446300119940430    .0
5446300119940501    .0
5446300119940502    .0
5446300119940503   8.4
5446300119940504   4.2
5446300119940505   2.2
5446300119940506    .6
5446300119940507    .0
5446300119940508   4.6
5446300119940509   3.2
5446300119940510    .2
5446300119940511    .8
5446300119940512    .0
5446300119940513    .2
5446300119940514   3.2
5446300119940515    .0
5446300119940516    .0
5446300119940517    .4
5446300119940518   5.8
5446300119940519   2.0
5446300119940520   6.8
5446300119940521   1.6
5446300119940522  14.2
5446300119940523    .0
5446300119940524   6.6
5446300119940525    .0
5446300119940526   2.6
5446300119940527    .0
5446300119940528    .0
5446300119940529    .0
5446300119940530    .0
5446300119940531    .0
5446300119940601    .0
5446300119940602  13.4
5446300119940603   2.8
5446300119940604  14.6
5446300119940605    .0
5446300119940606   2.2
5446300119940607    .0
5446300119940608  36.0
5446300119940609    .4
5446300119940610   2.0
5446300119940611   1.4
5446300119940612    .0
5446300119940613    .0
5446300119940614    .0
5446300119940615    .0
5446300119940616    .0
5446300119940617    .0
5446300119940618    .0
5446300119940619   2.4
5446300119940620    .0
5446300119940621    .0
5446300119940622    .0
5446300119940623    .0
5446300119940624    .0
5446300119940625    .0
5446300119940626    .0
5446300119940627    .0
5446300119940628    .0
5446300119940629   1.0
5446300119940630    .0
5446300119940701    .0
5446300119940702    .0
5446300119940703    .0
5446300119940704    .0
5446300119940705    .0
5446300119940706    .0
5446300119940707    .6
5446300119940708   6.2
5446300119940709    .0
5446300119940710    .0
5446300119940711    .0
5446300119940712    .0
5446300119940713    .8
5446300119940714   8.8
5446300119940715    .0
5446300119940716    .0
5446300119940717    .2
5446300119940718   1.2
5446300119940719   7.2
5446300119940720    .0
5446300119940721    .0
5446300119940722    .0
5446300119940723    .0
5446300119940724    .0
5446300119940725    .0
5446300119940726    .2
5446300119940727    .0
5446300119940728    .0
5446300119940729   7.0
5446300119940730   2.2
5446300119940731   6.8
5446300119940801   1.2
5446300119940802    .0
5446300119940803    .0
5446300119940804    .0
5446300119940805    .0
5446300119940806   3.0
5446300119940807  18.0
5446300119940808  12.0
5446300119940809   7.4
5446300119940810   2.4
5446300119940811   5.0
5446300119940812   4.2
5446300119940813    .0
5446300119940814    .0
5446300119940815    .0
5446300119940816    .0
5446300119940817   4.4
5446300119940818   1.8
5446300119940819  19.8
5446300119940820    .0
5446300119940821    .4
5446300119940822    .0
5446300119940823    .4
5446300119940824    .2
5446300119940825    .0
5446300119940826   1.0
5446300119940827    .0
5446300119940828    .0
5446300119940829    .0
5446300119940830    .0
5446300119940831    .0
5446300119940901    .0
5446300119940902    .0
5446300119940903    .0
5446300119940904    .0
5446300119940905   4.2
5446300119940906   6.8
5446300119940907  16.4
5446300119940908  10.2
5446300119940909   6.8
5446300119940910  14.6
5446300119940911  12.0
5446300119940912   8.0
5446300119940913  12.2
5446300119940914   6.4
5446300119940915  13.2
5446300119940916    .8
5446300119940917   2.8
5446300119940918    .8
5446300119940919   2.6
5446300119940920   6.8
5446300119940921    .0
5446300119940922    .0
5446300119940923    .0
5446300119940924   5.4
5446300119940925    .0
5446300119940926    .0
5446300119940927    .0
5446300119940928    .0
5446300119940929    .0
5446300119940930    .0
5446300119941001    .2
5446300119941002    .8
5446300119941003   2.4
5446300119941004    .0
5446300119941005    .0
5446300119941006    .0
5446300119941007    .0
5446300119941008    .0
5446300119941009    .0
5446300119941010    .0
5446300119941011    .0
5446300119941012    .0
5446300119941013    .0
5446300119941014    .0
5446300119941015    .0
5446300119941016    .0
5446300119941017    .0
5446300119941018    .0
5446300119941019    .0
5446300119941020    .0
5446300119941021    .2
5446300119941022   6.0
5446300119941023   5.0
5446300119941024   3.6
5446300119941025  18.6
5446300119941026   7.0
5446300119941027   3.4
5446300119941028   2.6
5446300119941029   4.2
5446300119941030   6.6
5446300119941031   3.0
5446300119941101    .0
5446300119941102    .0
5446300119941103    .0
5446300119941104    .0
5446300119941105    .0
5446300119941106    .6
5446300119941107    .0
5446300119941108    .0
5446300119941109   6.4
5446300119941110   1.4
5446300119941111    .0
5446300119941112    .2
5446300119941113    .8
5446300119941114    .0
5446300119941115   5.2
5446300119941116    .0
5446300119941117    .8
5446300119941118   1.6
5446300119941119   1.2
5446300119941120    .2
5446300119941121    .4
5446300119941122   1.4
5446300119941123    .0
5446300119941124    .0
5446300119941125    .0
5446300119941126   3.2
5446300119941127    .0
5446300119941128    .0
5446300119941129    .0
5446300119941130    .0
5446300119941201    .0
5446300119941202    .0
5446300119941203   3.6
5446300119941204  12.2
5446300119941205   1.6
5446300119941206    .0
5446300119941207    .4
5446300119941208   7.8
5446300119941209   8.0
5446300119941210    .2
5446300119941211    .4
5446300119941212    .0
5446300119941213    .8
5446300119941214    .0
5446300119941215    .0
5446300119941216    .4
5446300119941217    .0
5446300119941218    .6
5446300119941219    .8
5446300119941220    .0
5446300119941221    .0
5446300119941222    .0
5446300119941223    .0
5446300119941224    .0
5446300119941225    .0
5446300119941226   6.0
5446300119941227  25.0
5446300119941228   4.6
5446300119941229   4.2
5446300119941230   3.0
5446300119941231   6.2
5446300119950101   2.4
5446300119950102   1.0
5446300119950103    .2
5446300119950104    .0
5446300119950105    .0
5446300119950106    .2
5446300119950107    .0
5446300119950108   2.8
5446300119950109   4.0
5446300119950110  12.6
5446300119950111    .4
5446300119950112    .0
5446300119950113    .0
5446300119950114    .8
5446300119950115    .0
5446300119950116    .0
5446300119950117    .0
5446300119950118   6.0
5446300119950119    .0
5446300119950120    .2
5446300119950121  12.2
5446300119950122  35.0
5446300119950123   1.0
5446300119950124   9.2
5446300119950125  11.2
5446300119950126   3.4
5446300119950127   6.6
5446300119950128   4.4
5446300119950129   7.8
5446300119950130   4.2
5446300119950131    .0
5446300119950201    .8
5446300119950202    .0
5446300119950203    .0
5446300119950204   1.6
5446300119950205    .4
5446300119950206    .2
5446300119950207    .0
5446300119950208   5.0
5446300119950209   3.6
5446300119950210   1.2
5446300119950211   3.8
5446300119950212    .0
5446300119950213   3.8
5446300119950214    .0
5446300119950215   8.4
5446300119950216   4.8
5446300119950217   2.2
5446300119950218   3.4
5446300119950219    .6
5446300119950220    .4
5446300119950221   3.2
5446300119950222   1.2
5446300119950223   4.0
5446300119950224   8.0
5446300119950225   4.4
5446300119950226    .6
5446300119950227    .0
5446300119950228    .0
5446300119950301   1.0
5446300119950302   4.0
5446300119950303   2.2
5446300119950304   1.4
5446300119950305   4.6
5446300119950306   1.6
5446300119950307    .4
5446300119950308   3.0
5446300119950309    .0
5446300119950310    .0
5446300119950311    .0
5446300119950312    .0
5446300119950313    .0
5446300119950314   1.4
5446300119950315   3.0
5446300119950316    .4
5446300119950317  13.4
5446300119950318  22.4
5446300119950319  11.0
5446300119950320   2.6
5446300119950321    .2
5446300119950322    .0
5446300119950323    .0
5446300119950324    .0
5446300119950325   3.6
5446300119950326   3.2
5446300119950327   7.4
5446300119950328   4.4
5446300119950329    .0
5446300119950330    .0
5446300119950331   2.0
5446300119950401    .0
5446300119950402    .0
5446300119950403    .0
5446300119950404    .0
5446300119950405    .0
5446300119950406    .0
5446300119950407    .0
5446300119950408    .0
5446300119950409    .0
5446300119950410   1.8
5446300119950411    .0
5446300119950412    .0
5446300119950413    .0
5446300119950414    .0
5446300119950415   1.4
5446300119950416    .0
5446300119950417   9.0
5446300119950418  11.8
5446300119950419  11.6
5446300119950420    .0
5446300119950421    .8
5446300119950422    .0
5446300119950423    .0
5446300119950424    .0
5446300119950425  10.8
5446300119950426   3.6
5446300119950427    .0
5446300119950428    .0
5446300119950429   5.4
5446300119950430    .0
5446300119950501    .0
5446300119950502    .0
5446300119950503    .0
5446300119950504    .0
5446300119950505    .0
5446300119950506    .0
5446300119950507    .0
5446300119950508    .0
5446300119950509    .0
5446300119950510    .0
5446300119950511    .0
5446300119950512    .0
5446300119950513    .6
5446300119950514    .0
5446300119950515    .0
5446300119950516  16.0
5446300119950517   6.6
5446300119950518  12.4
5446300119950519    .0
5446300119950520    .0
5446300119950521    .0
5446300119950522    .0
5446300119950523    .0
5446300119950524    .0
5446300119950525   6.6
5446300119950526   5.2
5446300119950527   1.2
5446300119950528   6.4
5446300119950529    .4
5446300119950530   4.6
5446300119950531   1.2
5446300119950601    .0
5446300119950602   1.4
5446300119950603   5.2
5446300119950604   4.8
5446300119950605    .6
5446300119950606    .0
5446300119950607   2.4
5446300119950608    .0
5446300119950609    .0
5446300119950610    .0
5446300119950611    .4
5446300119950612   4.4
5446300119950613   4.4
5446300119950614   2.6
5446300119950615   5.2
5446300119950616   1.2
5446300119950617   1.0
5446300119950618    .6
5446300119950619    .0
5446300119950620    .0
5446300119950621   6.0
5446300119950622    .0
5446300119950623    .0
5446300119950624    .0
5446300119950625    .0
5446300119950626    .0
5446300119950627    .0
5446300119950628    .0
5446300119950629    .0
5446300119950630    .0
5446300119950701    .0
5446300119950702   2.4
5446300119950703   2.6
5446300119950704    .2
5446300119950705    .0
5446300119950706    .0
5446300119950707    .0
5446300119950708    .0
5446300119950709    .0
5446300119950710    .8
5446300119950711    .2
5446300119950712    .0
5446300119950713    .0
5446300119950714   2.2
5446300119950715   1.2
5446300119950716    .0
5446300119950717    .0
5446300119950718    .0
5446300119950719    .0
5446300119950720    .0
5446300119950721   6.0
5446300119950722  65.2
5446300119950723    .0
5446300119950724    .0
5446300119950725    .0
5446300119950726   9.8
5446300119950727   1.4
5446300119950728    .0
5446300119950729    .0
5446300119950730    .0
5446300119950731    .0
5446300119950801    .0
5446300119950802    .0
5446300119950803    .0
5446300119950804    .0
5446300119950805    .0
5446300119950806    .0
5446300119950807   1.8
5446300119950808    .0
5446300119950809    .0
5446300119950810    .0
5446300119950811    .0
5446300119950812    .0
5446300119950813    .0
5446300119950814    .2
5446300119950815    .0
5446300119950816    .0
5446300119950817    .0
5446300119950818    .0
5446300119950819    .0
5446300119950820    .0
5446300119950821    .0
5446300119950822    .0
5446300119950823   5.8
5446300119950824    .4
5446300119950825    .4
5446300119950826    .0
5446300119950827  19.2
5446300119950828   1.4
5446300119950829    .6
5446300119950830   2.0
5446300119950831    .0
5446300119950901    .0
5446300119950902    .6
5446300119950903   7.2
5446300119950904    .0
5446300119950905   1.4
5446300119950906    .0
5446300119950907   8.6
5446300119950908   7.2
5446300119950909    .4
5446300119950910   3.8
5446300119950911    .2
5446300119950912   1.4
5446300119950913   6.8
5446300119950914    .2
5446300119950915   2.0
5446300119950916    .4
5446300119950917    .0
5446300119950918    .0
5446300119950919   9.0
5446300119950920    .4
5446300119950921    .0
5446300119950922    .0
5446300119950923    .0
5446300119950924  10.6
5446300119950925    .0
5446300119950926    .0
5446300119950927  11.0
5446300119950928    .0
5446300119950929    .0
5446300119950930    .2
5446300119951001   2.4
5446300119951002   1.2
5446300119951003   5.4
5446300119951004   3.8
5446300119951005   4.4
5446300119951006    .0
5446300119951007    .0
5446300119951008    .0
5446300119951009    .0
5446300119951010    .0
5446300119951011    .0
5446300119951012    .0
5446300119951013    .0
5446300119951014    .0
5446300119951015    .0
5446300119951016    .0
5446300119951017    .2
5446300119951018    .4
5446300119951019    .0
5446300119951020    .0
5446300119951021    .0
5446300119951022    .0
5446300119951023    .0
5446300119951024    .0
5446300119951025   1.0
5446300119951026    .0
5446300119951027   1.4
5446300119951028  17.2
5446300119951029   2.8
5446300119951030    .0
5446300119951031    .0
5446300119951101   5.8
5446300119951102    .0
5446300119951103   1.4
5446300119951104    .0
5446300119951105    .0
5446300119951106    .0
5446300119951107    .0
5446300119951108    .8
5446300119951109    .0
5446300119951110    .0
5446300119951111    .0
5446300119951112    .0
5446300119951113    .0
5446300119951114    .2
5446300119951115   6.4
5446300119951116  20.2
5446300119951117   1.8
5446300119951118    .0
5446300119951119    .6
5446300119951120    .0
5446300119951121    .0
5446300119951122    .4
5446300119951123    .0
5446300119951124    .0
5446300119951125    .0
5446300119951126    .0
5446300119951127   1.8
5446300119951128    .0
5446300119951129    .0
5446300119951130    .0
5446300119951201    .0
5446300119951202   1.8
5446300119951203    .0
5446300119951204    .0
5446300119951205    .4
5446300119951206    .0
5446300119951207   1.2
5446300119951208    .6
5446300119951209    .0
5446300119951210    .0
5446300119951211    .0
5446300119951212    .0
5446300119951213    .0
5446300119951214   2.6
5446300119951215    .0
5446300119951216    .0
5446300119951217    .2
5446300119951218    .0
5446300119951219    .2
5446300119951220  11.4
5446300119951221   4.0
5446300119951222   9.6
5446300119951223   8.4
5446300119951224   5.2
5446300119951225    .0
5446300119951226    .0
5446300119951227    .2
5446300119951228    .0
5446300119951229    .0
5446300119951230   2.8
5446300119951231   1.0
5446300119960101    .0
5446300119960102    .0
5446300119960103    .0
5446300119960104    .0
5446300119960105    .0
5446300119960106   1.8
5446300119960107    .0
5446300119960108    .0
5446300119960109   3.0
5446300119960110    .2
5446300119960111    .4
5446300119960112   1.4
5446300119960113    .0
5446300119960114    .0
5446300119960115    .0
5446300119960116    .0
5446300119960117    .0
5446300119960118    .0
5446300119960119    .0
5446300119960120    .0
5446300119960121    .0
5446300119960122    .0
5446300119960123   1.4
5446300119960124    .0
5446300119960125    .8
5446300119960126   1.2
5446300119960127    .0
5446300119960128    .0
5446300119960129    .0
5446300119960130    .0
5446300119960131    .0
5446300119960201   3.2
5446300119960202    .4
5446300119960203    .0
5446300119960204    .2
5446300119960205    .0
5446300119960206    .0
5446300119960207    .0
5446300119960208   2.4
5446300119960209    .0
5446300119960210   1.2
5446300119960211   1.0
5446300119960212  17.6
5446300119960213   1.6
5446300119960214    .0
5446300119960215    .0
5446300119960216   1.6
5446300119960217   1.0
5446300119960218   9.0
5446300119960219   4.6
5446300119960220   1.2
5446300119960221    .6
5446300119960222    .0
5446300119960223   1.8
5446300119960224    .4
5446300119960225    .0
5446300119960226    .2
5446300119960227    .0
5446300119960228    .0
5446300119960229    .0
5446300119960301    .2
5446300119960302    .0
5446300119960303    .0
5446300119960304    .0
5446300119960305    .0
5446300119960306    .0
5446300119960307   1.8
5446300119960308    .0
5446300119960309    .0
5446300119960310    .0
5446300119960311    .0
5446300119960312    .0
5446300119960313    .0
5446300119960314    .0
5446300119960315    .0
5446300119960316    .0
5446300119960317    .0
5446300119960318    .0
5446300119960319    .0
5446300119960320   3.2
5446300119960321   6.6
5446300119960322   7.0
5446300119960323    .0
5446300119960324    .0
5446300119960325    .0
5446300119960326   2.0
5446300119960327    .0
5446300119960328    .4
5446300119960329    .2
5446300119960330    .6
5446300119960331    .0
5446300119960401    .0
5446300119960402    .0
5446300119960403    .0
5446300119960404    .4
5446300119960405    .0
5446300119960406    .0
5446300119960407    .0
5446300119960408    .0
5446300119960409    .0
5446300119960410    .6
5446300119960411    .0
5446300119960412   1.6
5446300119960413    .0
5446300119960414    .0
5446300119960415    .0
5446300119960416    .0
5446300119960417    .0
5446300119960418    .0
5446300119960419    .0
5446300119960420    .0
5446300119960421    .0
5446300119960422   3.0
5446300119960423    .6
5446300119960424   1.6
5446300119960425    .0
5446300119960426    .0
5446300119960427    .0
5446300119960428    .2
5446300119960429    .0
5446300119960430    .2
5446300119960501    .8
5446300119960502   6.6
5446300119960503  12.6
5446300119960504    .0
5446300119960505    .0
5446300119960506    .0
5446300119960507    .0
5446300119960508    .0
5446300119960509    .0
5446300119960510    .0
5446300119960511    .0
5446300119960512    .6
5446300119960513   1.0
5446300119960514    .6
5446300119960515   2.2
5446300119960516   5.8
5446300119960517   7.8
5446300119960518  16.6
5446300119960519  11.0
5446300119960520   3.0
5446300119960521   1.6
5446300119960522    .6
5446300119960523    .2
5446300119960524   1.8
5446300119960525   3.4
5446300119960526   5.8
5446300119960527   4.4
5446300119960528    .0
5446300119960529    .0
5446300119960530    .0
5446300119960531   4.8
5446300119960601   1.2
5446300119960602   1.2
5446300119960603    .0
5446300119960604    .0
5446300119960605    .0
5446300119960606    .0
5446300119960607    .0
5446300119960608    .6
5446300119960609    .0
5446300119960610    .2
5446300119960611    .0
5446300119960612    .0
5446300119960613    .0
5446300119960614    .0
5446300119960615    .0
5446300119960616    .0
5446300119960617    .0
5446300119960618    .0
5446300119960619   7.0
5446300119960620   6.0
5446300119960621   2.4
5446300119960622   1.0
5446300119960623    .0
5446300119960624    .4
5446300119960625    .0
5446300119960626    .0
5446300119960627    .0
5446300119960628    .0
5446300119960629    .8
5446300119960630   3.4
5446300119960701    .6
5446300119960702    .0
5446300119960703   5.8
5446300119960704   6.8
5446300119960705  14.0
5446300119960706   3.4
5446300119960707   9.4
5446300119960708    .2
5446300119960709   1.4
5446300119960710    .8
5446300119960711    .0
5446300119960712    .0
5446300119960713    .0
5446300119960714    .0
5446300119960715    .0
5446300119960716    .0
5446300119960717    .0
5446300119960718    .0
5446300119960719    .0
5446300119960720    .0
5446300119960721    .0
5446300119960722    .0
5446300119960723   9.8
5446300119960724    .0
5446300119960725    .0
5446300119960726    .0
5446300119960727    .0
5446300119960728    .0
5446300119960729   5.6
5446300119960730    .0
5446300119960731    .0
5446300119960801    .0
5446300119960802    .0
5446300119960803    .0
5446300119960804    .0
5446300119960805    .4
5446300119960806    .0
5446300119960807    .0
5446300119960808    .0
5446300119960809    .0
5446300119960810   7.4
5446300119960811   8.4
5446300119960812   1.0
5446300119960813  16.8
5446300119960814    .2
5446300119960815    .0
5446300119960816    .0
5446300119960817    .0
5446300119960818    .0
5446300119960819    .0
5446300119960820  10.0
5446300119960821   3.8
5446300119960822    .0
5446300119960823    .2
5446300119960824    .0
5446300119960825    .0
5446300119960826    .2
5446300119960827   6.6
5446300119960828   3.0
5446300119960829   1.4
5446300119960830   3.2
5446300119960831    .2
5446300119960901    .0
5446300119960902    .0
5446300119960903    .0
5446300119960904    .0
5446300119960905    .0
5446300119960906    .0
5446300119960907    .0
5446300119960908    .0
5446300119960909    .0
5446300119960910    .0
5446300119960911    .0
5446300119960912   4.0
5446300119960913    .0
5446300119960914    .2
5446300119960915    .0
5446300119960916    .0
5446300119960917    .0
5446300119960918   1.4
5446300119960919    .4
5446300119960920   4.8
5446300119960921    .0
5446300119960922    .0
5446300119960923    .2
5446300119960924   6.6
5446300119960925    .0
5446300119960926    .2
5446300119960927   1.6
5446300119960928    .0
5446300119960929    .0
5446300119960930   1.8
5446300119961001  26.4
5446300119961002   2.6
5446300119961003    .0
5446300119961004   3.6
5446300119961005   1.4
5446300119961006    .0
5446300119961007    .0
5446300119961008    .0
5446300119961009    .0
5446300119961010    .0
5446300119961011    .0
5446300119961012    .0
5446300119961013    .0
5446300119961014    .0
5446300119961015   3.8
5446300119961016    .0
5446300119961017   8.8
5446300119961018   3.4
5446300119961019    .8
5446300119961020   2.6
5446300119961021   2.0
5446300119961022    .0
5446300119961023    .0
5446300119961024    .0
5446300119961025    .0
5446300119961026    .4
5446300119961027    .0
5446300119961028    .4
5446300119961029   7.0
5446300119961030    .0
5446300119961031   3.2
5446300119961101   2.6
5446300119961102    .0
5446300119961103    .0
5446300119961104   4.0
5446300119961105    .8
5446300119961106  15.8
5446300119961107  16.0
5446300119961108   1.8
5446300119961109    .0
5446300119961110   4.0
5446300119961111  17.6
5446300119961112  47.2
5446300119961113   1.6
5446300119961114    .0
5446300119961115    .0
5446300119961116    .0
5446300119961117    .0
5446300119961118  16.4
5446300119961119   1.4
5446300119961120   9.4
5446300119961121   4.8
5446300119961122    .0
5446300119961123   1.4
5446300119961124    .6
5446300119961125  12.8
5446300119961126    .8
5446300119961127    .0
5446300119961128    .0
5446300119961129  18.6
5446300119961130   1.0
5446300119961201    .0
5446300119961202    .0
5446300119961203    .0
5446300119961204    .4
5446300119961205    .6
5446300119961206    .0
5446300119961207    .0
5446300119961208    .0
5446300119961209    .0
5446300119961210    .0
5446300119961211    .0
5446300119961212   3.0
5446300119961213   1.6
5446300119961214    .0
5446300119961215    .0
5446300119961216    .0
5446300119961217  10.4
5446300119961218    .0
5446300119961219    .0
5446300119961220   3.8
5446300119961221   4.2
5446300119961222   5.4
5446300119961223   7.6
5446300119961224    .0
5446300119961225    .0
5446300119961226    .0
5446300119961227    .0
5446300119961228    .0
5446300119961229   2.2
5446300119961230   1.2
5446300119961231    .0
5446300119970101    .0
5446300119970102    .4
5446300119970103    .0
5446300119970104   2.8
5446300119970105    .0
5446300119970106    .0
5446300119970107    .0
5446300119970108    .0
5446300119970109    .0
5446300119970110    .0
5446300119970111    .0
5446300119970112    .0
5446300119970113    .0
5446300119970114    .0
5446300119970115    .0
5446300119970116    .0
5446300119970117    .2
5446300119970118   4.4
5446300119970119  11.0
5446300119970120    .0
5446300119970121    .2
5446300119970122   1.8
5446300119970123    .0
5446300119970124    .0
5446300119970125    .0
5446300119970126    .0
5446300119970127    .0
5446300119970128    .0
5446300119970129    .0
5446300119970130    .0
5446300119970131    .0
5446300119970201    .0
5446300119970202    .0
5446300119970203    .0
5446300119970204   1.0
5446300119970205   4.2
5446300119970206    .0
5446300119970207    .0
5446300119970208    .0
5446300119970209    .0
5446300119970210   1.8
5446300119970211   4.0
5446300119970212   3.4
5446300119970213   6.4
5446300119970214  15.2
5446300119970215    .0
5446300119970216    .0
5446300119970217   1.8
5446300119970218   8.8
5446300119970219    .4
5446300119970220    .0
5446300119970221   1.0
5446300119970222    .0
5446300119970223   1.2
5446300119970224  15.8
5446300119970225  46.4
5446300119970226   1.2
5446300119970227    .0
5446300119970228    .0
5446300119970301    .0
5446300119970302   1.2
5446300119970303    .2
5446300119970304    .4
5446300119970305   2.8
5446300119970306    .0
5446300119970307    .0
5446300119970308    .0
5446300119970309    .0
5446300119970310    .0
5446300119970311    .0
5446300119970312    .0
5446300119970313    .0
5446300119970314   3.2
5446300119970315   1.0
5446300119970316    .0
5446300119970317    .0
5446300119970318    .2
5446300119970319   5.0
5446300119970320    .8
5446300119970321    .0
5446300119970322    .0
5446300119970323   2.6
5446300119970324   2.0
5446300119970325    .4
5446300119970326    .4
5446300119970327   4.6
5446300119970328    .6
5446300119970329    .0
5446300119970330    .0
5446300119970331    .0
5446300119970401    .0
5446300119970402    .0
5446300119970403    .2
5446300119970404    .0
5446300119970405    .0
5446300119970406    .0
5446300119970407    .0
5446300119970408    .0
5446300119970409    .0
5446300119970410    .0
5446300119970411    .0
5446300119970412    .0
5446300119970413    .0
5446300119970414    .0
5446300119970415    .0
5446300119970416    .0
5446300119970417    .0
5446300119970418    .0
5446300119970419    .0
5446300119970420    .0
5446300119970421    .0
5446300119970422    .0
5446300119970423    .0
5446300119970424    .0
5446300119970425   2.6
5446300119970426   9.4
5446300119970427   2.6
5446300119970428   4.2
5446300119970429   1.8
5446300119970430    .0
5446300119970501    .0
5446300119970502    .0
5446300119970503    .0
5446300119970504  13.8
5446300119970505  13.2
5446300119970506   6.8
5446300119970507   4.0
5446300119970508   3.4
5446300119970509   5.4
5446300119970510   2.6
5446300119970511   2.0
5446300119970512    .0
5446300119970513   1.2
5446300119970514   5.4
5446300119970515    .0
5446300119970516   2.4
5446300119970517   3.0
5446300119970518   5.8
5446300119970519   4.4
5446300119970520   1.0
5446300119970521   6.2
5446300119970522   5.4
5446300119970523   3.4
5446300119970524    .0
5446300119970525    .0
5446300119970526    .0
5446300119970527    .0
5446300119970528    .0
5446300119970529    .0
5446300119970530    .0
5446300119970531    .0
5446300119970601    .0
5446300119970602   2.6
5446300119970603   4.2
5446300119970604    .0
5446300119970605    .0
5446300119970606    .0
5446300119970607  21.8
5446300119970608    .4
5446300119970609    .0
5446300119970610    .0
5446300119970611   9.8
5446300119970612    .2
5446300119970613  24.6
5446300119970614   5.4
5446300119970615    .0
5446300119970616   3.4
5446300119970617    .0
5446300119970618    .0
5446300119970619   2.4
5446300119970620   5.2
5446300119970621  12.8
5446300119970622  11.2
5446300119970623  12.0
5446300119970624   5.0
5446300119970625   5.4
5446300119970626   3.8
5446300119970627   1.0
5446300119970628    .0
5446300119970629   2.6
5446300119970630   5.8
5446300119970701   6.6
5446300119970702   4.0
5446300119970703   2.6
5446300119970704   8.8
5446300119970705  30.2
5446300119970706   4.0
5446300119970707    .0
5446300119970708    .0
5446300119970709    .0
5446300119970710    .0
5446300119970711    .0
5446300119970712    .0
5446300119970713    .0
5446300119970714   1.0
5446300119970715    .0
5446300119970716    .0
5446300119970717   2.2
5446300119970718  14.2
5446300119970719    .4
5446300119970720    .0
5446300119970721    .0
5446300119970722    .0
5446300119970723    .0
5446300119970724   7.0
5446300119970725   1.0
5446300119970726    .0
5446300119970727    .0
5446300119970728    .0
5446300119970729    .0
5446300119970730    .0
5446300119970731   8.2
5446300119970801   8.0
5446300119970802   1.0
5446300119970803    .0
5446300119970804    .0
5446300119970805    .0
5446300119970806  11.2
5446300119970807    .8
5446300119970808   2.4
5446300119970809    .0
5446300119970810    .0
5446300119970811    .0
5446300119970812    .0
5446300119970813  11.0
5446300119970814    .0
5446300119970815    .0
5446300119970816    .0
5446300119970817    .0
5446300119970818    .0
5446300119970819    .0
5446300119970820    .0
5446300119970821    .0
5446300119970822    .0
5446300119970823   1.0
5446300119970824    .0
5446300119970825    .0
5446300119970826  18.8
5446300119970827  12.8
5446300119970828   3.6
5446300119970829   1.0
5446300119970830   4.4
5446300119970831    .0
5446300119970901   5.6
5446300119970902   1.6
5446300119970903    .0
5446300119970904    .0
5446300119970905   1.4
5446300119970906    .2
5446300119970907    .0
5446300119970908    .0
5446300119970909    .0
5446300119970910    .0
5446300119970911    .0
5446300119970912   8.8
5446300119970913    .4
5446300119970914    .2
5446300119970915    .0
5446300119970916    .0
5446300119970917    .0
5446300119970918    .0
5446300119970919    .0
5446300119970920    .0
5446300119970921    .0
5446300119970922    .0
5446300119970923    .0
5446300119970924    .0
5446300119970925    .0
5446300119970926    .0
5446300119970927    .0
5446300119970928    .0
5446300119970929    .0
5446300119970930    .0
5446300119971001    .0
5446300119971002    .0
5446300119971003    .0
5446300119971004    .0
5446300119971005    .0
5446300119971006   1.6
5446300119971007   5.4
5446300119971008    .6
5446300119971009    .6
5446300119971010  10.6
5446300119971011   5.8
5446300119971012   4.0
5446300119971013    .6
5446300119971014   7.4
5446300119971015   6.8
5446300119971016    .0
5446300119971017    .0
5446300119971018    .0
5446300119971019    .0
5446300119971020    .0
5446300119971021    .0
5446300119971022    .0
5446300119971023    .0
5446300119971024    .0
5446300119971025    .0
5446300119971026    .0
5446300119971027    .0
5446300119971028    .0
5446300119971029    .0
5446300119971030    .0
5446300119971031    .0
5446300119971101    .0
5446300119971102    .0
5446300119971103    .0
5446300119971104   2.6
5446300119971105  13.4
5446300119971106  19.6
5446300119971107    .2
5446300119971108   8.0
5446300119971109   3.4
5446300119971110   1.8
5446300119971111    .8
5446300119971112   5.4
5446300119971113    .0
5446300119971114    .0
5446300119971115  11.4
5446300119971116    .0
5446300119971117    .2
5446300119971118    .2
5446300119971119   3.6
5446300119971120   5.6
5446300119971121    .2
5446300119971122    .0
5446300119971123    .0
5446300119971124    .0
5446300119971125    .0
5446300119971126    .0
5446300119971127   1.0
5446300119971128   3.2
5446300119971129   1.6
5446300119971130   5.2
5446300119971201    .0
5446300119971202   7.4
5446300119971203    .8
5446300119971204    .0
5446300119971205    .0
5446300119971206    .0
5446300119971207    .0
5446300119971208    .6
5446300119971209    .0
5446300119971210   7.0
5446300119971211  10.2
5446300119971212   1.2
5446300119971213    .0
5446300119971214   2.4
5446300119971215    .0
5446300119971216    .6
5446300119971217  10.4
5446300119971218  13.6
5446300119971219   1.0
5446300119971220  17.0
5446300119971221  11.0
5446300119971222    .0
5446300119971223    .2
5446300119971224   2.0
5446300119971225   2.6
5446300119971226   5.0
5446300119971227   1.0
5446300119971228    .6
5446300119971229    .0
5446300119971230    .0
5446300119971231   2.0
5446300119980101   3.0
5446300119980102   4.4
5446300119980103   5.8
5446300119980104   4.4
5446300119980105   9.0
5446300119980106   2.2
5446300119980107    .6
5446300119980108    .0
5446300119980109    .0
5446300119980110    .0
5446300119980111    .0
5446300119980112    .0
5446300119980113    .0
5446300119980114    .0
5446300119980115    .0
5446300119980116   4.2
5446300119980117    .0
5446300119980118  12.4
5446300119980119   2.6
5446300119980120    .0
5446300119980121    .0
5446300119980122    .0
5446300119980123    .0
5446300119980124    .0
5446300119980125    .0
5446300119980126    .0
5446300119980127    .0
5446300119980128    .0
5446300119980129    .0
5446300119980130    .0
5446300119980131    .0
5446300119980201    .0
5446300119980202    .0
5446300119980203    .0
5446300119980204    .0
5446300119980205    .0
5446300119980206    .0
5446300119980207    .4
5446300119980208    .0
5446300119980209    .0
5446300119980210    .0
5446300119980211    .0
5446300119980212    .0
5446300119980213    .0
5446300119980214    .0
5446300119980215    .0
5446300119980216    .4
5446300119980217    .0
5446300119980218    .0
5446300119980219    .0
5446300119980220    .0
5446300119980221   5.6
5446300119980222   5.0
5446300119980223    .0
5446300119980224    .0
5446300119980225    .0
5446300119980226    .0
5446300119980227   2.8
5446300119980228   3.8
5446300119980301    .0
5446300119980302    .0
5446300119980303    .4
5446300119980304   6.2
5446300119980305   3.0
5446300119980306   1.2
5446300119980307   5.6
5446300119980308   1.6
5446300119980309    .0
5446300119980310    .0
5446300119980311   5.4
5446300119980312    .0
5446300119980313    .0
5446300119980314    .0
5446300119980315    .0
5446300119980316    .0
5446300119980317    .0
5446300119980318    .0
5446300119980319    .0
5446300119980320    .0
5446300119980321    .0
5446300119980322    .0
5446300119980323   4.8
5446300119980324    .0
5446300119980325    .0
5446300119980326    .8
5446300119980327    .2
5446300119980328    .0
5446300119980329    .0
5446300119980330    .0
5446300119980331    .0
5446300119980401    .2
5446300119980402   8.8
5446300119980403  17.6
5446300119980404    .2
5446300119980405    .4
5446300119980406   6.4
5446300119980407   5.0
5446300119980408   1.4
5446300119980409   4.6
5446300119980410   1.8
5446300119980411    .0
5446300119980412    .0
5446300119980413    .0
5446300119980414   1.0
5446300119980415   5.0
5446300119980416   1.4
5446300119980417   1.6
5446300119980418    .6
5446300119980419    .4
5446300119980420   3.0
5446300119980421    .0
5446300119980422    .0
5446300119980423    .6
5446300119980424    .0
5446300119980425   5.0
5446300119980426  10.2
5446300119980427  17.0
5446300119980428    .2
5446300119980429    .0
5446300119980430    .0
5446300119980501    .2
5446300119980502   1.6
5446300119980503    .2
5446300119980504    .0
5446300119980505    .2
5446300119980506    .0
5446300119980507    .0
5446300119980508    .0
5446300119980509    .0
5446300119980510    .0
5446300119980511    .0
5446300119980512    .0
5446300119980513    .0
5446300119980514    .0
5446300119980515    .0
5446300119980516    .0
5446300119980517    .0
5446300119980518    .0
5446300119980519    .0
5446300119980520    .0
5446300119980521    .0
5446300119980522    .0
5446300119980523    .0
5446300119980524    .0
5446300119980525   7.8
5446300119980526    .4
5446300119980527    .0
5446300119980528  20.8
5446300119980529    .2
5446300119980530    .0
5446300119980531  22.4
5446300119980601   1.2
5446300119980602   5.6
5446300119980603    .0
5446300119980604    .0
5446300119980605    .4
5446300119980606    .4
5446300119980607   6.4
5446300119980608    .0
5446300119980609  13.2
5446300119980610   4.2
5446300119980611   7.6
5446300119980612    .6
5446300119980613   3.6
5446300119980614   3.4
5446300119980615   1.8
5446300119980616   1.8
5446300119980617    .0
5446300119980618    .0
5446300119980619    .0
5446300119980620    .0
5446300119980621    .0
5446300119980622    .0
5446300119980623    .0
5446300119980624    .0
5446300119980625   2.0
5446300119980626    .0
5446300119980627    .0
5446300119980628    .0
5446300119980629    .0
5446300119980630   1.6
5446300119980701    .2
5446300119980702    .0
5446300119980703    .0
5446300119980704    .0
5446300119980705    .0
5446300119980706    .0
5446300119980707    .2
5446300119980708    .0
5446300119980709    .4
5446300119980710   1.0
5446300119980711    .8
5446300119980712    .6
5446300119980713  11.0
5446300119980714    .4
5446300119980715   1.6
5446300119980716   7.6
5446300119980717    .0
5446300119980718    .2
5446300119980719    .4
5446300119980720    .0
5446300119980721    .0
5446300119980722    .0
5446300119980723    .6
5446300119980724    .0
5446300119980725    .0
5446300119980726    .0
5446300119980727    .0
5446300119980728   2.2
5446300119980729   5.6
5446300119980730   1.0
5446300119980731    .0
5446300119980801   2.8
5446300119980802    .6
5446300119980803    .0
5446300119980804    .6
5446300119980805    .0
5446300119980806    .0
5446300119980807    .0
5446300119980808    .0
5446300119980809    .0
5446300119980810    .0
5446300119980811    .0
5446300119980812    .0
5446300119980813    .0
5446300119980814    .0
5446300119980815    .0
5446300119980816    .0
5446300119980817    .0
5446300119980818    .0
5446300119980819    .0
5446300119980820    .0
5446300119980821   7.0
5446300119980822   6.0
5446300119980823   7.2
5446300119980824    .2
5446300119980825    .0
5446300119980826    .0
5446300119980827    .0
5446300119980828    .0
5446300119980829    .0
5446300119980830    .0
5446300119980831    .0
