5703900119940101   3.8
5703900119940102   8.2
5703900119940103   9.0
5703900119940104   4.8
5703900119940105   9.6
5703900119940106  24.0
5703900119940107   2.6
5703900119940108    .0
5703900119940109    .0
5703900119940110    .2
5703900119940111    .0
5703900119940112    .8
5703900119940113   2.8
5703900119940114    .6
5703900119940115    .0
5703900119940116    .0
5703900119940117    .0
5703900119940118    .0
5703900119940119    .8
5703900119940120    .0
5703900119940121    .0
5703900119940122    .0
5703900119940123   4.8
5703900119940124   7.0
5703900119940125  15.0
5703900119940126    .4
5703900119940127   9.4
5703900119940128    .0
5703900119940129    .0
5703900119940130    .4
5703900119940131    .0
5703900119940201    .8
5703900119940202  12.6
5703900119940203  11.2
5703900119940204    .2
5703900119940205   2.6
5703900119940206   1.4
5703900119940207    .0
5703900119940208    .0
5703900119940209    .2
5703900119940210    .0
5703900119940211    .0
5703900119940212    .0
5703900119940213    .0
5703900119940214    .0
5703900119940215    .0
5703900119940216    .0
5703900119940217    .0
5703900119940218    .0
5703900119940219    .0
5703900119940220   6.8
5703900119940221   2.6
5703900119940222   5.4
5703900119940223   2.0
5703900119940224   5.8
5703900119940225   3.0
5703900119940226    .0
5703900119940227   1.4
5703900119940228   8.8
5703900119940301    .2
5703900119940302   7.2
5703900119940303   2.6
5703900119940304    .0
5703900119940305    .6
5703900119940306    .0
5703900119940307   1.0
5703900119940308    .4
5703900119940309    .0
5703900119940310    .0
5703900119940311   2.6
5703900119940312   2.0
5703900119940313    .6
5703900119940314    .2
5703900119940315   1.2
5703900119940316   5.4
5703900119940317   1.6
5703900119940318   4.0
5703900119940319  17.8
5703900119940320   2.0
5703900119940321   7.2
5703900119940322    .4
5703900119940323    .0
5703900119940324   2.8
5703900119940325   2.4
5703900119940326    .0
5703900119940327    .0
5703900119940328   1.2
5703900119940329    .6
5703900119940330   1.8
5703900119940331   4.6
5703900119940401   2.6
5703900119940402   1.2
5703900119940403   1.8
5703900119940404  14.2
5703900119940405   6.8
5703900119940406   3.4
5703900119940407    .8
5703900119940408   7.8
5703900119940409  12.2
5703900119940410   3.2
5703900119940411    .0
5703900119940412   1.0
5703900119940413   1.8
5703900119940414    .0
5703900119940415    .0
5703900119940416    .0
5703900119940417    .8
5703900119940418    .0
5703900119940419    .0
5703900119940420    .0
5703900119940421    .0
5703900119940422    .0
5703900119940423    .0
5703900119940424   3.6
5703900119940425    .0
5703900119940426    .0
5703900119940427    .4
5703900119940428    .0
5703900119940429    .0
5703900119940430    .0
5703900119940501    .0
5703900119940502    .0
5703900119940503   9.8
5703900119940504   2.0
5703900119940505   3.2
5703900119940506   1.0
5703900119940507    .0
5703900119940508   3.0
5703900119940509    .0
5703900119940510    .0
5703900119940511    .0
5703900119940512   1.2
5703900119940513   2.0
5703900119940514   8.0
5703900119940515    .0
5703900119940516    .0
5703900119940517    .0
5703900119940518  11.2
5703900119940519   2.6
5703900119940520  13.0
5703900119940521   2.4
5703900119940522  16.8
5703900119940523    .0
5703900119940524   6.0
5703900119940525    .0
5703900119940526   3.2
5703900119940527    .0
5703900119940528    .0
5703900119940529    .0
5703900119940530    .0
5703900119940531    .0
5703900119940601    .0
5703900119940602  15.4
5703900119940603   3.4
5703900119940604  16.4
5703900119940605   1.0
5703900119940606   1.0
5703900119940607    .0
5703900119940608   9.2
5703900119940609    .0
5703900119940610    .4
5703900119940611    .4
5703900119940612    .0
5703900119940613    .0
5703900119940614    .0
5703900119940615    .0
5703900119940616    .0
5703900119940617    .0
5703900119940618    .0
5703900119940619    .0
5703900119940620    .0
5703900119940621    .0
5703900119940622    .0
5703900119940623    .0
5703900119940624    .0
5703900119940625    .0
5703900119940626    .0
5703900119940627    .0
5703900119940628    .0
5703900119940629    .0
5703900119940630    .0
5703900119940701    .0
5703900119940702    .0
5703900119940703    .0
5703900119940704    .0
5703900119940705    .0
5703900119940706    .0
5703900119940707    .0
5703900119940708   7.0
5703900119940709    .0
5703900119940710    .0
5703900119940711    .0
5703900119940712    .0
5703900119940713    .0
5703900119940714  38.9
5703900119940715    .0
5703900119940716    .0
5703900119940717    .0
5703900119940718    .6
5703900119940719  24.4
5703900119940720    .0
5703900119940721    .0
5703900119940722    .0
5703900119940723    .0
5703900119940724    .0
5703900119940725    .0
5703900119940726    .4
5703900119940727    .0
5703900119940728    .0
5703900119940729   7.4
5703900119940730   6.8
5703900119940731   5.0
5703900119940801    .0
5703900119940802    .0
5703900119940803    .0
5703900119940804    .0
5703900119940805    .0
5703900119940806   4.8
5703900119940807    .8
5703900119940808  18.2
5703900119940809  12.2
5703900119940810   2.0
5703900119940811   4.0
5703900119940812    .8
5703900119940813    .0
5703900119940814    .0
5703900119940815    .0
5703900119940816    .0
5703900119940817   3.4
5703900119940818    .4
5703900119940819  17.4
5703900119940820    .0
5703900119940821    .2
5703900119940822    .0
5703900119940823    .0
5703900119940824    .6
5703900119940825    .8
5703900119940826    .8
5703900119940827    .0
5703900119940828    .0
5703900119940829    .0
5703900119940830    .0
5703900119940831    .0
5703900119940901    .0
5703900119940902    .0
5703900119940903    .0
5703900119940904    .0
5703900119940905   1.0
5703900119940906   3.2
5703900119940907  13.4
5703900119940908  10.8
5703900119940909  14.0
5703900119940910   7.4
5703900119940911  10.4
5703900119940912   3.6
5703900119940913   7.2
5703900119940914   9.4
5703900119940915    .6
5703900119940916   2.4
5703900119940917    .8
5703900119940918    .6
5703900119940919    .6
5703900119940920   3.0
5703900119940921    .2
5703900119940922    .0
5703900119940923    .0
5703900119940924   9.8
5703900119940925    .0
5703900119940926    .0
5703900119940927    .0
5703900119940928    .0
5703900119940929    .0
5703900119940930    .0
5703900119941001    .0
5703900119941002    .0
5703900119941003   2.2
5703900119941004    .0
5703900119941005    .0
5703900119941006    .0
5703900119941007    .0
5703900119941008    .0
5703900119941009    .0
5703900119941010    .0
5703900119941011    .0
5703900119941012    .0
5703900119941013    .0
5703900119941014    .0
5703900119941015    .0
5703900119941016    .0
5703900119941017    .0
5703900119941018    .0
5703900119941019    .0
5703900119941020    .0
5703900119941021    .0
5703900119941022   4.8
5703900119941023   7.0
5703900119941024   2.2
5703900119941025  13.2
5703900119941026   2.4
5703900119941027   4.6
5703900119941028    .6
5703900119941029   4.4
5703900119941030   6.2
5703900119941031   4.6
5703900119941101    .0
5703900119941102    .0
5703900119941103    .0
5703900119941104    .0
5703900119941105    .0
5703900119941106   1.4
5703900119941107    .0
5703900119941108    .0
5703900119941109   5.8
5703900119941110    .0
5703900119941111    .0
5703900119941112    .4
5703900119941113    .2
5703900119941114    .0
5703900119941115   6.4
5703900119941116    .4
5703900119941117   1.6
5703900119941118   1.8
5703900119941119    .8
5703900119941120    .2
5703900119941121   1.2
5703900119941122   2.8
5703900119941123    .0
5703900119941124    .0
5703900119941125    .0
5703900119941126    .8
5703900119941127    .0
5703900119941128    .0
5703900119941129    .0
5703900119941130    .0
5703900119941201    .0
5703900119941202    .0
5703900119941203   1.6
5703900119941204  13.0
5703900119941205   1.8
5703900119941206    .0
5703900119941207    .4
5703900119941208   4.4
5703900119941209   5.4
5703900119941210    .0
5703900119941211    .4
5703900119941212    .0
5703900119941213    .2
5703900119941214    .0
5703900119941215    .0
5703900119941216    .2
5703900119941217    .0
5703900119941218    .4
5703900119941219    .4
5703900119941220    .0
5703900119941221    .0
5703900119941222    .0
5703900119941223    .0
5703900119941224    .0
5703900119941225    .4
5703900119941226   5.8
5703900119941227  15.4
5703900119941228   5.0
5703900119941229   3.8
5703900119941230   3.4
5703900119941231   7.0
5703900119950101   1.4
5703900119950102    .4
5703900119950103   1.8
5703900119950104    .0
5703900119950105    .0
5703900119950106    .4
5703900119950107    .0
5703900119950108   4.8
5703900119950109   4.2
5703900119950110   9.6
5703900119950111    .0
5703900119950112    .0
5703900119950113    .0
5703900119950114    .8
5703900119950115    .0
5703900119950116    .0
5703900119950117    .0
5703900119950118   5.0
5703900119950119    .0
5703900119950120    .4
5703900119950121   9.2
5703900119950122  25.4
5703900119950123    .4
5703900119950124   7.6
5703900119950125  12.2
5703900119950126   6.6
5703900119950127   7.2
5703900119950128   5.8
5703900119950129  10.4
5703900119950130   1.2
5703900119950131    .0
5703900119950201    .2
5703900119950202    .4
5703900119950203    .0
5703900119950204   1.4
5703900119950205    .2
5703900119950206    .0
5703900119950207    .2
5703900119950208   2.0
5703900119950209    .0
5703900119950210   2.6
5703900119950211   2.6
5703900119950212    .2
5703900119950213   2.8
5703900119950214    .6
5703900119950215   9.8
5703900119950216   2.8
5703900119950217   2.8
5703900119950218   1.0
5703900119950219   1.6
5703900119950220    .4
5703900119950221   2.2
5703900119950222   1.2
5703900119950223   5.6
5703900119950224   5.0
5703900119950225   2.0
5703900119950226    .2
5703900119950227    .0
5703900119950228    .0
5703900119950301    .4
5703900119950302   1.2
5703900119950303    .0
5703900119950304    .0
5703900119950305   1.6
5703900119950306    .8
5703900119950307    .0
5703900119950308   5.8
5703900119950309    .0
5703900119950310    .0
5703900119950311    .0
5703900119950312    .0
5703900119950313    .0
5703900119950314   1.8
5703900119950315   1.4
5703900119950316    .8
5703900119950317  18.4
5703900119950318  17.0
5703900119950319    .4
5703900119950320    .0
5703900119950321    .4
5703900119950322    .0
5703900119950323    .0
5703900119950324    .0
5703900119950325   1.8
5703900119950326   1.4
5703900119950327   5.6
5703900119950328   5.4
5703900119950329    .4
5703900119950330    .0
5703900119950331   5.0
5703900119950401    .0
5703900119950402    .0
5703900119950403    .0
5703900119950404    .0
5703900119950405    .0
5703900119950406    .0
5703900119950407    .0
5703900119950408    .0
5703900119950409    .2
5703900119950410   1.0
5703900119950411    .0
5703900119950412    .0
5703900119950413    .0
5703900119950414    .0
5703900119950415    .8
5703900119950416   1.2
5703900119950417  10.0
5703900119950418  12.4
5703900119950419  10.0
5703900119950420    .2
5703900119950421    .0
5703900119950422    .0
5703900119950423    .0
5703900119950424    .0
5703900119950425  14.8
5703900119950426   3.2
5703900119950427    .0
5703900119950428    .0
5703900119950429   6.2
5703900119950430    .2
5703900119950501    .0
5703900119950502    .0
5703900119950503    .0
5703900119950504    .0
5703900119950505    .0
5703900119950506    .0
5703900119950507    .0
5703900119950508    .0
5703900119950509    .0
5703900119950510    .0
5703900119950511    .0
5703900119950512    .0
5703900119950513    .0
5703900119950514    .0
5703900119950515    .0
5703900119950516  10.2
5703900119950517   7.0
5703900119950518   9.8
5703900119950519   1.0
5703900119950520    .0
5703900119950521    .0
5703900119950522    .0
5703900119950523    .0
5703900119950524    .0
5703900119950525   2.2
5703900119950526   3.6
5703900119950527   1.0
5703900119950528  10.2
5703900119950529    .0
5703900119950530    .6
5703900119950531   2.4
5703900119950601    .0
5703900119950602   1.4
5703900119950603   5.4
5703900119950604   2.4
5703900119950605   2.8
5703900119950606    .2
5703900119950607   7.4
5703900119950608    .0
5703900119950609    .0
5703900119950610    .0
5703900119950611    .0
5703900119950612   1.0
5703900119950613   5.8
5703900119950614   2.0
5703900119950615   1.6
5703900119950616    .0
5703900119950617   1.2
5703900119950618    .0
5703900119950619    .0
5703900119950620    .0
5703900119950621    .2
5703900119950622    .0
5703900119950623    .0
5703900119950624    .0
5703900119950625    .0
5703900119950626    .0
5703900119950627    .0
5703900119950628    .0
5703900119950629    .0
5703900119950630    .0
5703900119950701    .0
5703900119950702   2.6
5703900119950703    .6
5703900119950704    .0
5703900119950705    .0
5703900119950706    .0
5703900119950707    .0
5703900119950708    .0
5703900119950709    .0
5703900119950710    .0
5703900119950711   2.0
5703900119950712    .0
5703900119950713    .4
5703900119950714   2.4
5703900119950715    .2
5703900119950716    .0
5703900119950717    .0
5703900119950718    .0
5703900119950719    .0
5703900119950720    .0
5703900119950721    .0
5703900119950722  59.6
5703900119950723    .0
5703900119950724    .0
5703900119950725    .0
5703900119950726   5.6
5703900119950727    .8
5703900119950728    .0
5703900119950729    .0
5703900119950730    .0
5703900119950731    .0
5703900119950801    .0
5703900119950802    .0
5703900119950803    .0
5703900119950804    .0
5703900119950805    .0
5703900119950806   1.4
5703900119950807  25.4
5703900119950808    .2
5703900119950809    .0
5703900119950810    .0
5703900119950811    .0
5703900119950812    .0
5703900119950813    .0
5703900119950814    .0
5703900119950815    .0
5703900119950816    .0
5703900119950817    .0
5703900119950818    .0
5703900119950819    .0
5703900119950820   3.0
5703900119950821   4.0
5703900119950822   1.8
5703900119950823   2.6
5703900119950824   1.8
5703900119950825    .0
5703900119950826    .0
5703900119950827   6.8
5703900119950828   1.2
5703900119950829    .6
5703900119950830    .0
5703900119950831    .0
5703900119950901    .6
5703900119950902    .0
5703900119950903   1.4
5703900119950904    .0
5703900119950905   9.0
5703900119950906    .0
5703900119950907   8.4
5703900119950908  10.2
5703900119950909    .4
5703900119950910   9.8
5703900119950911   1.4
5703900119950912   1.4
5703900119950913   6.0
5703900119950914    .2
5703900119950915   1.2
5703900119950916   7.2
5703900119950917    .0
5703900119950918    .0
5703900119950919   3.8
5703900119950920    .0
5703900119950921    .0
5703900119950922    .0
5703900119950923    .0
5703900119950924   5.4
5703900119950925    .0
5703900119950926    .0
5703900119950927  12.4
5703900119950928    .8
5703900119950929    .2
5703900119950930    .4
5703900119951001   1.8
5703900119951002   1.0
5703900119951003   4.4
5703900119951004   3.2
5703900119951005   1.8
5703900119951006    .0
5703900119951007    .0
5703900119951008    .0
5703900119951009    .4
5703900119951010    .0
5703900119951011    .0
5703900119951012    .0
5703900119951013    .0
5703900119951014    .0
5703900119951015    .0
5703900119951016    .0
5703900119951017    .0
5703900119951018    .2
5703900119951019    .0
5703900119951020    .0
5703900119951021    .0
5703900119951022    .0
5703900119951023    .0
5703900119951024    .0
5703900119951025    .2
5703900119951026    .0
5703900119951027   2.0
5703900119951028   8.6
5703900119951029   3.4
5703900119951030    .0
5703900119951031    .0
5703900119951101   5.2
5703900119951102    .2
5703900119951103   2.0
5703900119951104    .0
5703900119951105    .0
5703900119951106    .0
5703900119951107    .0
5703900119951108    .4
5703900119951109    .0
5703900119951110    .0
5703900119951111    .0
5703900119951112    .0
5703900119951113    .0
5703900119951114   1.4
5703900119951115   8.4
5703900119951116   6.4
5703900119951117   1.4
5703900119951118    .0
5703900119951119    .6
5703900119951120    .0
5703900119951121    .4
5703900119951122    .0
5703900119951123    .0
5703900119951124    .0
5703900119951125    .0
5703900119951126    .2
5703900119951127   1.2
5703900119951128    .0
5703900119951129    .0
5703900119951130    .0
5703900119951201    .0
5703900119951202   4.2
5703900119951203    .2
5703900119951204    .0
5703900119951205    .0
5703900119951206    .0
5703900119951207   2.6
5703900119951208    .8
5703900119951209    .0
5703900119951210    .0
5703900119951211    .0
5703900119951212    .2
5703900119951213    .0
5703900119951214   2.2
5703900119951215    .0
5703900119951216    .0
5703900119951217    .4
5703900119951218    .0
5703900119951219    .0
5703900119951220  10.6
5703900119951221   5.4
5703900119951222   5.2
5703900119951223  12.6
5703900119951224  13.4
5703900119951225    .0
5703900119951226    .0
5703900119951227    .4
5703900119951228    .0
5703900119951229    .0
5703900119951230  20.8
5703900119951231   2.0
5703900119960101    .0
5703900119960102    .0
5703900119960103    .0
5703900119960104    .0
5703900119960105    .2
5703900119960106   2.2
5703900119960107    .0
5703900119960108    .0
5703900119960109   2.0
5703900119960110    .0
5703900119960111    .0
5703900119960112    .4
5703900119960113    .0
5703900119960114    .0
5703900119960115    .0
5703900119960116    .0
5703900119960117    .0
5703900119960118    .0
5703900119960119    .0
5703900119960120    .0
5703900119960121    .0
5703900119960122    .0
5703900119960123   1.0
5703900119960124    .0
5703900119960125   2.0
5703900119960126   1.2
5703900119960127    .0
5703900119960128    .0
5703900119960129    .0
5703900119960130    .0
5703900119960131    .0
5703900119960201   3.2
5703900119960202   2.4
5703900119960203    .0
5703900119960204    .0
5703900119960205    .0
5703900119960206    .0
5703900119960207    .2
5703900119960208    .0
5703900119960209    .0
5703900119960210    .2
5703900119960211    .4
5703900119960212  22.4
5703900119960213    .6
5703900119960214    .0
5703900119960215    .2
5703900119960216   1.2
5703900119960217    .4
5703900119960218  16.2
5703900119960219   2.6
5703900119960220   2.8
5703900119960221    .0
5703900119960222    .2
5703900119960223    .0
5703900119960224    .0
5703900119960225    .0
5703900119960226    .2
5703900119960227    .0
5703900119960228    .0
5703900119960229    .0
5703900119960301    .0
5703900119960302    .0
5703900119960303    .0
5703900119960304    .0
5703900119960305    .0
5703900119960306   1.0
5703900119960307   2.0
5703900119960308    .0
5703900119960309    .0
5703900119960310    .0
5703900119960311    .0
5703900119960312    .0
5703900119960313    .0
5703900119960314    .0
5703900119960315    .0
5703900119960316    .0
5703900119960317    .0
5703900119960318    .0
5703900119960319    .0
5703900119960320   1.8
5703900119960321   3.6
5703900119960322   5.8
5703900119960323    .0
5703900119960324    .0
5703900119960325    .0
5703900119960326   1.8
5703900119960327    .0
5703900119960328    .0
5703900119960329    .2
5703900119960330    .0
5703900119960331    .0
5703900119960401    .0
5703900119960402    .0
5703900119960403    .0
5703900119960404    .0
5703900119960405    .0
5703900119960406    .0
5703900119960407    .0
5703900119960408    .0
5703900119960409    .0
5703900119960410    .4
5703900119960411   3.2
5703900119960412    .0
5703900119960413    .0
5703900119960414    .0
5703900119960415    .0
5703900119960416    .0
5703900119960417    .0
5703900119960418    .0
5703900119960419    .0
5703900119960420    .0
5703900119960421    .0
5703900119960422   1.6
5703900119960423   3.8
5703900119960424    .4
5703900119960425    .0
5703900119960426    .0
5703900119960427    .0
5703900119960428    .0
5703900119960429    .0
5703900119960430    .0
5703900119960501   4.8
5703900119960502   2.2
5703900119960503   1.4
5703900119960504    .0
5703900119960505    .0
5703900119960506    .0
5703900119960507    .0
5703900119960508    .0
5703900119960509    .0
5703900119960510    .0
5703900119960511    .0
5703900119960512    .0
5703900119960513   1.0
5703900119960514   1.8
5703900119960515   4.4
5703900119960516  15.0
5703900119960517  10.4
5703900119960518   4.6
5703900119960519   1.0
5703900119960520   1.8
5703900119960521    .2
5703900119960522   2.8
5703900119960523    .0
5703900119960524   1.2
5703900119960525   2.4
5703900119960526   5.6
5703900119960527   4.4
5703900119960528    .0
5703900119960529    .0
5703900119960530    .0
5703900119960531   9.0
5703900119960601   3.2
5703900119960602    .8
5703900119960603    .0
5703900119960604    .0
5703900119960605    .0
5703900119960606    .0
5703900119960607    .0
5703900119960608    .0
5703900119960609    .0
5703900119960610    .0
5703900119960611   8.5
5703900119960612    .0
5703900119960613    .0
5703900119960614    .0
5703900119960615    .0
5703900119960616    .0
5703900119960617    .0
5703900119960618    .0
5703900119960619   3.0
5703900119960620   8.2
5703900119960621    .2
5703900119960622   2.0
5703900119960623    .0
5703900119960624    .8
5703900119960625    .0
5703900119960626    .0
5703900119960627    .0
5703900119960628    .0
5703900119960629    .4
5703900119960630   3.6
5703900119960701   1.0
5703900119960702    .0
5703900119960703   6.0
5703900119960704   5.2
5703900119960705  15.6
5703900119960706   1.6
5703900119960707   5.4
5703900119960708    .4
5703900119960709   2.6
5703900119960710    .4
5703900119960711    .0
5703900119960712    .0
5703900119960713    .0
5703900119960714    .0
5703900119960715    .0
5703900119960716    .0
5703900119960717    .0
5703900119960718    .0
5703900119960719    .0
5703900119960720    .0
5703900119960721    .0
5703900119960722    .0
5703900119960723    .6
5703900119960724   2.4
5703900119960725    .0
5703900119960726    .0
5703900119960727    .0
5703900119960728    .0
5703900119960729   5.4
5703900119960730    .0
5703900119960731    .0
5703900119960801    .0
5703900119960802    .0
5703900119960803    .0
5703900119960804    .0
5703900119960805    .0
5703900119960806    .0
5703900119960807    .0
5703900119960808    .0
5703900119960809    .0
5703900119960810  25.2
5703900119960811   8.4
5703900119960812   3.4
5703900119960813   9.2
5703900119960814    .0
5703900119960815    .0
5703900119960816    .0
5703900119960817    .0
5703900119960818    .0
5703900119960819    .0
5703900119960820   3.0
5703900119960821    .8
5703900119960822    .2
5703900119960823    .0
5703900119960824    .2
5703900119960825    .0
5703900119960826   3.0
5703900119960827   5.4
5703900119960828   1.0
5703900119960829   3.2
5703900119960830   1.0
5703900119960831    .0
5703900119960901    .0
5703900119960902    .0
5703900119960903    .0
5703900119960904    .0
5703900119960905    .0
5703900119960906    .0
5703900119960907    .0
5703900119960908    .0
5703900119960909    .0
5703900119960910    .0
5703900119960911    .0
5703900119960912   4.4
5703900119960913    .8
5703900119960914    .4
5703900119960915    .4
5703900119960916    .0
5703900119960917    .0
5703900119960918    .0
5703900119960919    .2
5703900119960920  18.8
5703900119960921    .0
5703900119960922    .0
5703900119960923    .4
5703900119960924   8.8
5703900119960925    .0
5703900119960926    .4
5703900119960927   3.4
5703900119960928    .0
5703900119960929    .0
5703900119960930    .2
5703900119961001  27.6
5703900119961002    .0
5703900119961003    .0
5703900119961004   1.2
5703900119961005    .8
5703900119961006    .0
5703900119961007    .0
5703900119961008    .0
5703900119961009    .0
5703900119961010    .0
5703900119961011    .0
5703900119961012    .0
5703900119961013    .0
5703900119961014    .0
5703900119961015   2.8
5703900119961016    .0
5703900119961017    .0
5703900119961018    .2
5703900119961019   1.4
5703900119961020   3.8
5703900119961021    .6
5703900119961022    .0
5703900119961023    .0
5703900119961024    .0
5703900119961025    .2
5703900119961026   8.0
5703900119961027    .2
5703900119961028    .2
5703900119961029   5.8
5703900119961030    .0
5703900119961031   3.8
5703900119961101   1.0
5703900119961102    .2
5703900119961103    .0
5703900119961104   7.8
5703900119961105   1.6
5703900119961106  15.8
5703900119961107  22.8
5703900119961108   1.0
5703900119961109    .2
5703900119961110   4.2
5703900119961111  17.4
5703900119961112  25.6
5703900119961113   1.8
5703900119961114    .0
5703900119961115    .0
5703900119961116    .0
5703900119961117    .0
5703900119961118  12.0
5703900119961119   3.0
5703900119961120  10.8
5703900119961121    .2
5703900119961122    .0
5703900119961123    .6
5703900119961124    .6
5703900119961125   5.4
5703900119961126    .2
5703900119961127    .0
5703900119961128    .0
5703900119961129  14.8
5703900119961130   3.6
5703900119961201   1.6
5703900119961202   1.8
5703900119961203   1.6
5703900119961204    .6
5703900119961205    .2
5703900119961206    .0
5703900119961207    .0
5703900119961208    .0
5703900119961209    .0
5703900119961210    .0
5703900119961211    .0
5703900119961212   1.6
5703900119961213   1.8
5703900119961214    .0
5703900119961215    .0
5703900119961216    .0
5703900119961217   7.8
5703900119961218   1.0
5703900119961219    .2
5703900119961220  13.4
5703900119961221    .0
5703900119961222   5.8
5703900119961223   6.4
5703900119961224    .0
5703900119961225    .0
5703900119961226    .0
5703900119961227    .0
5703900119961228    .0
5703900119961229   1.6
5703900119961230    .6
5703900119961231    .0
5703900119970101    .0
5703900119970102    .8
5703900119970103    .0
5703900119970104   2.0
5703900119970105    .0
5703900119970106    .0
5703900119970107    .0
5703900119970108    .0
5703900119970109    .0
5703900119970110    .0
5703900119970111    .0
5703900119970112    .0
5703900119970113    .0
5703900119970114    .0
5703900119970115    .0
5703900119970116    .0
5703900119970117   1.2
5703900119970118   3.6
5703900119970119  12.8
5703900119970120    .0
5703900119970121    .4
5703900119970122   4.6
5703900119970123    .6
5703900119970124    .0
5703900119970125    .0
5703900119970126    .0
5703900119970127    .0
5703900119970128    .0
5703900119970129    .0
5703900119970130    .0
5703900119970131    .0
5703900119970201    .0
5703900119970202    .0
5703900119970203    .0
5703900119970204   2.2
5703900119970205   4.6
5703900119970206    .0
5703900119970207    .0
5703900119970208    .0
5703900119970209    .0
5703900119970210   2.2
5703900119970211   5.0
5703900119970212   5.4
5703900119970213   4.8
5703900119970214  14.2
5703900119970215    .0
5703900119970216    .2
5703900119970217   1.8
5703900119970218   7.4
5703900119970219    .6
5703900119970220    .0
5703900119970221    .0
5703900119970222    .0
5703900119970223   1.6
5703900119970224  12.4
5703900119970225  61.2
5703900119970226   6.0
5703900119970227    .0
5703900119970228    .0
5703900119970301    .0
5703900119970302   1.8
5703900119970303    .0
5703900119970304    .2
5703900119970305   1.0
5703900119970306    .0
5703900119970307    .0
5703900119970308    .0
5703900119970309    .0
5703900119970310    .0
5703900119970311    .0
5703900119970312    .0
5703900119970313    .0
5703900119970314   1.0
5703900119970315    .2
5703900119970316    .0
5703900119970317    .0
5703900119970318   1.2
5703900119970319   4.0
5703900119970320    .0
5703900119970321    .0
5703900119970322    .0
5703900119970323   2.6
5703900119970324    .0
5703900119970325    .4
5703900119970326    .0
5703900119970327   3.2
5703900119970328    .0
5703900119970329    .0
5703900119970330    .0
5703900119970331    .0
5703900119970401    .0
5703900119970402    .0
5703900119970403    .4
5703900119970404    .2
5703900119970405    .2
5703900119970406    .0
5703900119970407    .0
5703900119970408    .0
5703900119970409    .0
5703900119970410    .0
5703900119970411    .0
5703900119970412    .0
5703900119970413    .0
5703900119970414    .0
5703900119970415    .0
5703900119970416    .0
5703900119970417    .0
5703900119970418    .0
5703900119970419    .0
5703900119970420    .0
5703900119970421    .0
5703900119970422    .0
5703900119970423    .0
5703900119970424    .0
5703900119970425   2.6
5703900119970426  16.0
5703900119970427   1.0
5703900119970428   3.0
5703900119970429   1.8
5703900119970430    .0
5703900119970501    .0
5703900119970502    .0
5703900119970503    .0
5703900119970504   4.4
5703900119970505   6.6
5703900119970506   4.8
5703900119970507   3.8
5703900119970508   5.2
5703900119970509   3.4
5703900119970510   2.8
5703900119970511   1.8
5703900119970512    .2
5703900119970513   1.6
5703900119970514   6.2
5703900119970515    .4
5703900119970516    .2
5703900119970517   6.4
5703900119970518   5.4
5703900119970519   3.0
5703900119970520   9.4
5703900119970521   4.8
5703900119970522    .0
5703900119970523    .0
5703900119970524    .0
5703900119970525    .0
5703900119970526    .0
5703900119970527    .0
5703900119970528    .0
5703900119970529    .0
5703900119970530    .0
5703900119970531    .0
5703900119970601    .0
5703900119970602    .0
5703900119970603   5.2
5703900119970604    .0
5703900119970605    .0
5703900119970606    .0
5703900119970607  19.4
5703900119970608    .4
5703900119970609    .0
5703900119970610    .0
5703900119970611   8.0
5703900119970612    .4
5703900119970613   8.4
5703900119970614  10.6
5703900119970615    .0
5703900119970616  20.2
5703900119970617  19.6
5703900119970618    .0
5703900119970619   3.8
5703900119970620   3.0
5703900119970621   4.6
5703900119970622   6.2
5703900119970623   6.0
5703900119970624   3.8
5703900119970625   8.4
5703900119970626   9.6
5703900119970627   5.4
5703900119970628    .0
5703900119970629   3.6
5703900119970630   5.0
5703900119970701  10.0
5703900119970702   4.6
5703900119970703   1.4
5703900119970704  10.8
5703900119970705  21.2
5703900119970706    .6
5703900119970707    .0
5703900119970708    .0
5703900119970709    .0
5703900119970710    .0
5703900119970711   1.2
5703900119970712    .0
5703900119970713    .0
5703900119970714   1.2
5703900119970715    .0
5703900119970716    .0
5703900119970717  14.6
5703900119970718   8.2
5703900119970719    .8
5703900119970720   4.4
5703900119970721    .0
5703900119970722    .0
5703900119970723    .0
5703900119970724    .6
5703900119970725   1.8
5703900119970726    .2
5703900119970727    .2
5703900119970728    .0
5703900119970729    .0
5703900119970730    .0
5703900119970731   7.6
5703900119970801   4.8
5703900119970802   2.4
5703900119970803    .0
5703900119970804    .0
5703900119970805    .0
5703900119970806    .8
5703900119970807    .0
5703900119970808    .0
5703900119970809    .0
5703900119970810    .0
5703900119970811    .0
5703900119970812    .0
5703900119970813    .2
5703900119970814    .2
5703900119970815    .0
5703900119970816    .0
5703900119970817    .0
5703900119970818    .0
5703900119970819    .0
5703900119970820    .0
5703900119970821    .0
5703900119970822    .8
5703900119970823    .0
5703900119970824    .0
5703900119970825    .0
5703900119970826   9.2
5703900119970827  12.4
5703900119970828   6.2
5703900119970829    .4
5703900119970830   2.8
5703900119970831    .0
5703900119970901  10.6
5703900119970902    .6
5703900119970903    .0
5703900119970904    .0
5703900119970905    .2
5703900119970906    .0
5703900119970907    .2
5703900119970908    .0
5703900119970909    .0
5703900119970910    .0
5703900119970911    .0
5703900119970912   9.0
5703900119970913   1.2
5703900119970914    .0
5703900119970915    .0
5703900119970916    .0
5703900119970917    .0
5703900119970918    .0
5703900119970919    .0
5703900119970920    .0
5703900119970921    .0
5703900119970922    .0
5703900119970923    .0
5703900119970924    .0
5703900119970925    .0
5703900119970926    .0
5703900119970927    .0
5703900119970928    .0
5703900119970929    .0
5703900119970930    .0
5703900119971001    .0
5703900119971002    .0
5703900119971003    .0
5703900119971004    .0
5703900119971005    .0
5703900119971006   2.2
5703900119971007    .2
5703900119971008   1.8
5703900119971009    .6
5703900119971010   7.0
5703900119971011  14.4
5703900119971012   6.8
5703900119971013    .2
5703900119971014   5.8
5703900119971015   6.0
5703900119971016    .0
5703900119971017    .0
5703900119971018    .0
5703900119971019    .0
5703900119971020    .0
5703900119971021    .0
5703900119971022    .0
5703900119971023    .0
5703900119971024    .0
5703900119971025    .0
5703900119971026    .0
5703900119971027    .0
5703900119971028    .0
5703900119971029    .0
5703900119971030    .0
5703900119971031    .0
5703900119971101    .0
5703900119971102    .0
5703900119971103    .0
5703900119971104   6.0
5703900119971105  14.8
5703900119971106  17.6
5703900119971107    .2
5703900119971108   4.2
5703900119971109   1.6
5703900119971110   3.6
5703900119971111    .4
5703900119971112   3.2
5703900119971113    .2
5703900119971114    .0
5703900119971115   5.2
5703900119971116    .0
5703900119971117    .0
5703900119971118    .0
5703900119971119   1.8
5703900119971120   1.4
5703900119971121    .0
5703900119971122    .0
5703900119971123    .0
5703900119971124    .0
5703900119971125    .0
5703900119971126    .0
5703900119971127    .6
5703900119971128   3.6
5703900119971129   1.4
5703900119971130   4.4
5703900119971201    .0
5703900119971202   8.0
5703900119971203    .8
5703900119971204    .0
5703900119971205    .0
5703900119971206    .0
5703900119971207    .0
5703900119971208    .2
5703900119971209    .2
5703900119971210   4.8
5703900119971211   5.4
5703900119971212   4.6
5703900119971213    .0
5703900119971214    .0
5703900119971215    .0
5703900119971216    .0
5703900119971217  13.0
5703900119971218  10.6
5703900119971219    .0
5703900119971220  13.0
5703900119971221   7.8
5703900119971222    .0
5703900119971223    .2
5703900119971224   2.0
5703900119971225   7.2
5703900119971226   7.0
5703900119971227   3.4
5703900119971228    .0
5703900119971229    .2
5703900119971230    .0
5703900119971231   1.0
5703900119980101   3.0
5703900119980102   7.4
5703900119980103   7.0
5703900119980104   3.6
5703900119980105  12.4
5703900119980106   2.2
5703900119980107    .4
5703900119980108    .0
5703900119980109    .0
5703900119980110    .0
5703900119980111    .0
5703900119980112    .0
5703900119980113    .4
5703900119980114    .4
5703900119980115   2.4
5703900119980116    .6
5703900119980117    .0
5703900119980118  20.8
5703900119980119    .8
5703900119980120    .0
5703900119980121    .0
5703900119980122    .0
5703900119980123    .0
5703900119980124    .0
5703900119980125    .0
5703900119980126    .0
5703900119980127    .0
5703900119980128    .0
5703900119980129    .0
5703900119980130    .0
5703900119980131    .0
5703900119980201    .0
5703900119980202    .0
5703900119980203    .0
5703900119980204    .0
5703900119980205    .0
5703900119980206    .0
5703900119980207    .8
5703900119980208    .0
5703900119980209    .0
5703900119980210    .0
5703900119980211    .0
5703900119980212    .0
5703900119980213    .0
5703900119980214    .0
5703900119980215    .0
5703900119980216    .0
5703900119980217    .0
5703900119980218    .0
5703900119980219    .0
5703900119980220    .0
5703900119980221   2.8
5703900119980222   1.8
5703900119980223    .0
5703900119980224    .0
5703900119980225    .0
5703900119980226    .0
5703900119980227    .2
5703900119980228   1.4
5703900119980301    .0
5703900119980302    .0
5703900119980303    .8
5703900119980304  14.2
5703900119980305    .4
5703900119980306   2.6
5703900119980307   6.4
5703900119980308   1.8
5703900119980309    .0
5703900119980310    .0
5703900119980311   3.8
5703900119980312    .0
5703900119980313    .0
5703900119980314    .0
5703900119980315    .0
5703900119980316    .0
5703900119980317    .0
5703900119980318    .0
5703900119980319    .0
5703900119980320    .0
5703900119980321    .0
5703900119980322    .0
5703900119980323   1.6
5703900119980324    .0
5703900119980325    .0
5703900119980326    .0
5703900119980327   1.0
5703900119980328    .0
5703900119980329    .0
5703900119980330    .0
5703900119980331    .0
5703900119980401    .0
5703900119980402   5.4
5703900119980403  29.2
5703900119980404    .6
5703900119980405   2.4
5703900119980406  10.6
5703900119980407   7.0
5703900119980408   7.6
5703900119980409   6.4
5703900119980410   2.6
5703900119980411    .6
5703900119980412    .0
5703900119980413    .0
5703900119980414   3.0
5703900119980415   9.4
5703900119980416   2.2
5703900119980417   3.0
5703900119980418   1.2
5703900119980419   2.0
5703900119980420   7.2
5703900119980421    .0
5703900119980422    .0
5703900119980423   1.0
5703900119980424    .0
5703900119980425   7.0
5703900119980426  16.4
5703900119980427  10.6
5703900119980428    .2
5703900119980429    .0
5703900119980430    .0
5703900119980501   1.6
5703900119980502   1.2
5703900119980503    .0
5703900119980504    .0
5703900119980505    .2
5703900119980506    .2
5703900119980507    .0
5703900119980508    .0
5703900119980509    .0
5703900119980510    .0
5703900119980511    .0
5703900119980512    .0
5703900119980513    .0
5703900119980514    .0
5703900119980515    .0
5703900119980516    .0
5703900119980517    .0
5703900119980518    .0
5703900119980519    .0
5703900119980520    .0
5703900119980521    .0
5703900119980522    .0
5703900119980523    .0
5703900119980524    .0
5703900119980525   1.2
5703900119980526    .0
5703900119980527   3.4
5703900119980528  19.2
5703900119980529    .0
5703900119980530    .0
5703900119980531   9.8
5703900119980601    .2
5703900119980602   4.0
5703900119980603    .0
5703900119980604    .0
5703900119980605   2.6
5703900119980606    .2
5703900119980607  14.4
5703900119980608    .0
5703900119980609   6.4
5703900119980610   1.6
5703900119980611   2.0
5703900119980612    .8
5703900119980613   4.0
5703900119980614   4.0
5703900119980615   5.4
5703900119980616   1.2
5703900119980617    .2
5703900119980618    .0
5703900119980619    .0
5703900119980620    .0
5703900119980621    .0
5703900119980622    .0
5703900119980623    .0
5703900119980624    .0
5703900119980625   1.8
5703900119980626    .0
5703900119980627    .2
5703900119980628    .0
5703900119980629    .0
5703900119980630   1.8
5703900119980701    .8
5703900119980702    .0
5703900119980703    .0
5703900119980704    .0
5703900119980705    .0
5703900119980706    .0
5703900119980707   1.8
5703900119980708    .0
5703900119980709   2.0
5703900119980710   1.4
5703900119980711   1.2
5703900119980712   1.0
5703900119980713   6.8
5703900119980714   2.2
5703900119980715   1.0
5703900119980716  17.4
5703900119980717    .6
5703900119980718    .0
5703900119980719    .0
5703900119980720    .0
5703900119980721    .0
5703900119980722    .0
5703900119980723   3.2
5703900119980724    .0
5703900119980725    .0
5703900119980726    .0
5703900119980727    .0
5703900119980728    .6
5703900119980729   4.2
5703900119980730    .4
5703900119980731    .0
5703900119980801   2.0
5703900119980802    .6
5703900119980803    .0
5703900119980804    .4
5703900119980805    .0
5703900119980806    .0
5703900119980807    .0
5703900119980808    .0
5703900119980809    .0
5703900119980810    .0
5703900119980811    .0
5703900119980812    .0
5703900119980813    .0
5703900119980814    .0
5703900119980815    .0
5703900119980816    .0
5703900119980817    .0
5703900119980818    .0
5703900119980819    .0
5703900119980820    .2
5703900119980821   4.4
5703900119980822   3.8
5703900119980823   8.2
5703900119980824   1.2
5703900119980825    .0
5703900119980826    .0
5703900119980827    .0
5703900119980828    .0
5703900119980829    .0
5703900119980830    .0
5703900119980831    .0
5703900119980901   2.2
5703900119980902  30.6
5703900119980903   3.8
5703900119980904   6.6
5703900119980905   5.2
5703900119980906    .0
5703900119980907   3.6
5703900119980908    .2
5703900119980909   2.6
5703900119980910   3.4
5703900119980911   4.6
5703900119980912   8.2
5703900119980913   3.4
5703900119980914    .2
5703900119980915    .8
5703900119980916    .4
5703900119980917    .0
5703900119980918    .0
5703900119980919    .0
5703900119980920    .0
5703900119980921    .0
5703900119980922    .0
5703900119980923    .0
5703900119980924    .0
5703900119980925    .0
5703900119980926   4.6
5703900119980927   2.0
5703900119980928    .2
5703900119980929   1.4
5703900119980930   4.4
5703900119981001    .2
5703900119981002   1.2
5703900119981003    .4
5703900119981004   1.0
5703900119981005    .0
5703900119981006   7.8
5703900119981007    .0
5703900119981008    .4
5703900119981009    .2
5703900119981010   2.8
5703900119981011   3.2
5703900119981012    .4
5703900119981013   1.8
5703900119981014   2.4
5703900119981015    .2
5703900119981016   2.4
5703900119981017   1.4
5703900119981018    .0
5703900119981019   1.6
5703900119981020    .0
5703900119981021    .4
5703900119981022   4.2
5703900119981023  13.8
5703900119981024  26.0
5703900119981025   4.8
5703900119981026   1.2
5703900119981027   2.6
5703900119981028  52.0
5703900119981029   4.4
5703900119981030  12.4
5703900119981031  24.0
5703900119981101    .0
5703900119981102   3.2
5703900119981103    .2
5703900119981104    .4
5703900119981105    .0
5703900119981106    .2
5703900119981107    .0
5703900119981108   4.0
5703900119981109   1.8
5703900119981110   3.6
5703900119981111    .0
5703900119981112   1.2
5703900119981113    .0
5703900119981114   6.6
5703900119981115   6.2
5703900119981116    .0
5703900119981117    .0
5703900119981118   1.2
5703900119981119   1.0
5703900119981120    .0
5703900119981121    .0
5703900119981122    .0
5703900119981123    .0
5703900119981124    .0
5703900119981125    .0
5703900119981126   6.0
5703900119981127    .0
5703900119981128   1.4
5703900119981129   4.2
5703900119981130    .0
5703900119981201    .0
5703900119981202    .0
5703900119981203    .0
5703900119981204    .2
5703900119981205   2.0
5703900119981206    .0
5703900119981207    .2
5703900119981208    .6
5703900119981209   5.8
5703900119981210   7.6
5703900119981211   2.2
5703900119981212   5.2
5703900119981213    .0
5703900119981214    .4
5703900119981215    .0
5703900119981216    .0
5703900119981217    .0
5703900119981218   3.0
5703900119981219   2.6
5703900119981220    .4
5703900119981221    .0
5703900119981222    .0
5703900119981223    .2
5703900119981224    .2
5703900119981225    .2
5703900119981226   5.8
5703900119981227    .8
5703900119981228   1.2
5703900119981229    .0
5703900119981230    .0
5703900119981231    .0
