5716800119940101   1.6
5716800119940102  12.4
5716800119940103   8.0
5716800119940104   1.6
5716800119940105   2.4
5716800119940106  10.2
5716800119940107   1.4
5716800119940108    .0
5716800119940109    .0
5716800119940110    .0
5716800119940111    .6
5716800119940112   1.0
5716800119940113   9.8
5716800119940114    .6
5716800119940115    .0
5716800119940116    .6
5716800119940117    .0
5716800119940118    .0
5716800119940119    .0
5716800119940120    .2
5716800119940121    .0
5716800119940122    .0
5716800119940123   3.4
5716800119940124   8.8
5716800119940125  16.8
5716800119940126   2.8
5716800119940127   6.4
5716800119940128    .8
5716800119940129    .0
5716800119940130   1.8
5716800119940131    .0
5716800119940201   1.8
5716800119940202  13.8
5716800119940203   2.4
5716800119940204    .0
5716800119940205   6.6
5716800119940206  10.0
5716800119940207    .4
5716800119940208    .2
5716800119940209    .8
5716800119940210   1.2
5716800119940211    .2
5716800119940212    .0
5716800119940213    .0
5716800119940214    .0
5716800119940215    .0
5716800119940216    .0
5716800119940217    .0
5716800119940218    .0
5716800119940219    .0
5716800119940220  13.4
5716800119940221    .2
5716800119940222   7.0
5716800119940223   1.0
5716800119940224   7.8
5716800119940225   5.8
5716800119940226    .0
5716800119940227   4.2
5716800119940228   1.6
5716800119940301   1.0
5716800119940302   3.0
5716800119940303   4.2
5716800119940304    .0
5716800119940305   3.0
5716800119940306   2.3
5716800119940307    .0
5716800119940308    .2
5716800119940309    .0
5716800119940310    .4
5716800119940311    .0
5716800119940312   3.4
5716800119940313    .8
5716800119940314    .4
5716800119940315   4.8
5716800119940316   2.4
5716800119940317   1.4
5716800119940318   4.8
5716800119940319  15.0
5716800119940320  12.0
5716800119940321  10.2
5716800119940322    .0
5716800119940323    .0
5716800119940324    .4
5716800119940325   2.2
5716800119940326    .0
5716800119940327    .0
5716800119940328    .0
5716800119940329    .2
5716800119940330    .0
5716800119940331   4.8
5716800119940401  11.8
5716800119940402   1.8
5716800119940403    .2
5716800119940404   6.6
5716800119940405   2.2
5716800119940406    .0
5716800119940407   1.8
5716800119940408   8.4
5716800119940409   1.6
5716800119940410    .4
5716800119940411   7.8
5716800119940412    .6
5716800119940413  11.6
5716800119940414    .0
5716800119940415    .0
5716800119940416   2.8
5716800119940417   4.0
5716800119940418    .0
5716800119940419    .0
5716800119940420   1.0
5716800119940421    .0
5716800119940422    .0
5716800119940423   1.0
5716800119940424   4.0
5716800119940425    .0
5716800119940426    .0
5716800119940427    .0
5716800119940428    .0
5716800119940429    .0
5716800119940430    .0
5716800119940501    .0
5716800119940502    .0
5716800119940503   1.2
5716800119940504   3.6
5716800119940505   1.2
5716800119940506    .0
5716800119940507    .0
5716800119940508   8.4
5716800119940509   2.8
5716800119940510    .0
5716800119940511    .0
5716800119940512    .4
5716800119940513    .0
5716800119940514    .6
5716800119940515    .0
5716800119940516   2.8
5716800119940517    .0
5716800119940518  16.4
5716800119940519   1.6
5716800119940520   7.2
5716800119940521   5.4
5716800119940522   7.0
5716800119940523    .2
5716800119940524   8.2
5716800119940525    .2
5716800119940526   5.2
5716800119940527    .2
5716800119940528    .0
5716800119940529    .0
5716800119940530    .0
5716800119940531    .0
5716800119940601    .0
5716800119940602   5.0
5716800119940603  12.6
5716800119940604  11.0
5716800119940605    .4
5716800119940606   1.2
5716800119940607    .2
5716800119940608  17.6
5716800119940609    .0
5716800119940610   1.0
5716800119940611   2.6
5716800119940612    .0
5716800119940613    .0
5716800119940614    .0
5716800119940615    .0
5716800119940616    .0
5716800119940617    .0
5716800119940618    .0
5716800119940619    .0
5716800119940620    .0
5716800119940621    .0
5716800119940622    .0
5716800119940623    .0
5716800119940624    .0
5716800119940625   4.6
5716800119940626    .0
5716800119940627   3.0
5716800119940628    .2
5716800119940629    .0
5716800119940630    .0
5716800119940701    .0
5716800119940702    .0
5716800119940703    .0
5716800119940704    .0
5716800119940705    .0
5716800119940706    .0
5716800119940707   1.2
5716800119940708   2.6
5716800119940709    .0
5716800119940710    .0
5716800119940711    .0
5716800119940712    .0
5716800119940713    .0
5716800119940714   8.2
5716800119940715    .0
5716800119940716    .0
5716800119940717    .0
5716800119940718   4.2
5716800119940719  15.4
5716800119940720    .0
5716800119940721    .0
5716800119940722    .0
5716800119940723    .0
5716800119940724    .0
5716800119940725    .0
5716800119940726    .0
5716800119940727    .0
5716800119940728  13.8
5716800119940729    .0
5716800119940730    .0
5716800119940731    .4
5716800119940801    .0
5716800119940802    .0
5716800119940803    .0
5716800119940804    .0
5716800119940805   1.6
5716800119940806    .0
5716800119940807    .0
5716800119940808   2.0
5716800119940809    .0
5716800119940810    .8
5716800119940811   7.0
5716800119940812   3.8
5716800119940813    .2
5716800119940814    .0
5716800119940815    .0
5716800119940816    .0
5716800119940817   8.2
5716800119940818    .2
5716800119940819  12.0
5716800119940820    .2
5716800119940821    .0
5716800119940822    .0
5716800119940823  11.4
5716800119940824    .0
5716800119940825    .0
5716800119940826   1.2
5716800119940827    .0
5716800119940828   2.2
5716800119940829    .0
5716800119940830    .0
5716800119940831   2.6
5716800119940901    .0
5716800119940902    .8
5716800119940903    .0
5716800119940904    .0
5716800119940905   3.0
5716800119940906  20.8
5716800119940907   6.4
5716800119940908   7.2
5716800119940909   2.8
5716800119940910  15.0
5716800119940911  17.8
5716800119940912   6.8
5716800119940913  10.6
5716800119940914   1.2
5716800119940915   5.0
5716800119940916    .4
5716800119940917   1.4
5716800119940918  11.6
5716800119940919    .0
5716800119940920   2.2
5716800119940921    .0
5716800119940922    .0
5716800119940923    .0
5716800119940924  21.4
5716800119940925    .4
5716800119940926   1.4
5716800119940927    .0
5716800119940928    .0
5716800119940929    .0
5716800119940930    .0
5716800119941001   3.6
5716800119941002   1.8
5716800119941003   4.0
5716800119941004    .0
5716800119941005    .0
5716800119941006    .0
5716800119941007    .0
5716800119941008    .0
5716800119941009    .0
5716800119941010    .0
5716800119941011    .0
5716800119941012    .0
5716800119941013    .0
5716800119941014    .0
5716800119941015    .0
5716800119941016    .0
5716800119941017    .0
5716800119941018    .0
5716800119941019    .0
5716800119941020    .2
5716800119941021    .0
5716800119941022   1.4
5716800119941023   2.4
5716800119941024   1.4
5716800119941025   4.8
5716800119941026   2.4
5716800119941027    .6
5716800119941028   3.4
5716800119941029    .8
5716800119941030   2.2
5716800119941031   5.0
5716800119941101    .2
5716800119941102    .0
5716800119941103    .2
5716800119941104    .0
5716800119941105    .0
5716800119941106    .2
5716800119941107    .2
5716800119941108    .4
5716800119941109   9.0
5716800119941110   1.3
5716800119941111    .0
5716800119941112    .0
5716800119941113   1.6
5716800119941114    .0
5716800119941115   3.2
5716800119941116    .4
5716800119941117   3.4
5716800119941118   2.6
5716800119941119   4.4
5716800119941120    .0
5716800119941121    .0
5716800119941122    .0
5716800119941123    .0
5716800119941124    .0
5716800119941125    .0
5716800119941126    .0
5716800119941127    .0
5716800119941128    .0
5716800119941129    .0
5716800119941130    .0
5716800119941201    .0
5716800119941202    .0
5716800119941203    .0
5716800119941204    .0
5716800119941205    .0
5716800119941206    .0
5716800119941207   1.8
5716800119941208   3.8
5716800119941209  11.4
5716800119941210    .4
5716800119941211    .4
5716800119941212    .0
5716800119941213   1.8
5716800119941214    .0
5716800119941215    .0
5716800119941216    .4
5716800119941217    .0
5716800119941218   1.2
5716800119941219    .2
5716800119941220    .0
5716800119941221    .2
5716800119941222    .0
5716800119941223    .0
5716800119941224    .0
5716800119941225    .0
5716800119941226   3.6
5716800119941227   8.0
5716800119941228   2.4
5716800119941229   4.6
5716800119941230   7.8
5716800119941231  14.8
5716800119950101    .4
5716800119950102    .0
5716800119950103    .2
5716800119950104    .0
5716800119950105    .0
5716800119950106    .0
5716800119950107    .0
5716800119950108    .0
5716800119950109  12.6
5716800119950110  14.6
5716800119950111    .0
5716800119950112    .2
5716800119950113    .0
5716800119950114    .2
5716800119950115    .0
5716800119950116    .0
5716800119950117    .0
5716800119950118    .2
5716800119950119    .2
5716800119950120    .6
5716800119950121   4.8
5716800119950122  10.6
5716800119950123   4.8
5716800119950124   7.4
5716800119950125  18.0
5716800119950126   9.0
5716800119950127   5.6
5716800119950128  14.4
5716800119950129   7.8
5716800119950130   6.4
5716800119950131    .0
5716800119950201    .0
5716800119950202   1.2
5716800119950203    .0
5716800119950204   2.2
5716800119950205    .6
5716800119950206    .8
5716800119950207    .2
5716800119950208   7.2
5716800119950209   3.6
5716800119950210   2.2
5716800119950211   3.0
5716800119950212    .2
5716800119950213   6.0
5716800119950214   4.6
5716800119950215  13.4
5716800119950216   5.8
5716800119950217   7.8
5716800119950218   1.4
5716800119950219    .6
5716800119950220    .2
5716800119950221   4.4
5716800119950222    .0
5716800119950223   2.0
5716800119950224  17.4
5716800119950225   5.6
5716800119950226    .2
5716800119950227    .0
5716800119950228    .0
5716800119950301    .4
5716800119950302   2.6
5716800119950303   2.4
5716800119950304    .4
5716800119950305   6.2
5716800119950306   2.4
5716800119950307    .2
5716800119950308   1.6
5716800119950309   1.2
5716800119950310    .2
5716800119950311    .0
5716800119950312    .0
5716800119950313    .0
5716800119950314   1.4
5716800119950315   5.6
5716800119950316   1.0
5716800119950317  10.0
5716800119950318  38.6
5716800119950319  14.2
5716800119950320    .0
5716800119950321   1.4
5716800119950322    .2
5716800119950323    .0
5716800119950324    .0
5716800119950325   2.8
5716800119950326   4.4
5716800119950327  11.8
5716800119950328   3.8
5716800119950329    .0
5716800119950330    .4
5716800119950331   4.4
5716800119950401    .2
5716800119950402    .0
5716800119950403    .0
5716800119950404    .0
5716800119950405    .0
5716800119950406    .0
5716800119950407    .0
5716800119950408    .0
5716800119950409    .0
5716800119950410   2.2
5716800119950411    .0
5716800119950412    .2
5716800119950413    .0
5716800119950414    .0
5716800119950415   6.6
5716800119950416    .2
5716800119950417  12.2
5716800119950418  13.2
5716800119950419  13.2
5716800119950420    .4
5716800119950421    .0
5716800119950422    .0
5716800119950423    .0
5716800119950424    .2
5716800119950425  16.6
5716800119950426   6.4
5716800119950427   2.2
5716800119950428    .0
5716800119950429  10.6
5716800119950430    .4
5716800119950501    .0
5716800119950502    .0
5716800119950503    .0
5716800119950504    .0
5716800119950505    .0
5716800119950506    .0
5716800119950507    .0
5716800119950508    .0
5716800119950509    .0
5716800119950510    .0
5716800119950511    .0
5716800119950512    .0
5716800119950513  15.0
5716800119950514    .0
5716800119950515   2.0
5716800119950516  20.4
5716800119950517   4.2
5716800119950518  15.4
5716800119950519   1.2
5716800119950520    .0
5716800119950521    .0
5716800119950522    .0
5716800119950523    .0
5716800119950524    .0
5716800119950525   4.4
5716800119950526  11.6
5716800119950527   1.8
5716800119950528   5.6
5716800119950529  11.8
5716800119950530   5.8
5716800119950531  16.8
5716800119950601   1.0
5716800119950602   6.4
5716800119950603   1.0
5716800119950604   7.8
5716800119950605    .8
5716800119950606    .4
5716800119950607   1.4
5716800119950608    .4
5716800119950609    .0
5716800119950610    .2
5716800119950611    .0
5716800119950612   2.0
5716800119950613  10.4
5716800119950614   1.2
5716800119950615   3.4
5716800119950616   1.6
5716800119950617   3.2
5716800119950618    .4
5716800119950619    .0
5716800119950620   1.2
5716800119950621   1.0
5716800119950622    .0
5716800119950623   1.4
5716800119950624   1.4
5716800119950625    .0
5716800119950626    .0
5716800119950627    .0
5716800119950628    .0
5716800119950629    .0
5716800119950630    .0
5716800119950701  14.2
5716800119950702   1.6
5716800119950703   4.2
5716800119950704   3.8
5716800119950705    .0
5716800119950706    .0
5716800119950707    .0
5716800119950708    .0
5716800119950709    .0
5716800119950710    .0
5716800119950711    .0
5716800119950712   2.4
5716800119950713    .0
5716800119950714   1.2
5716800119950715   7.6
5716800119950716    .0
5716800119950717    .2
5716800119950718    .0
5716800119950719    .0
5716800119950720    .0
5716800119950721    .0
5716800119950722  32.8
5716800119950723    .2
5716800119950724    .0
5716800119950725    .0
5716800119950726    .8
5716800119950727   1.4
5716800119950728   2.4
5716800119950729    .0
5716800119950730    .0
5716800119950731    .0
5716800119950801    .0
5716800119950802    .0
5716800119950803    .0
5716800119950804    .0
5716800119950805    .0
5716800119950806   3.0
5716800119950807  18.8
5716800119950808   1.2
5716800119950809    .2
5716800119950810    .0
5716800119950811    .0
5716800119950812    .2
5716800119950813    .2
5716800119950814   1.6
5716800119950815    .0
5716800119950816    .0
5716800119950817    .0
5716800119950818    .0
5716800119950819   1.6
5716800119950820    .0
5716800119950821    .0
5716800119950822    .0
5716800119950823  10.6
5716800119950824   1.0
5716800119950825    .8
5716800119950826   1.0
5716800119950827  25.6
5716800119950828  15.0
5716800119950829   2.2
5716800119950830    .0
5716800119950831    .0
5716800119950901    .0
5716800119950902    .0
5716800119950903  12.4
5716800119950904    .6
5716800119950905    .8
5716800119950906    .0
5716800119950907   5.4
5716800119950908   1.6
5716800119950909   2.6
5716800119950910   1.2
5716800119950911    .6
5716800119950912   5.6
5716800119950913  34.0
5716800119950914    .2
5716800119950915    .0
5716800119950916   1.0
5716800119950917    .2
5716800119950918    .2
5716800119950919  23.2
5716800119950920   9.0
5716800119950921    .6
5716800119950922    .0
5716800119950923    .4
5716800119950924   5.2
5716800119950925    .2
5716800119950926    .0
5716800119950927   9.6
5716800119950928    .2
5716800119950929    .2
5716800119950930    .0
5716800119951001   5.6
5716800119951002   1.8
5716800119951003  22.2
5716800119951004    .0
5716800119951005   5.0
5716800119951006    .6
5716800119951007    .4
5716800119951008    .2
5716800119951009    .4
5716800119951010    .4
5716800119951011    .0
5716800119951012    .2
5716800119951013    .2
5716800119951014    .2
5716800119951015    .2
5716800119951016    .0
5716800119951017    .4
5716800119951018   1.4
5716800119951019    .0
5716800119951020    .2
5716800119951021    .2
5716800119951022    .0
5716800119951023    .2
5716800119951024    .0
5716800119951025   1.0
5716800119951026    .2
5716800119951027  26.4
5716800119951028  13.4
5716800119951029   1.6
5716800119951030    .6
5716800119951031    .4
5716800119951101  11.2
5716800119951102   2.6
5716800119951103    .4
5716800119951104    .2
5716800119951105    .0
5716800119951106    .0
5716800119951107    .2
5716800119951108    .2
5716800119951109    .2
5716800119951110    .2
5716800119951111    .0
5716800119951112    .0
5716800119951113   1.6
5716800119951114    .6
5716800119951115   9.6
5716800119951116  12.6
5716800119951117   5.4
5716800119951118    .8
5716800119951119   6.0
5716800119951120    .0
5716800119951121    .0
5716800119951122    .8
5716800119951123    .0
5716800119951124    .0
5716800119951125    .2
5716800119951126    .2
5716800119951127   3.2
5716800119951128    .4
5716800119951129    .0
5716800119951130    .0
5716800119951201    .0
5716800119951202   2.8
5716800119951203    .4
5716800119951204    .0
5716800119951205    .0
5716800119951206    .0
5716800119951207    .0
5716800119951208   1.0
5716800119951209    .0
5716800119951210    .0
5716800119951211    .0
5716800119951212    .8
5716800119951213    .0
5716800119951214    .0
5716800119951215    .0
5716800119951216    .0
5716800119951217   1.0
5716800119951218    .0
5716800119951219    .2
5716800119951220   9.6
5716800119951221  11.0
5716800119951222   8.4
5716800119951223  11.6
5716800119951224  12.0
5716800119951225   3.4
5716800119951226    .0
5716800119951227    .0
5716800119951228    .0
5716800119951229    .0
5716800119951230    .0
5716800119951231    .0
5716800119960101    .0
5716800119960102    .0
5716800119960103    .0
5716800119960104    .0
5716800119960105    .0
5716800119960106    .0
5716800119960107   5.2
5716800119960108   3.2
5716800119960109   5.0
5716800119960110    .0
5716800119960111   1.0
5716800119960112    .2
5716800119960113    .2
5716800119960114    .2
5716800119960115    .2
5716800119960116    .0
5716800119960117    .0
5716800119960118    .0
5716800119960119    .0
5716800119960120    .0
5716800119960121    .0
5716800119960122    .0
5716800119960123    .0
5716800119960124    .0
5716800119960125    .0
5716800119960126    .0
5716800119960127    .0
5716800119960128    .0
5716800119960129    .0
5716800119960130    .2
5716800119960131    .0
5716800119960201    .0
5716800119960202    .0
5716800119960203    .0
5716800119960204    .0
5716800119960205    .0
5716800119960206    .0
5716800119960207    .0
5716800119960208    .0
5716800119960209    .0
5716800119960210   2.0
5716800119960211   1.0
5716800119960212   7.6
5716800119960213    .6
5716800119960214    .0
5716800119960215   2.2
5716800119960216   2.4
5716800119960217   4.2
5716800119960218  10.4
5716800119960219    .0
5716800119960220    .2
5716800119960221    .0
5716800119960222    .0
5716800119960223    .4
5716800119960224    .0
5716800119960225    .0
5716800119960226    .0
5716800119960227    .0
5716800119960228    .0
5716800119960229    .0
5716800119960301    .8
5716800119960302   1.4
5716800119960303    .0
5716800119960304    .0
5716800119960305    .4
5716800119960306    .0
5716800119960307   2.6
5716800119960308    .0
5716800119960309    .0
5716800119960310    .0
5716800119960311    .0
5716800119960312    .0
5716800119960313    .0
5716800119960314    .0
5716800119960315    .0
5716800119960316    .0
5716800119960317    .0
5716800119960318    .0
5716800119960319    .2
5716800119960320    .2
5716800119960321  12.2
5716800119960322   7.6
5716800119960323    .4
5716800119960324    .0
5716800119960325   1.0
5716800119960326   5.2
5716800119960327    .2
5716800119960328    .0
5716800119960329   2.8
5716800119960330    .4
5716800119960331   1.0
5716800119960401    .0
5716800119960402    .0
5716800119960403    .0
5716800119960404   2.0
5716800119960405    .2
5716800119960406    .0
5716800119960407    .0
5716800119960408    .0
5716800119960409    .0
5716800119960410   1.4
5716800119960411   2.2
5716800119960412    .8
5716800119960413    .2
5716800119960414    .0
5716800119960415    .0
5716800119960416    .0
5716800119960417    .0
5716800119960418    .0
5716800119960419    .0
5716800119960420    .0
5716800119960421    .0
5716800119960422    .0
5716800119960423  15.6
5716800119960424    .4
5716800119960425    .0
5716800119960426    .0
5716800119960427   6.4
5716800119960428   2.0
5716800119960429    .4
5716800119960430    .0
5716800119960501   2.8
5716800119960502   6.4
5716800119960503   5.8
5716800119960504    .2
5716800119960505    .0
5716800119960506    .0
5716800119960507   4.4
5716800119960508    .0
5716800119960509    .4
5716800119960510    .0
5716800119960511    .0
5716800119960512    .4
5716800119960513   2.4
5716800119960514   4.4
5716800119960515  10.4
5716800119960516   1.0
5716800119960517   6.6
5716800119960518   8.0
5716800119960519   6.6
5716800119960520    .0
5716800119960521   4.8
5716800119960522   2.8
5716800119960523    .6
5716800119960524  10.0
5716800119960525  10.0
5716800119960526   5.2
5716800119960527   6.0
5716800119960528    .2
5716800119960529    .0
5716800119960530    .0
5716800119960531    .0
5716800119960601   9.6
5716800119960602   1.2
5716800119960603    .4
5716800119960604    .0
5716800119960605    .0
5716800119960606    .0
5716800119960607    .0
5716800119960608   3.2
5716800119960609    .0
5716800119960610    .0
5716800119960611    .0
5716800119960612    .0
5716800119960613    .0
5716800119960614    .0
5716800119960615    .0
5716800119960616    .0
5716800119960617    .0
5716800119960618    .0
5716800119960619    .8
5716800119960620  17.8
5716800119960621   6.6
5716800119960622   6.6
5716800119960623    .0
5716800119960624    .0
5716800119960625    .0
5716800119960626    .0
5716800119960627    .0
5716800119960628    .0
5716800119960629   4.2
5716800119960630   5.0
5716800119960701    .6
5716800119960702    .0
5716800119960703   5.8
5716800119960704   5.2
5716800119960705  14.0
5716800119960706   2.0
5716800119960707  18.4
5716800119960708   2.0
5716800119960709   2.4
5716800119960710   8.2
5716800119960711    .0
5716800119960712    .2
5716800119960713    .0
5716800119960714    .0
5716800119960715    .0
5716800119960716    .0
5716800119960717    .0
5716800119960718    .0
5716800119960719    .0
5716800119960720    .0
5716800119960721    .0
5716800119960722    .0
5716800119960723    .0
5716800119960724    .0
5716800119960725    .4
5716800119960726    .0
5716800119960727    .0
5716800119960728   3.0
5716800119960729   8.0
5716800119960730    .2
5716800119960731    .0
5716800119960801    .0
5716800119960802    .0
5716800119960803   3.6
5716800119960804    .0
5716800119960805   3.0
5716800119960806   1.0
5716800119960807    .0
5716800119960808    .0
5716800119960809    .0
5716800119960810   2.6
5716800119960811   2.6
5716800119960812   3.6
5716800119960813   7.2
5716800119960814    .2
5716800119960815    .8
5716800119960816    .0
5716800119960817    .0
5716800119960818    .0
5716800119960819    .0
5716800119960820  20.4
5716800119960821   1.6
5716800119960822   7.8
5716800119960823    .0
5716800119960824    .0
5716800119960825    .8
5716800119960826  15.6
5716800119960827   5.0
5716800119960828    .0
5716800119960829   1.6
5716800119960830    .0
5716800119960831    .0
5716800119960901    .0
5716800119960902    .0
5716800119960903    .0
5716800119960904    .0
5716800119960905    .0
5716800119960906   3.0
5716800119960907    .0
5716800119960908    .0
5716800119960909    .0
5716800119960910    .0
5716800119960911    .0
5716800119960912   5.2
5716800119960913    .2
5716800119960914   1.2
5716800119960915    .0
5716800119960916    .0
5716800119960917    .0
5716800119960918    .0
5716800119960919    .0
5716800119960920   6.0
5716800119960921    .0
5716800119960922   1.8
5716800119960923   1.2
5716800119960924   1.0
5716800119960925    .0
5716800119960926    .0
5716800119960927  10.4
5716800119960928    .2
5716800119960929    .0
5716800119960930    .0
5716800119961001  10.4
5716800119961002    .0
5716800119961003    .0
5716800119961004   3.4
5716800119961005    .4
5716800119961006    .0
5716800119961007    .0
5716800119961008    .0
5716800119961009    .0
5716800119961010    .0
5716800119961011    .0
5716800119961012    .0
5716800119961013    .0
5716800119961014    .0
5716800119961015  14.8
5716800119961016   9.6
5716800119961017    .2
5716800119961018   4.0
5716800119961019   3.6
5716800119961020   5.2
5716800119961021   2.4
5716800119961022    .0
5716800119961023    .0
5716800119961024    .0
5716800119961025    .0
5716800119961026    .0
5716800119961027    .0
5716800119961028    .0
5716800119961029   9.4
5716800119961030    .0
5716800119961031   4.4
5716800119961101   1.0
5716800119961102    .0
5716800119961103    .0
5716800119961104   3.4
5716800119961105   2.4
5716800119961106   8.2
5716800119961107  16.4
5716800119961108   4.0
5716800119961109    .0
5716800119961110   4.0
5716800119961111  21.8
5716800119961112  52.8
5716800119961113   3.4
5716800119961114    .0
5716800119961115    .0
5716800119961116    .0
5716800119961117    .0
5716800119961118  24.8
5716800119961119   2.6
5716800119961120   6.8
5716800119961121   3.0
5716800119961122    .0
5716800119961123    .8
5716800119961124    .0
5716800119961125   8.8
5716800119961126   1.2
5716800119961127    .0
5716800119961128    .0
5716800119961129  12.6
5716800119961130   3.8
5716800119961201   1.8
5716800119961202   4.2
5716800119961203    .6
5716800119961204    .0
5716800119961205    .0
5716800119961206    .0
5716800119961207    .0
5716800119961208    .0
5716800119961209    .0
5716800119961210    .0
5716800119961211    .0
5716800119961212   3.0
5716800119961213   3.0
5716800119961214    .0
5716800119961215    .0
5716800119961216    .0
5716800119961217  13.2
5716800119961218    .8
5716800119961219   2.2
5716800119961220  14.2
5716800119961221    .0
5716800119961222   9.0
5716800119961223   9.0
5716800119961224    .2
5716800119961225    .0
5716800119961226    .0
5716800119961227    .0
5716800119961228    .0
5716800119961229   1.6
5716800119961230   1.0
5716800119961231    .0
5716800119970101    .0
5716800119970102   1.0
5716800119970103    .2
5716800119970104   5.0
5716800119970105    .0
5716800119970106    .0
5716800119970107    .0
5716800119970108    .0
5716800119970109    .0
5716800119970110    .0
5716800119970111    .0
5716800119970112    .0
5716800119970113    .0
5716800119970114    .0
5716800119970115    .0
5716800119970116    .0
5716800119970117    .0
5716800119970118   3.8
5716800119970119   4.4
5716800119970120    .0
5716800119970121    .0
5716800119970122   4.6
5716800119970123   2.8
5716800119970124    .0
5716800119970125    .0
5716800119970126    .8
5716800119970127   1.2
5716800119970128    .0
5716800119970129    .0
5716800119970130    .0
5716800119970131    .0
5716800119970201    .0
5716800119970202    .0
5716800119970203    .0
5716800119970204    .4
5716800119970205   3.2
5716800119970206    .0
5716800119970207    .0
5716800119970208    .0
5716800119970209    .0
5716800119970210   2.0
5716800119970211   6.0
5716800119970212   7.0
5716800119970213   8.4
5716800119970214  26.0
5716800119970215    .2
5716800119970216    .0
5716800119970217    .2
5716800119970218   7.0
5716800119970219    .6
5716800119970220    .0
5716800119970221    .8
5716800119970222    .0
5716800119970223    .4
5716800119970224   2.2
5716800119970225  73.6
5716800119970226   7.6
5716800119970227    .0
5716800119970228    .0
5716800119970301    .0
5716800119970302   1.8
5716800119970303   2.2
5716800119970304    .8
5716800119970305   2.8
5716800119970306    .0
5716800119970307    .0
5716800119970308    .0
5716800119970309    .0
5716800119970310    .0
5716800119970311    .0
5716800119970312    .0
5716800119970313    .0
5716800119970314   2.0
5716800119970315   1.2
5716800119970316    .0
5716800119970317    .0
5716800119970318   2.0
5716800119970319   7.0
5716800119970320   1.4
5716800119970321    .4
5716800119970322    .0
5716800119970323   2.2
5716800119970324    .2
5716800119970325    .4
5716800119970326    .4
5716800119970327   5.6
5716800119970328    .4
5716800119970329    .2
5716800119970330    .6
5716800119970331    .0
5716800119970401    .0
5716800119970402    .0
5716800119970403   1.2
5716800119970404    .0
5716800119970405    .0
5716800119970406    .0
5716800119970407    .0
5716800119970408    .2
5716800119970409    .0
5716800119970410    .0
5716800119970411    .0
5716800119970412    .0
5716800119970413    .0
5716800119970414    .0
5716800119970415    .0
5716800119970416    .0
5716800119970417    .0
5716800119970418    .0
5716800119970419   2.4
5716800119970420    .0
5716800119970421    .0
5716800119970422    .0
5716800119970423    .0
5716800119970424    .0
5716800119970425   5.4
5716800119970426   9.0
5716800119970427   2.0
5716800119970428   1.8
5716800119970429   9.0
5716800119970430    .0
5716800119970501    .0
5716800119970502    .0
5716800119970503    .2
5716800119970504    .0
5716800119970505   5.4
5716800119970506  13.6
5716800119970507   2.6
5716800119970508   2.0
5716800119970509   5.0
5716800119970510    .0
5716800119970511    .0
5716800119970512    .2
5716800119970513    .0
5716800119970514    .0
5716800119970515    .0
5716800119970516    .0
5716800119970517   4.8
5716800119970518   1.4
5716800119970519   6.2
5716800119970520   7.6
5716800119970521   4.2
5716800119970522    .0
5716800119970523    .4
5716800119970524    .0
5716800119970525    .0
5716800119970526    .0
5716800119970527    .0
5716800119970528    .0
5716800119970529    .0
5716800119970530    .0
5716800119970531    .0
5716800119970601    .0
5716800119970602   1.4
5716800119970603    .6
5716800119970604    .0
5716800119970605   1.8
5716800119970606    .0
5716800119970607  14.6
5716800119970608  12.8
5716800119970609    .0
5716800119970610    .0
5716800119970611   8.2
5716800119970612   6.0
5716800119970613   9.6
5716800119970614   9.0
5716800119970615    .0
5716800119970616   9.8
5716800119970617  13.4
5716800119970618    .0
5716800119970619   6.4
5716800119970620   4.6
5716800119970621  16.8
5716800119970622   3.0
5716800119970623  12.2
5716800119970624   4.2
5716800119970625   2.8
5716800119970626   2.0
5716800119970627   2.2
5716800119970628    .0
5716800119970629   8.2
5716800119970630    .2
5716800119970701   4.0
5716800119970702   1.8
5716800119970703    .6
5716800119970704   3.4
5716800119970705   3.4
5716800119970706    .4
5716800119970707    .0
5716800119970708    .0
5716800119970709    .0
5716800119970710    .0
5716800119970711    .0
5716800119970712    .0
5716800119970713    .0
5716800119970714   2.0
5716800119970715    .0
5716800119970716    .2
5716800119970717   2.6
5716800119970718   5.4
5716800119970719   5.2
5716800119970720    .0
5716800119970721    .2
5716800119970722    .0
5716800119970723    .2
5716800119970724   7.8
5716800119970725   2.6
5716800119970726    .2
5716800119970727    .2
5716800119970728    .0
5716800119970729    .0
5716800119970730    .0
5716800119970731  11.0
5716800119970801   3.8
5716800119970802   3.2
5716800119970803    .0
5716800119970804    .0
5716800119970805    .0
5716800119970806    .0
5716800119970807   1.0
5716800119970808   2.6
5716800119970809    .0
5716800119970810    .0
5716800119970811    .0
5716800119970812    .0
5716800119970813    .0
5716800119970814    .0
5716800119970815    .0
5716800119970816    .0
5716800119970817    .0
5716800119970818   1.0
5716800119970819    .0
5716800119970820    .0
5716800119970821    .0
5716800119970822    .0
5716800119970823    .0
5716800119970824    .0
5716800119970825    .0
5716800119970826    .0
5716800119970827  15.2
5716800119970828   7.2
5716800119970829    .8
5716800119970830   1.8
5716800119970831    .0
5716800119970901   1.8
5716800119970902   2.4
5716800119970903    .0
5716800119970904    .2
5716800119970905   3.8
5716800119970906    .0
5716800119970907    .2
5716800119970908    .0
5716800119970909    .0
5716800119970910    .0
5716800119970911    .0
5716800119970912   8.6
5716800119970913    .0
5716800119970914    .0
5716800119970915    .0
5716800119970916    .0
5716800119970917    .0
5716800119970918    .2
5716800119970919    .0
5716800119970920    .0
5716800119970921    .0
5716800119970922    .0
5716800119970923    .0
5716800119970924    .0
5716800119970925    .0
5716800119970926    .0
5716800119970927    .0
5716800119970928    .0
5716800119970929    .0
5716800119970930    .0
5716800119971001    .0
5716800119971002    .0
5716800119971003    .0
5716800119971004    .0
5716800119971005    .0
5716800119971006    .0
5716800119971007   1.0
5716800119971008   2.4
5716800119971009    .2
5716800119971010  23.6
5716800119971011  15.4
5716800119971012   4.8
5716800119971013    .8
5716800119971014   6.0
5716800119971015   7.0
5716800119971016    .6
5716800119971017    .0
5716800119971018    .4
5716800119971019    .0
5716800119971020    .0
5716800119971021    .0
5716800119971022    .0
5716800119971023    .0
5716800119971024    .0
5716800119971025    .0
5716800119971026    .0
5716800119971027    .0
5716800119971028    .0
5716800119971029    .0
5716800119971030    .0
5716800119971031    .0
5716800119971101    .0
5716800119971102    .0
5716800119971103    .0
5716800119971104   4.0
5716800119971105  34.8
5716800119971106  17.0
5716800119971107    .2
5716800119971108   3.0
5716800119971109   6.0
5716800119971110   2.4
5716800119971111   6.8
5716800119971112  10.6
5716800119971113    .0
5716800119971114    .0
5716800119971115   4.8
5716800119971116    .8
5716800119971117    .0
5716800119971118    .0
5716800119971119   2.4
5716800119971120   1.6
5716800119971121    .2
5716800119971122    .0
5716800119971123    .0
5716800119971124    .0
5716800119971125    .0
5716800119971126    .0
5716800119971127    .2
5716800119971128   3.0
5716800119971129   1.6
5716800119971130   2.4
5716800119971201    .0
5716800119971202   9.0
5716800119971203   2.0
5716800119971204    .0
5716800119971205    .0
5716800119971206    .0
5716800119971207    .0
5716800119971208    .2
5716800119971209    .6
5716800119971210   4.0
5716800119971211  12.6
5716800119971212   3.0
5716800119971213    .0
5716800119971214   3.6
5716800119971215    .0
5716800119971216    .0
5716800119971217  14.0
5716800119971218   5.4
5716800119971219   1.4
5716800119971220  29.0
5716800119971221  18.8
5716800119971222    .0
5716800119971223    .6
5716800119971224   1.8
5716800119971225   4.6
5716800119971226  10.0
5716800119971227   4.4
5716800119971228   1.4
5716800119971229    .0
5716800119971230    .0
5716800119971231    .0
5716800119980101   5.4
5716800119980102   6.6
5716800119980103   6.4
5716800119980104   1.2
5716800119980105   7.0
5716800119980106   2.4
5716800119980107   1.8
5716800119980108    .0
5716800119980109    .0
5716800119980110    .0
5716800119980111    .0
5716800119980112    .0
5716800119980113    .0
5716800119980114   1.6
5716800119980115   6.6
5716800119980116   5.0
5716800119980117    .0
5716800119980118   7.0
5716800119980119   7.8
5716800119980120   1.0
5716800119980121    .0
5716800119980122    .0
5716800119980123    .0
5716800119980124    .8
5716800119980125    .0
5716800119980126    .0
5716800119980127    .0
5716800119980128    .0
5716800119980129    .0
5716800119980130    .0
5716800119980131    .0
5716800119980201    .0
5716800119980202    .0
5716800119980203    .0
5716800119980204    .0
5716800119980205    .0
5716800119980206    .0
5716800119980207    .6
5716800119980208    .0
5716800119980209    .0
5716800119980210    .0
5716800119980211    .0
5716800119980212    .0
5716800119980213    .0
5716800119980214    .0
5716800119980215    .0
5716800119980216    .0
5716800119980217    .0
5716800119980218    .0
5716800119980219    .0
5716800119980220    .0
5716800119980221   2.2
5716800119980222   7.6
5716800119980223    .0
5716800119980224    .0
5716800119980225    .2
5716800119980226    .0
5716800119980227    .0
5716800119980228   4.4
5716800119980301    .0
5716800119980302    .0
5716800119980303    .0
5716800119980304  11.4
5716800119980305   4.8
5716800119980306   2.4
5716800119980307  10.2
5716800119980308   5.6
5716800119980309    .0
5716800119980310    .0
5716800119980311   2.6
5716800119980312    .2
5716800119980313    .2
5716800119980314    .4
5716800119980315   1.2
5716800119980316    .0
5716800119980317    .0
5716800119980318    .0
5716800119980319    .0
5716800119980320    .6
5716800119980321    .0
5716800119980322    .4
5716800119980323   3.8
5716800119980324    .0
5716800119980325    .0
5716800119980326    .0
5716800119980327    .0
5716800119980328    .0
5716800119980329    .0
5716800119980330    .0
5716800119980331    .0
5716800119980401   1.6
5716800119980402   5.2
5716800119980403  12.6
5716800119980404   1.4
5716800119980405    .8
5716800119980406   9.8
5716800119980407   7.8
5716800119980408   4.8
5716800119980409  11.0
5716800119980410   4.6
5716800119980411    .0
5716800119980412   7.2
5716800119980413   1.6
5716800119980414    .0
5716800119980415   2.6
5716800119980416    .2
5716800119980417   4.2
5716800119980418   7.6
5716800119980419    .0
5716800119980420   2.2
5716800119980421    .0
5716800119980422    .0
5716800119980423    .4
5716800119980424    .0
5716800119980425   6.2
5716800119980426  12.8
5716800119980427   1.6
5716800119980428    .0
5716800119980429    .0
5716800119980430    .0
5716800119980501   1.8
5716800119980502   2.8
5716800119980503   2.8
5716800119980504    .0
5716800119980505    .0
5716800119980506    .0
5716800119980507    .0
5716800119980508    .0
5716800119980509    .0
5716800119980510    .0
5716800119980511    .0
5716800119980512    .0
5716800119980513    .0
5716800119980514    .0
5716800119980515    .0
5716800119980516    .0
5716800119980517    .0
5716800119980518    .0
5716800119980519    .0
5716800119980520    .6
5716800119980521    .0
5716800119980522    .0
5716800119980523    .0
5716800119980524    .0
5716800119980525    .2
5716800119980526   5.0
5716800119980527   3.2
5716800119980528  11.2
5716800119980529    .0
5716800119980530   3.0
5716800119980531   8.8
5716800119980601    .2
5716800119980602   5.4
5716800119980603    .0
5716800119980604    .0
5716800119980605    .0
5716800119980606  11.6
5716800119980607  17.2
5716800119980608    .0
5716800119980609  11.0
5716800119980610   8.0
5716800119980611   2.6
5716800119980612   3.0
5716800119980613   1.6
5716800119980614   6.0
5716800119980615   4.0
5716800119980616   2.4
5716800119980617   1.8
5716800119980618    .0
5716800119980619    .0
5716800119980620    .0
5716800119980621    .0
5716800119980622    .0
5716800119980623    .0
5716800119980624    .0
5716800119980625    .2
5716800119980626    .0
5716800119980627    .4
5716800119980628    .0
5716800119980629    .0
5716800119980630    .0
5716800119980701    .0
5716800119980702    .6
5716800119980703    .0
5716800119980704    .0
5716800119980705    .0
5716800119980706    .0
5716800119980707    .2
5716800119980708    .0
5716800119980709    .2
5716800119980710   4.6
5716800119980711    .8
5716800119980712    .4
5716800119980713   3.4
5716800119980714   1.4
5716800119980715    .4
5716800119980716   5.8
5716800119980717   3.0
5716800119980718   4.6
5716800119980719   6.4
5716800119980720    .0
5716800119980721   1.6
5716800119980722    .0
5716800119980723    .0
5716800119980724    .0
5716800119980725    .0
5716800119980726    .0
5716800119980727    .2
5716800119980728   1.4
5716800119980729  10.6
5716800119980730   5.6
5716800119980731    .0
5716800119980801   5.6
5716800119980802  11.0
5716800119980803    .0
5716800119980804    .0
5716800119980805    .0
5716800119980806    .0
5716800119980807    .0
5716800119980808    .0
5716800119980809    .0
5716800119980810    .0
5716800119980811    .0
5716800119980812    .0
5716800119980813    .0
5716800119980814    .0
5716800119980815    .0
5716800119980816    .0
5716800119980817    .2
5716800119980818    .0
5716800119980819    .0
5716800119980820    .0
5716800119980821   7.8
5716800119980822   9.6
5716800119980823   5.6
5716800119980824   3.8
5716800119980825    .0
5716800119980826    .2
5716800119980827    .0
5716800119980828    .0
5716800119980829    .0
5716800119980830    .0
5716800119980831    .0
5716800119980901    .0
5716800119980902   4.4
5716800119980903   3.8
5716800119980904   4.0
5716800119980905  12.8
5716800119980906    .0
5716800119980907   9.8
5716800119980908    .0
5716800119980909   1.2
5716800119980910  16.2
5716800119980911   4.6
5716800119980912   9.0
5716800119980913   7.0
5716800119980914   7.0
5716800119980915   2.0
5716800119980916    .2
5716800119980917    .0
5716800119980918    .2
5716800119980919    .0
5716800119980920    .0
5716800119980921    .0
5716800119980922    .0
5716800119980923    .0
5716800119980924    .0
5716800119980925    .2
5716800119980926   8.2
5716800119980927   2.4
5716800119980928   1.0
5716800119980929    .4
5716800119980930  14.2
5716800119981001   3.4
5716800119981002    .0
5716800119981003   1.2
5716800119981004   3.4
5716800119981005    .4
5716800119981006   3.0
5716800119981007    .2
5716800119981008    .2
5716800119981009    .0
5716800119981010   3.4
5716800119981011   4.0
5716800119981012   1.0
5716800119981013    .2
5716800119981014   2.4
5716800119981015   9.4
5716800119981016    .2
5716800119981017   1.8
5716800119981018    .0
5716800119981019   1.4
5716800119981020    .0
5716800119981021    .0
5716800119981022    .4
5716800119981023   7.8
5716800119981024  18.8
5716800119981025   4.2
5716800119981026   3.6
5716800119981027   3.6
5716800119981028 101.0
5716800119981029  18.6
5716800119981030  13.0
5716800119981031  16.6
5716800119981101    .8
5716800119981102   8.0
5716800119981103   7.0
5716800119981104    .8
5716800119981105    .2
5716800119981106    .2
5716800119981107    .0
5716800119981108   4.6
5716800119981109   2.8
5716800119981110    .6
5716800119981111    .0
5716800119981112   2.6
5716800119981113    .2
5716800119981114  20.8
5716800119981115  18.6
5716800119981116   3.6
5716800119981117    .0
5716800119981118    .2
5716800119981119   1.3
5716800119981120    .0
5716800119981121    .0
5716800119981122    .0
5716800119981123    .0
5716800119981124    .0
5716800119981125    .0
5716800119981126   4.6
5716800119981127    .6
5716800119981128   2.0
5716800119981129   3.1
5716800119981130    .0
5716800119981201    .0
5716800119981202    .0
5716800119981203    .0
5716800119981204   3.2
5716800119981205   3.2
5716800119981206    .7
5716800119981207    .0
5716800119981208    .0
5716800119981209   5.3
5716800119981210  11.6
5716800119981211  20.8
5716800119981212   3.4
5716800119981213    .0
5716800119981214    .0
5716800119981215    .0
5716800119981216    .2
5716800119981217    .0
5716800119981218   6.6
5716800119981219   2.8
5716800119981220    .6
5716800119981221    .0
5716800119981222    .0
5716800119981223    .2
5716800119981224   2.4
5716800119981225    .2
5716800119981226   2.8
5716800119981227    .0
5716800119981228   2.6
5716800119981229    .4
5716800119981230    .0
5716800119981231    .0
