5816000119940101   7.4
5816000119940102   3.2
5816000119940103   7.8
5816000119940104   1.8
5816000119940105  12.0
5816000119940106   9.6
5816000119940107    .4
5816000119940108    .6
5816000119940109    .0
5816000119940110   8.8
5816000119940111   1.6
5816000119940112   1.4
5816000119940113   7.2
5816000119940114   2.4
5816000119940115   3.6
5816000119940116   2.2
5816000119940117    .0
5816000119940118    .0
5816000119940119    .4
5816000119940120    .0
5816000119940121    .0
5816000119940122    .0
5816000119940123   7.0
5816000119940124   6.4
5816000119940125   2.0
5816000119940126    .4
5816000119940127   3.8
5816000119940128    .0
5816000119940129    .0
5816000119940130    .0
5816000119940131    .0
5816000119940201   3.0
5816000119940202   8.6
5816000119940203  22.4
5816000119940204   3.0
5816000119940205    .0
5816000119940206    .0
5816000119940207    .0
5816000119940208    .0
5816000119940209   4.8
5816000119940210    .0
5816000119940211   3.0
5816000119940212    .0
5816000119940213    .0
5816000119940214   2.8
5816000119940215    .4
5816000119940216    .0
5816000119940217    .0
5816000119940218   2.2
5816000119940219   5.0
5816000119940220  11.0
5816000119940221    .8
5816000119940222    .8
5816000119940223  10.2
5816000119940224    .8
5816000119940225    .2
5816000119940226    .0
5816000119940227   3.0
5816000119940228   1.8
5816000119940301    .0
5816000119940302   5.2
5816000119940303   3.4
5816000119940304    .0
5816000119940305   1.0
5816000119940306    .0
5816000119940307    .0
5816000119940308    .0
5816000119940309    .0
5816000119940310    .0
5816000119940311   1.2
5816000119940312   1.2
5816000119940313   4.6
5816000119940314    .0
5816000119940315   1.0
5816000119940316    .0
5816000119940317    .2
5816000119940318    .0
5816000119940319    .8
5816000119940320   2.4
5816000119940321   4.6
5816000119940322    .0
5816000119940323    .0
5816000119940324    .0
5816000119940325    .2
5816000119940326    .0
5816000119940327    .0
5816000119940328    .0
5816000119940329    .0
5816000119940330    .8
5816000119940331   4.4
5816000119940401  11.4
5816000119940402  12.2
5816000119940403   6.6
5816000119940404   6.4
5816000119940405   4.0
5816000119940406   6.2
5816000119940407   7.2
5816000119940408   8.6
5816000119940409   3.4
5816000119940410   5.0
5816000119940411   6.4
5816000119940412    .0
5816000119940413    .4
5816000119940414    .0
5816000119940415    .2
5816000119940416    .0
5816000119940417   2.4
5816000119940418    .0
5816000119940419    .0
5816000119940420   1.2
5816000119940421    .0
5816000119940422    .0
5816000119940423    .2
5816000119940424   6.4
5816000119940425   2.2
5816000119940426    .8
5816000119940427    .0
5816000119940428    .0
5816000119940429    .0
5816000119940430    .0
5816000119940501    .0
5816000119940502    .0
5816000119940503   8.0
5816000119940504   2.8
5816000119940505    .8
5816000119940506    .2
5816000119940507   9.6
5816000119940508   1.4
5816000119940509    .0
5816000119940510    .0
5816000119940511   5.4
5816000119940512    .0
5816000119940513   8.8
5816000119940514  21.2
5816000119940515    .0
5816000119940516   4.4
5816000119940517  12.0
5816000119940518    .0
5816000119940519   5.4
5816000119940520   6.2
5816000119940521   1.6
5816000119940522  24.4
5816000119940523    .0
5816000119940524   9.8
5816000119940525   1.2
5816000119940526   4.2
5816000119940527    .0
5816000119940528    .0
5816000119940529    .0
5816000119940530    .0
5816000119940531    .0
5816000119940601    .0
5816000119940602  10.4
5816000119940603   1.6
5816000119940604   6.2
5816000119940605    .0
5816000119940606    .0
5816000119940607    .0
5816000119940608  19.6
5816000119940609    .0
5816000119940610    .8
5816000119940611   1.2
5816000119940612    .0
5816000119940613    .0
5816000119940614    .0
5816000119940615    .0
5816000119940616    .0
5816000119940617    .0
5816000119940618    .4
5816000119940619   8.6
5816000119940620    .6
5816000119940621    .0
5816000119940622    .0
5816000119940623    .0
5816000119940624   1.0
5816000119940625  15.2
5816000119940626    .0
5816000119940627    .0
5816000119940628    .0
5816000119940629    .0
5816000119940630    .0
5816000119940701    .2
5816000119940702    .0
5816000119940703    .0
5816000119940704    .0
5816000119940705    .0
5816000119940706    .0
5816000119940707   2.0
5816000119940708   2.8
5816000119940709    .0
5816000119940710    .0
5816000119940711    .0
5816000119940712    .0
5816000119940713    .0
5816000119940714    .0
5816000119940715    .0
5816000119940716    .2
5816000119940717  13.8
5816000119940718   1.4
5816000119940719    .4
5816000119940720    .0
5816000119940721    .0
5816000119940722    .0
5816000119940723    .0
5816000119940724   1.0
5816000119940725    .0
5816000119940726    .0
5816000119940727    .0
5816000119940728    .0
5816000119940729    .0
5816000119940730   2.0
5816000119940731   3.2
5816000119940801    .0
5816000119940802    .0
5816000119940803    .0
5816000119940804    .0
5816000119940805    .0
5816000119940806  12.5
5816000119940807   4.6
5816000119940808    .0
5816000119940809   5.4
5816000119940810   3.4
5816000119940811   6.6
5816000119940812    .0
5816000119940813    .6
5816000119940814    .0
5816000119940815    .0
5816000119940816    .0
5816000119940817   1.0
5816000119940818   3.6
5816000119940819    .0
5816000119940820    .0
5816000119940821  11.8
5816000119940822    .0
5816000119940823    .0
5816000119940824    .2
5816000119940825   2.2
5816000119940826    .2
5816000119940827    .0
5816000119940828    .8
5816000119940829    .0
5816000119940830    .0
5816000119940831  16.2
5816000119940901   3.0
5816000119940902   3.0
5816000119940903    .0
5816000119940904    .0
5816000119940905    .0
5816000119940906   6.8
5816000119940907   1.8
5816000119940908   2.2
5816000119940909  10.2
5816000119940910   3.6
5816000119940911  16.0
5816000119940912    .8
5816000119940913  10.4
5816000119940914  11.4
5816000119940915   5.2
5816000119940916   2.6
5816000119940917   1.4
5816000119940918    .4
5816000119940919   2.8
5816000119940920  13.8
5816000119940921   2.0
5816000119940922  11.8
5816000119940923   6.6
5816000119940924    .0
5816000119940925    .0
5816000119940926    .2
5816000119940927    .0
5816000119940928    .0
5816000119940929    .0
5816000119940930   5.8
5816000119941001   2.8
5816000119941002   8.2
5816000119941003   1.8
5816000119941004    .0
5816000119941005    .0
5816000119941006    .0
5816000119941007    .0
5816000119941008    .0
5816000119941009    .0
5816000119941010    .0
5816000119941011    .0
5816000119941012    .0
5816000119941013    .0
5816000119941014    .0
5816000119941015    .0
5816000119941016    .0
5816000119941017    .0
5816000119941018    .0
5816000119941019  19.6
5816000119941020   1.2
5816000119941021   1.0
5816000119941022  12.8
5816000119941023   1.6
5816000119941024    .8
5816000119941025   5.4
5816000119941026    .0
5816000119941027   1.2
5816000119941028   4.4
5816000119941029   4.8
5816000119941030    .0
5816000119941031   1.8
5816000119941101    .0
5816000119941102    .0
5816000119941103    .0
5816000119941104  49.6
5816000119941105  15.4
5816000119941106    .0
5816000119941107    .0
5816000119941108    .0
5816000119941109   7.4
5816000119941110   7.8
5816000119941111    .0
5816000119941112   1.0
5816000119941113    .4
5816000119941114    .0
5816000119941115   2.0
5816000119941116    .0
5816000119941117    .0
5816000119941118  20.6
5816000119941119    .0
5816000119941120    .0
5816000119941121    .0
5816000119941122    .0
5816000119941123    .0
5816000119941124    .0
5816000119941125    .0
5816000119941126    .0
5816000119941127    .0
5816000119941128    .0
5816000119941129    .0
5816000119941130    .0
5816000119941201    .0
5816000119941202    .0
5816000119941203    .0
5816000119941204   5.6
5816000119941205   1.2
5816000119941206    .0
5816000119941207   4.4
5816000119941208   3.6
5816000119941209  12.6
5816000119941210    .6
5816000119941211   2.0
5816000119941212    .0
5816000119941213    .0
5816000119941214   1.4
5816000119941215    .0
5816000119941216    .2
5816000119941217    .0
5816000119941218   5.2
5816000119941219    .8
5816000119941220    .4
5816000119941221   1.0
5816000119941222    .0
5816000119941223    .0
5816000119941224    .0
5816000119941225    .0
5816000119941226   6.6
5816000119941227   5.2
5816000119941228    .0
5816000119941229   4.8
5816000119941230  11.4
5816000119941231   4.2
5816000119950101   1.2
5816000119950102    .0
5816000119950103    .0
5816000119950104    .0
5816000119950105   6.2
5816000119950106   5.1
5816000119950107    .0
5816000119950108   7.2
5816000119950109    .4
5816000119950110   4.6
5816000119950111   2.4
5816000119950112    .4
5816000119950113    .0
5816000119950114    .0
5816000119950115    .0
5816000119950116    .0
5816000119950117    .0
5816000119950118  14.2
5816000119950119    .0
5816000119950120   2.8
5816000119950121   4.8
5816000119950122   4.0
5816000119950123   5.2
5816000119950124  15.6
5816000119950125   6.2
5816000119950126   6.0
5816000119950127   5.4
5816000119950128   5.0
5816000119950129   3.0
5816000119950130   4.4
5816000119950131    .0
5816000119950201    .8
5816000119950202    .0
5816000119950203    .0
5816000119950204    .0
5816000119950205    .0
5816000119950206    .0
5816000119950207    .0
5816000119950208   4.2
5816000119950209    .0
5816000119950210   1.2
5816000119950211   1.6
5816000119950212   2.6
5816000119950213  15.0
5816000119950214    .4
5816000119950215   6.2
5816000119950216   1.4
5816000119950217   8.8
5816000119950218    .0
5816000119950219    .0
5816000119950220    .0
5816000119950221    .2
5816000119950222   2.0
5816000119950223   9.0
5816000119950224   8.6
5816000119950225   9.0
5816000119950226   1.2
5816000119950227    .0
5816000119950228    .0
5816000119950301   1.0
5816000119950302   5.8
5816000119950303    .0
5816000119950304    .0
5816000119950305  10.2
5816000119950306   3.0
5816000119950307   1.0
5816000119950308    .8
5816000119950309    .0
5816000119950310    .0
5816000119950311    .0
5816000119950312    .0
5816000119950313    .0
5816000119950314   3.4
5816000119950315   3.6
5816000119950316    .2
5816000119950317  12.0
5816000119950318   6.2
5816000119950319  14.4
5816000119950320    .0
5816000119950321    .0
5816000119950322    .0
5816000119950323    .0
5816000119950324    .0
5816000119950325    .0
5816000119950326    .0
5816000119950327   7.4
5816000119950328   8.8
5816000119950329    .0
5816000119950330    .0
5816000119950331    .2
5816000119950401    .0
5816000119950402    .0
5816000119950403    .0
5816000119950404    .0
5816000119950405    .0
5816000119950406    .0
5816000119950407    .0
5816000119950408    .0
5816000119950409    .0
5816000119950410    .0
5816000119950411    .0
5816000119950412    .0
5816000119950413    .0
5816000119950414    .0
5816000119950415    .6
5816000119950416    .0
5816000119950417    .0
5816000119950418   1.2
5816000119950419   9.6
5816000119950420    .0
5816000119950421  13.2
5816000119950422    .0
5816000119950423   3.4
5816000119950424  17.4
5816000119950425  15.0
5816000119950426   7.2
5816000119950427    .0
5816000119950428    .0
5816000119950429   5.6
5816000119950430    .0
5816000119950501    .0
5816000119950502    .0
5816000119950503    .0
5816000119950504    .0
5816000119950505    .0
5816000119950506    .0
5816000119950507    .0
5816000119950508    .0
5816000119950509    .0
5816000119950510    .0
5816000119950511    .8
5816000119950512   8.2
5816000119950513  11.6
5816000119950514    .0
5816000119950515    .0
5816000119950516  25.0
5816000119950517   8.8
5816000119950518   6.8
5816000119950519    .0
5816000119950520    .0
5816000119950521    .0
5816000119950522    .0
5816000119950523    .0
5816000119950524    .4
5816000119950525   3.6
5816000119950526    .0
5816000119950527    .2
5816000119950528   5.4
5816000119950529   1.4
5816000119950530    .0
5816000119950531    .0
5816000119950601    .0
5816000119950602   3.0
5816000119950603   3.4
5816000119950604   7.6
5816000119950605    .0
5816000119950606    .0
5816000119950607    .0
5816000119950608   1.6
5816000119950609    .0
5816000119950610    .0
5816000119950611    .0
5816000119950612    .4
5816000119950613    .6
5816000119950614    .2
5816000119950615    .0
5816000119950616    .0
5816000119950617   4.8
5816000119950618    .8
5816000119950619    .0
5816000119950620    .0
5816000119950621   1.8
5816000119950622    .0
5816000119950623    .0
5816000119950624    .0
5816000119950625    .0
5816000119950626    .0
5816000119950627    .0
5816000119950628    .0
5816000119950629    .0
5816000119950630    .0
5816000119950701   1.5
5816000119950702   1.9
5816000119950703   8.0
5816000119950704    .0
5816000119950705    .0
5816000119950706    .0
5816000119950707    .0
5816000119950708    .0
5816000119950709    .0
5816000119950710   6.0
5816000119950711   4.8
5816000119950712    .0
5816000119950713    .2
5816000119950714    .2
5816000119950715   4.4
5816000119950716    .0
5816000119950717    .0
5816000119950718    .0
5816000119950719    .0
5816000119950720    .0
5816000119950721    .0
5816000119950722   4.8
5816000119950723    .0
5816000119950724    .0
5816000119950725    .0
5816000119950726   2.0
5816000119950727    .0
5816000119950728    .0
5816000119950729    .0
5816000119950730    .0
5816000119950731    .0
5816000119950801    .0
5816000119950802    .0
5816000119950803    .0
5816000119950804    .0
5816000119950805    .0
5816000119950806   7.8
5816000119950807   6.9
5816000119950808   1.4
5816000119950809    .0
5816000119950810    .0
5816000119950811   5.6
5816000119950812   8.4
5816000119950813    .0
5816000119950814    .0
5816000119950815    .0
5816000119950816    .0
5816000119950817    .0
5816000119950818    .0
5816000119950819    .0
5816000119950820    .4
5816000119950821    .2
5816000119950822    .0
5816000119950823   2.6
5816000119950824    .0
5816000119950825    .0
5816000119950826    .0
5816000119950827    .2
5816000119950828    .0
5816000119950829    .0
5816000119950830    .0
5816000119950831   1.0
5816000119950901    .0
5816000119950902    .4
5816000119950903   6.8
5816000119950904    .0
5816000119950905    .2
5816000119950906  12.4
5816000119950907   6.6
5816000119950908   3.2
5816000119950909    .0
5816000119950910  10.6
5816000119950911    .4
5816000119950912    .2
5816000119950913    .0
5816000119950914   2.0
5816000119950915    .4
5816000119950916   1.6
5816000119950917  12.0
5816000119950918   2.4
5816000119950919  12.8
5816000119950920    .0
5816000119950921    .0
5816000119950922    .0
5816000119950923    .0
5816000119950924   9.2
5816000119950925    .2
5816000119950926    .0
5816000119950927   5.4
5816000119950928    .0
5816000119950929    .0
5816000119950930    .0
5816000119951001    .6
5816000119951002    .6
5816000119951003   5.2
5816000119951004  27.6
5816000119951005    .4
5816000119951006    .0
5816000119951007    .0
5816000119951008    .0
5816000119951009    .0
5816000119951010    .0
5816000119951011    .0
5816000119951012    .0
5816000119951013    .0
5816000119951014    .0
5816000119951015    .0
5816000119951016    .0
5816000119951017    .0
5816000119951018    .0
5816000119951019    .0
5816000119951020    .0
5816000119951021    .0
5816000119951022    .0
5816000119951023    .0
5816000119951024   1.8
5816000119951025   1.8
5816000119951026   1.4
5816000119951027    .0
5816000119951028   3.6
5816000119951029   3.4
5816000119951030    .0
5816000119951031    .0
5816000119951101    .4
5816000119951102    .4
5816000119951103    .0
5816000119951104    .0
5816000119951105    .0
5816000119951106    .0
5816000119951107    .0
5816000119951108    .0
5816000119951109    .0
5816000119951110    .0
5816000119951111    .0
5816000119951112   7.0
5816000119951113    .0
5816000119951114    .0
5816000119951115   8.8
5816000119951116  15.5
5816000119951117   6.1
5816000119951118    .0
5816000119951119    .0
5816000119951120    .0
5816000119951121  11.0
5816000119951122    .0
5816000119951123    .8
5816000119951124    .0
5816000119951125    .4
5816000119951126  10.8
5816000119951127    .0
5816000119951128    .0
5816000119951129    .0
5816000119951130    .0
5816000119951201    .0
5816000119951202   5.2
5816000119951203   1.0
5816000119951204    .0
5816000119951205    .0
5816000119951206    .0
5816000119951207    .0
5816000119951208   9.6
5816000119951209    .0
5816000119951210    .0
5816000119951211    .0
5816000119951212    .0
5816000119951213    .0
5816000119951214    .0
5816000119951215   3.4
5816000119951216  20.6
5816000119951217    .6
5816000119951218    .0
5816000119951219    .0
5816000119951220   4.4
5816000119951221   1.2
5816000119951222   6.4
5816000119951223  12.4
5816000119951224  45.6
5816000119951225   3.6
5816000119951226    .8
5816000119951227    .0
5816000119951228    .0
5816000119951229    .0
5816000119951230   3.4
5816000119951231   7.6
5816000119960101   4.2
5816000119960102   4.8
5816000119960103    .0
5816000119960104    .8
5816000119960105   9.0
5816000119960106  12.2
5816000119960107    .6
5816000119960108    .0
5816000119960109  11.0
5816000119960110   7.2
5816000119960111   5.2
5816000119960112   5.0
5816000119960113    .0
5816000119960114    .0
5816000119960115    .0
5816000119960116    .0
5816000119960117    .0
5816000119960118    .0
5816000119960119    .0
5816000119960120    .0
5816000119960121    .0
5816000119960122   3.6
5816000119960123   5.2
5816000119960124    .2
5816000119960125    .0
5816000119960126   1.2
5816000119960127    .0
5816000119960128   2.6
5816000119960129    .0
5816000119960130    .0
5816000119960131    .0
5816000119960201  12.6
5816000119960202   2.0
5816000119960203    .0
5816000119960204    .0
5816000119960205    .0
5816000119960206    .4
5816000119960207   8.8
5816000119960208    .0
5816000119960209    .6
5816000119960210   2.0
5816000119960211   6.0
5816000119960212  19.2
5816000119960213   1.2
5816000119960214    .0
5816000119960215    .0
5816000119960216    .2
5816000119960217    .2
5816000119960218  14.6
5816000119960219    .6
5816000119960220    .4
5816000119960221    .0
5816000119960222   2.0
5816000119960223   1.0
5816000119960224    .0
5816000119960225    .0
5816000119960226   8.2
5816000119960227   5.2
5816000119960228    .0
5816000119960229    .0
5816000119960301    .4
5816000119960302    .0
5816000119960303    .0
5816000119960304    .0
5816000119960305   1.2
5816000119960306    .0
5816000119960307    .0
5816000119960308    .0
5816000119960309    .0
5816000119960310    .0
5816000119960311    .0
5816000119960312    .0
5816000119960313    .0
5816000119960314    .0
5816000119960315    .0
5816000119960316    .0
5816000119960317    .0
5816000119960318    .0
5816000119960319    .0
5816000119960320    .4
5816000119960321    .4
5816000119960322    .8
5816000119960323    .0
5816000119960324    .0
5816000119960325    .0
5816000119960326   8.0
5816000119960327    .0
5816000119960328    .0
5816000119960329    .0
5816000119960330    .0
5816000119960331    .0
5816000119960401    .0
5816000119960402    .0
5816000119960403    .0
5816000119960404    .0
5816000119960405    .0
5816000119960406    .0
5816000119960407    .0
5816000119960408    .0
5816000119960409    .0
5816000119960410    .0
5816000119960411    .4
5816000119960412    .0
5816000119960413  10.2
5816000119960414    .0
5816000119960415    .0
5816000119960416   1.4
5816000119960417   4.2
5816000119960418    .0
5816000119960419    .0
5816000119960420    .0
5816000119960421    .0
5816000119960422   8.0
5816000119960423   1.0
5816000119960424    .0
5816000119960425    .0
5816000119960426    .0
5816000119960427    .0
5816000119960428    .0
5816000119960429    .8
5816000119960430    .0
5816000119960501   7.6
5816000119960502   5.0
5816000119960503   4.6
5816000119960504    .0
5816000119960505    .0
5816000119960506    .0
5816000119960507   4.4
5816000119960508  10.6
5816000119960509    .0
5816000119960510    .0
5816000119960511    .0
5816000119960512    .0
5816000119960513    .0
5816000119960514    .0
5816000119960515    .0
5816000119960516   3.2
5816000119960517   8.0
5816000119960518  10.4
5816000119960519    .4
5816000119960520   5.8
5816000119960521   1.6
5816000119960522    .6
5816000119960523    .0
5816000119960524   1.2
5816000119960525  16.6
5816000119960526    .8
5816000119960527   5.6
5816000119960528    .0
5816000119960529    .0
5816000119960530    .0
5816000119960531  17.4
5816000119960601    .0
5816000119960602   2.0
5816000119960603    .0
5816000119960604    .0
5816000119960605    .0
5816000119960606    .0
5816000119960607    .0
5816000119960608    .0
5816000119960609    .0
5816000119960610    .0
5816000119960611    .0
5816000119960612    .0
5816000119960613    .0
5816000119960614    .0
5816000119960615    .0
5816000119960616    .0
5816000119960617    .0
5816000119960618    .0
5816000119960619   4.4
5816000119960620    .0
5816000119960621    .2
5816000119960622    .2
5816000119960623   1.4
5816000119960624    .0
5816000119960625    .0
5816000119960626    .0
5816000119960627    .0
5816000119960628    .4
5816000119960629    .4
5816000119960630    .0
5816000119960701    .0
5816000119960702    .0
5816000119960703   2.4
5816000119960704   1.6
5816000119960705  19.4
5816000119960706    .0
5816000119960707   8.6
5816000119960708   1.6
5816000119960709   1.2
5816000119960710    .6
5816000119960711    .0
5816000119960712    .0
5816000119960713    .0
5816000119960714    .0
5816000119960715    .0
5816000119960716    .0
5816000119960717    .0
5816000119960718    .0
5816000119960719    .0
5816000119960720    .0
5816000119960721    .0
5816000119960722    .0
5816000119960723    .0
5816000119960724    .0
5816000119960725    .0
5816000119960726    .0
5816000119960727    .0
5816000119960728    .0
5816000119960729    .0
5816000119960730    .0
5816000119960731    .0
5816000119960801    .0
5816000119960802    .0
5816000119960803    .0
5816000119960804    .0
5816000119960805    .6
5816000119960806   4.2
5816000119960807    .0
5816000119960808    .0
5816000119960809    .0
5816000119960810   1.6
5816000119960811   3.6
5816000119960812   4.6
5816000119960813    .0
5816000119960814    .0
5816000119960815    .2
5816000119960816    .0
5816000119960817    .0
5816000119960818    .0
5816000119960819    .0
5816000119960820    .0
5816000119960821   1.4
5816000119960822    .0
5816000119960823    .0
5816000119960824    .0
5816000119960825    .6
5816000119960826    .0
5816000119960827   1.0
5816000119960828   2.4
5816000119960829    .8
5816000119960830    .0
5816000119960831    .0
5816000119960901    .0
5816000119960902    .0
5816000119960903    .0
5816000119960904    .0
5816000119960905    .0
5816000119960906    .0
5816000119960907    .0
5816000119960908    .0
5816000119960909    .0
5816000119960910    .0
5816000119960911    .0
5816000119960912    .0
5816000119960913    .0
5816000119960914    .0
5816000119960915    .0
5816000119960916    .0
5816000119960917    .0
5816000119960918   5.8
5816000119960919  18.2
5816000119960920   1.0
5816000119960921    .0
5816000119960922    .0
5816000119960923    .0
5816000119960924    .0
5816000119960925    .4
5816000119960926   2.2
5816000119960927    .6
5816000119960928    .0
5816000119960929    .0
5816000119960930   4.8
5816000119961001  18.8
5816000119961002   1.6
5816000119961003    .2
5816000119961004   3.0
5816000119961005    .4
5816000119961006    .0
5816000119961007    .0
5816000119961008    .0
5816000119961009    .0
5816000119961010    .0
5816000119961011    .0
5816000119961012    .0
5816000119961013    .6
5816000119961014   6.4
5816000119961015    .0
5816000119961016   2.4
5816000119961017   3.4
5816000119961018   1.2
5816000119961019    .0
5816000119961020   1.8
5816000119961021    .2
5816000119961022    .0
5816000119961023    .2
5816000119961024    .2
5816000119961025    .0
5816000119961026    .4
5816000119961027    .0
5816000119961028   1.4
5816000119961029   1.2
5816000119961030    .0
5816000119961031    .6
5816000119961101    .4
5816000119961102    .2
5816000119961103    .0
5816000119961104   7.0
5816000119961105    .0
5816000119961106   1.8
5816000119961107  13.2
5816000119961108    .0
5816000119961109    .0
5816000119961110   4.6
5816000119961111  18.6
5816000119961112  11.2
5816000119961113    .0
5816000119961114    .0
5816000119961115   3.8
5816000119961116    .0
5816000119961117   9.0
5816000119961118   4.0
5816000119961119   7.0
5816000119961120    .4
5816000119961121   2.8
5816000119961122    .0
5816000119961123   1.6
5816000119961124  12.2
5816000119961125   8.6
5816000119961126   1.2
5816000119961127  10.6
5816000119961128    .0
5816000119961129  36.0
5816000119961130   1.4
5816000119961201   2.0
5816000119961202    .0
5816000119961203    .0
5816000119961204  15.6
5816000119961205   2.8
5816000119961206   3.4
5816000119961207    .0
5816000119961208    .0
5816000119961209    .0
5816000119961210    .0
5816000119961211    .0
5816000119961212   5.2
5816000119961213   9.2
5816000119961214    .0
5816000119961215    .0
5816000119961216    .0
5816000119961217    .4
5816000119961218   3.4
5816000119961219   4.6
5816000119961220    .0
5816000119961221   2.6
5816000119961222   1.0
5816000119961223   5.0
5816000119961224    .4
5816000119961225    .0
5816000119961226    .0
5816000119961227    .8
5816000119961228    .0
5816000119961229    .0
5816000119961230   1.0
5816000119961231    .2
5816000119970101    .2
5816000119970102    .4
5816000119970103    .4
5816000119970104  13.4
5816000119970105    .8
5816000119970106    .0
5816000119970107    .4
5816000119970108   1.4
5816000119970109    .2
5816000119970110    .0
5816000119970111    .0
5816000119970112    .0
5816000119970113    .0
5816000119970114    .0
5816000119970115    .0
5816000119970116    .0
5816000119970117   1.6
5816000119970118   4.8
5816000119970119   6.4
5816000119970120    .8
5816000119970121    .0
5816000119970122   1.4
5816000119970123    .0
5816000119970124    .0
5816000119970125    .2
5816000119970126    .2
5816000119970127    .0
5816000119970128    .0
5816000119970129    .0
5816000119970130    .0
5816000119970131    .0
5816000119970201    .0
5816000119970202    .0
5816000119970203    .0
5816000119970204   2.0
5816000119970205   4.4
5816000119970206    .0
5816000119970207    .0
5816000119970208    .0
5816000119970209    .0
5816000119970210   1.8
5816000119970211   1.4
5816000119970212   1.4
5816000119970213  15.8
5816000119970214   5.8
5816000119970215    .0
5816000119970216    .0
5816000119970217   1.2
5816000119970218   8.4
5816000119970219    .2
5816000119970220    .0
5816000119970221    .0
5816000119970222    .0
5816000119970223   7.8
5816000119970224   5.4
5816000119970225   4.8
5816000119970226   4.6
5816000119970227    .0
5816000119970228    .0
5816000119970301    .0
5816000119970302    .0
5816000119970303    .0
5816000119970304    .0
5816000119970305   3.8
5816000119970306    .8
5816000119970307    .0
5816000119970308    .0
5816000119970309    .0
5816000119970310    .0
5816000119970311    .0
5816000119970312    .0
5816000119970313    .0
5816000119970314    .2
5816000119970315    .4
5816000119970316    .0
5816000119970317    .0
5816000119970318   1.0
5816000119970319   2.8
5816000119970320    .0
5816000119970321    .0
5816000119970322    .0
5816000119970323    .0
5816000119970324    .0
5816000119970325    .0
5816000119970326    .4
5816000119970327    .0
5816000119970328    .0
5816000119970329    .0
5816000119970330    .0
5816000119970331    .0
5816000119970401    .0
5816000119970402    .0
5816000119970403    .0
5816000119970404    .0
5816000119970405    .0
5816000119970406    .0
5816000119970407    .0
5816000119970408    .0
5816000119970409    .0
5816000119970410    .0
5816000119970411    .0
5816000119970412    .0
5816000119970413    .0
5816000119970414    .0
5816000119970415    .0
5816000119970416    .0
5816000119970417    .0
5816000119970418    .0
5816000119970419    .0
5816000119970420    .0
5816000119970421    .0
5816000119970422    .0
5816000119970423    .0
5816000119970424    .0
5816000119970425   2.0
5816000119970426  15.4
5816000119970427   1.6
5816000119970428    .8
5816000119970429    .2
5816000119970430    .0
5816000119970501    .0
5816000119970502    .0
5816000119970503    .0
5816000119970504  20.8
5816000119970505   8.2
5816000119970506   9.2
5816000119970507   1.8
5816000119970508   8.6
5816000119970509    .8
5816000119970510   7.2
5816000119970511   7.6
5816000119970512    .4
5816000119970513   2.4
5816000119970514    .2
5816000119970515    .0
5816000119970516    .4
5816000119970517    .8
5816000119970518    .8
5816000119970519    .6
5816000119970520   4.8
5816000119970521   6.6
5816000119970522    .2
5816000119970523    .0
5816000119970524    .0
5816000119970525    .0
5816000119970526    .0
5816000119970527    .0
5816000119970528    .0
5816000119970529    .0
5816000119970530    .0
5816000119970531    .0
5816000119970601   1.0
5816000119970602    .2
5816000119970603    .0
5816000119970604    .2
5816000119970605    .8
5816000119970606    .0
5816000119970607   3.8
5816000119970608   1.8
5816000119970609    .0
5816000119970610    .0
5816000119970611   1.4
5816000119970612   1.2
5816000119970613    .4
5816000119970614    .2
5816000119970615    .0
5816000119970616   6.6
5816000119970617    .0
5816000119970618    .2
5816000119970619   7.2
5816000119970620   3.8
5816000119970621  14.4
5816000119970622   5.6
5816000119970623   3.8
5816000119970624    .0
5816000119970625   4.2
5816000119970626   9.4
5816000119970627   2.2
5816000119970628   9.8
5816000119970629  29.6
5816000119970630   8.0
5816000119970701   5.8
5816000119970702  10.2
5816000119970703    .6
5816000119970704   3.2
5816000119970705   1.0
5816000119970706    .0
5816000119970707    .0
5816000119970708    .0
5816000119970709    .0
5816000119970710    .0
5816000119970711   4.6
5816000119970712    .0
5816000119970713    .0
5816000119970714  12.2
5816000119970715    .2
5816000119970716    .0
5816000119970717    .0
5816000119970718    .8
5816000119970719    .8
5816000119970720    .0
5816000119970721    .0
5816000119970722    .8
5816000119970723  11.4
5816000119970724   1.0
5816000119970725   3.4
5816000119970726    .0
5816000119970727    .0
5816000119970728    .2
5816000119970729    .0
5816000119970730    .0
5816000119970731    .0
5816000119970801    .0
5816000119970802    .0
5816000119970803    .0
5816000119970804    .6
5816000119970805  23.6
5816000119970806   3.4
5816000119970807  19.2
5816000119970808    .0
5816000119970809    .2
5816000119970810    .0
5816000119970811    .4
5816000119970812    .0
5816000119970813    .6
5816000119970814    .2
5816000119970815    .0
5816000119970816    .0
5816000119970817    .2
5816000119970818    .2
5816000119970819    .0
5816000119970820    .0
5816000119970821    .0
5816000119970822    .2
5816000119970823    .0
5816000119970824    .0
5816000119970825  19.4
5816000119970826  10.6
5816000119970827  17.0
5816000119970828   2.8
5816000119970829   7.0
5816000119970830    .4
5816000119970831    .0
5816000119970901  19.8
5816000119970902   2.8
5816000119970903    .2
5816000119970904    .0
5816000119970905    .2
5816000119970906  12.2
5816000119970907    .0
5816000119970908    .2
5816000119970909    .2
5816000119970910    .2
5816000119970911    .0
5816000119970912  12.2
5816000119970913    .2
5816000119970914    .0
5816000119970915    .2
5816000119970916    .2
5816000119970917    .2
5816000119970918    .2
5816000119970919    .0
5816000119970920    .2
5816000119970921    .0
5816000119970922    .2
5816000119970923    .2
5816000119970924    .2
5816000119970925    .0
5816000119970926    .2
5816000119970927    .0
5816000119970928    .2
5816000119970929    .2
5816000119970930    .0
5816000119971001    .0
5816000119971002    .0
5816000119971003    .0
5816000119971004    .0
5816000119971005    .0
5816000119971006   5.4
5816000119971007   4.8
5816000119971008    .0
5816000119971009    .8
5816000119971010  13.0
5816000119971011   6.6
5816000119971012   1.8
5816000119971013    .6
5816000119971014    .0
5816000119971015   6.0
5816000119971016   2.2
5816000119971017    .0
5816000119971018    .0
5816000119971019    .0
5816000119971020    .0
5816000119971021    .0
5816000119971022    .0
5816000119971023    .0
5816000119971024    .0
5816000119971025    .0
5816000119971026    .0
5816000119971027    .0
5816000119971028    .0
5816000119971029    .0
5816000119971030    .0
5816000119971031    .0
5816000119971101    .0
5816000119971102    .0
5816000119971103    .8
5816000119971104  17.6
5816000119971105  14.0
5816000119971106   9.8
5816000119971107   2.2
5816000119971108   8.2
5816000119971109   9.2
5816000119971110   3.6
5816000119971111   8.4
5816000119971112    .0
5816000119971113    .6
5816000119971114    .2
5816000119971115    .0
5816000119971116    .0
5816000119971117    .4
5816000119971118   9.2
5816000119971119   1.6
5816000119971120   5.0
5816000119971121    .0
5816000119971122    .0
5816000119971123    .0
5816000119971124    .0
5816000119971125    .0
5816000119971126    .0
5816000119971127    .2
5816000119971128   6.8
5816000119971129   6.6
5816000119971130   2.2
5816000119971201   7.0
5816000119971202   2.4
5816000119971203    .2
5816000119971204   1.0
5816000119971205    .0
5816000119971206    .0
5816000119971207    .2
5816000119971208    .0
5816000119971209    .0
5816000119971210   6.4
5816000119971211   7.0
5816000119971212    .0
5816000119971213    .0
5816000119971214    .0
5816000119971215    .0
5816000119971216   2.2
5816000119971217   7.6
5816000119971218  11.2
5816000119971219    .0
5816000119971220    .0
5816000119971221    .0
5816000119971222    .0
5816000119971223   2.4
5816000119971224   3.8
5816000119971225    .2
5816000119971226   4.2
5816000119971227   3.6
5816000119971228    .0
5816000119971229    .0
5816000119971230    .6
5816000119971231   6.8
5816000119980101    .4
5816000119980102   9.8
5816000119980103   6.2
5816000119980104   7.6
5816000119980105  12.2
5816000119980106   4.0
5816000119980107    .0
5816000119980108    .0
5816000119980109    .0
5816000119980110    .0
5816000119980111    .0
5816000119980112    .0
5816000119980113   2.4
5816000119980114    .0
5816000119980115  13.2
5816000119980116   8.6
5816000119980117    .0
5816000119980118  16.4
5816000119980119   4.2
5816000119980120    .0
5816000119980121    .0
5816000119980122    .0
5816000119980123    .0
5816000119980124    .0
5816000119980125    .0
5816000119980126    .0
5816000119980127    .0
5816000119980128    .0
5816000119980129    .0
5816000119980130    .0
5816000119980131    .0
5816000119980201    .0
5816000119980202    .0
5816000119980203    .0
5816000119980204    .0
5816000119980205    .0
5816000119980206    .0
5816000119980207   1.6
5816000119980208    .0
5816000119980209    .0
5816000119980210    .0
5816000119980211    .0
5816000119980212    .0
5816000119980213    .0
5816000119980214    .0
5816000119980215    .0
5816000119980216    .0
5816000119980217    .0
5816000119980218    .0
5816000119980219    .0
5816000119980220    .0
5816000119980221  10.0
5816000119980222    .6
5816000119980223    .0
5816000119980224    .0
5816000119980225    .0
5816000119980226    .0
5816000119980227   2.0
5816000119980228   4.6
5816000119980301    .4
5816000119980302    .4
5816000119980303    .0
5816000119980304   5.4
5816000119980305    .0
5816000119980306    .0
5816000119980307   4.2
5816000119980308  11.8
5816000119980309    .0
5816000119980310   9.0
5816000119980311   2.6
5816000119980312    .0
5816000119980313    .0
5816000119980314    .0
5816000119980315    .0
5816000119980316    .0
5816000119980317    .0
5816000119980318    .0
5816000119980319    .0
5816000119980320    .0
5816000119980321    .0
5816000119980322    .0
5816000119980323    .0
5816000119980324    .0
5816000119980325    .0
5816000119980326    .0
5816000119980327    .0
5816000119980328    .0
5816000119980329    .0
5816000119980330    .2
5816000119980331    .2
5816000119980401   3.4
5816000119980402  12.0
5816000119980403  14.8
5816000119980404   6.6
5816000119980405   2.2
5816000119980406  27.2
5816000119980407   3.4
5816000119980408   5.0
5816000119980409   1.6
5816000119980410   2.2
5816000119980411   9.2
5816000119980412   9.8
5816000119980413   1.2
5816000119980414    .8
5816000119980415  14.8
5816000119980416  10.2
5816000119980417  15.6
5816000119980418   7.4
5816000119980419    .6
5816000119980420  13.0
5816000119980421    .0
5816000119980422    .0
5816000119980423    .0
5816000119980424    .0
5816000119980425  22.0
5816000119980426  30.8
5816000119980427   2.2
5816000119980428   1.2
5816000119980429   3.2
5816000119980430  25.0
5816000119980501   9.4
5816000119980502    .6
5816000119980503    .0
5816000119980504    .0
5816000119980505    .0
5816000119980506    .0
5816000119980507    .0
5816000119980508    .0
5816000119980509    .0
5816000119980510    .0
5816000119980511    .0
5816000119980512    .0
5816000119980513    .0
5816000119980514   2.2
5816000119980515    .0
5816000119980516    .0
5816000119980517    .2
5816000119980518    .0
5816000119980519    .0
5816000119980520    .0
5816000119980521    .0
5816000119980522    .0
5816000119980523    .0
5816000119980524    .0
5816000119980525    .0
5816000119980526   5.6
5816000119980527   1.2
5816000119980528   6.2
5816000119980529    .0
5816000119980530  11.8
5816000119980531    .4
5816000119980601   2.4
5816000119980602   7.2
5816000119980603    .0
5816000119980604    .0
5816000119980605    .0
5816000119980606  41.6
5816000119980607   2.2
5816000119980608    .0
5816000119980609   7.2
5816000119980610    .2
5816000119980611   3.8
5816000119980612    .0
5816000119980613   2.6
5816000119980614   8.2
5816000119980615    .8
5816000119980616    .0
5816000119980617    .0
5816000119980618    .0
5816000119980619    .2
5816000119980620    .0
5816000119980621    .0
5816000119980622    .0
5816000119980623    .0
5816000119980624    .0
5816000119980625   2.2
5816000119980626    .0
5816000119980627   1.4
5816000119980628    .0
5816000119980629    .0
5816000119980630    .0
5816000119980701   2.4
5816000119980702   1.2
5816000119980703   4.8
5816000119980704    .0
5816000119980705    .0
5816000119980706    .0
5816000119980707    .0
5816000119980708    .0
5816000119980709    .4
5816000119980710   1.8
5816000119980711    .8
5816000119980712    .0
5816000119980713   3.0
5816000119980714    .0
5816000119980715    .0
5816000119980716    .4
5816000119980717    .6
5816000119980718    .4
5816000119980719    .4
5816000119980720    .8
5816000119980721   5.0
5816000119980722    .0
5816000119980723    .0
5816000119980724    .0
5816000119980725    .0
5816000119980726    .0
5816000119980727    .0
5816000119980728   2.2
5816000119980729    .2
5816000119980730   6.6
5816000119980731    .2
5816000119980801   1.4
5816000119980802    .2
5816000119980803    .2
5816000119980804   1.2
5816000119980805    .0
5816000119980806    .0
5816000119980807    .0
5816000119980808    .0
5816000119980809    .0
5816000119980810    .0
5816000119980811    .0
5816000119980812   2.2
5816000119980813    .0
5816000119980814    .0
5816000119980815    .0
5816000119980816    .0
5816000119980817   1.0
5816000119980818    .0
5816000119980819    .0
5816000119980820    .0
5816000119980821   2.0
5816000119980822   8.6
5816000119980823   2.0
5816000119980824   6.8
5816000119980825    .0
5816000119980826    .2
5816000119980827    .0
5816000119980828    .0
5816000119980829    .0
5816000119980830    .0
5816000119980831    .0
5816000119980901    .8
5816000119980902    .6
5816000119980903    .0
5816000119980904  14.4
5816000119980905   3.6
5816000119980906    .8
5816000119980907  19.6
5816000119980908    .2
5816000119980909    .2
5816000119980910    .6
5816000119980911  21.6
5816000119980912   3.6
5816000119980913   8.0
5816000119980914   3.6
5816000119980915   4.2
5816000119980916    .0
5816000119980917    .0
5816000119980918    .0
5816000119980919    .0
5816000119980920    .0
5816000119980921    .2
5816000119980922    .0
5816000119980923    .0
5816000119980924    .2
5816000119980925   4.4
5816000119980926  11.8
5816000119980927   1.8
5816000119980928    .6
5816000119980929   1.6
5816000119980930    .8
5816000119981001   3.6
5816000119981002    .6
5816000119981003   4.0
5816000119981004   2.6
5816000119981005    .0
5816000119981006   2.6
5816000119981007    .6
5816000119981008   7.8
5816000119981009    .0
5816000119981010   4.0
5816000119981011   8.4
5816000119981012    .0
5816000119981013   1.2
5816000119981014    .0
5816000119981015    .0
5816000119981016    .2
5816000119981017   6.8
5816000119981018    .0
5816000119981019    .0
5816000119981020    .0
5816000119981021    .0
5816000119981022    .0
5816000119981023   8.8
5816000119981024  12.2
5816000119981025    .2
5816000119981026   3.4
5816000119981027    .2
5816000119981028   7.0
5816000119981029   8.6
5816000119981030   3.8
5816000119981031   3.0
5816000119981101   2.6
5816000119981102   3.4
5816000119981103   6.2
5816000119981104    .6
5816000119981105    .0
5816000119981106    .0
5816000119981107    .2
5816000119981108    .0
5816000119981109   7.4
5816000119981110   2.0
5816000119981111    .0
5816000119981112   1.8
5816000119981113   3.4
5816000119981114   1.6
5816000119981115    .2
5816000119981116    .4
5816000119981117    .0
5816000119981118    .0
5816000119981119    .0
5816000119981120    .0
5816000119981121    .0
5816000119981122    .0
5816000119981123    .0
5816000119981124    .0
5816000119981125   4.4
5816000119981126   3.8
5816000119981127   2.2
5816000119981128   5.4
5816000119981129   1.2
5816000119981130    .0
5816000119981201    .0
5816000119981202    .0
5816000119981203    .0
5816000119981204    .4
5816000119981205   1.6
5816000119981206    .0
5816000119981207    .0
5816000119981208    .2
5816000119981209    .4
5816000119981210   9.0
5816000119981211    .6
5816000119981212   2.8
5816000119981213    .0
5816000119981214    .0
5816000119981215    .0
5816000119981216    .0
5816000119981217    .0
5816000119981218    .4
5816000119981219   3.8
5816000119981220  18.0
5816000119981221    .0
5816000119981222    .0
5816000119981223   1.8
5816000119981224   1.8
5816000119981225   2.2
5816000119981226    .8
5816000119981227    .0
5816000119981228    .6
5816000119981229    .0
5816000119981230   5.8
5816000119981231    .6
