6100100119940101  14.6
6100100119940102   1.0
6100100119940103  10.4
6100100119940104   8.6
6100100119940105  18.6
6100100119940106   2.0
6100100119940107    .0
6100100119940108   8.6
6100100119940109   6.0
6100100119940110    .4
6100100119940111  15.2
6100100119940112   5.4
6100100119940113    .2
6100100119940114   2.2
6100100119940115  14.4
6100100119940116    .6
6100100119940117    .0
6100100119940118    .0
6100100119940119   5.0
6100100119940120    .2
6100100119940121   1.0
6100100119940122    .2
6100100119940123   1.7
6100100119940124   1.8
6100100119940125   1.0
6100100119940126    .0
6100100119940127   2.4
6100100119940128    .4
6100100119940129    .0
6100100119940130    .4
6100100119940131    .0
6100100119940201   5.0
6100100119940202  19.2
6100100119940203   6.0
6100100119940204    .0
6100100119940205    .0
6100100119940206   3.6
6100100119940207    .0
6100100119940208   1.0
6100100119940209   1.1
6100100119940210   4.6
6100100119940211  12.4
6100100119940212    .0
6100100119940213    .0
6100100119940214   1.0
6100100119940215    .4
6100100119940216    .0
6100100119940217    .4
6100100119940218   5.2
6100100119940219   3.8
6100100119940220   5.0
6100100119940221   1.4
6100100119940222   1.0
6100100119940223  10.6
6100100119940224   3.8
6100100119940225    .2
6100100119940226   1.0
6100100119940227   9.6
6100100119940228    .4
6100100119940301    .6
6100100119940302   3.8
6100100119940303   2.2
6100100119940304    .0
6100100119940305   1.0
6100100119940306    .0
6100100119940307   1.2
6100100119940308    .0
6100100119940309    .0
6100100119940310    .0
6100100119940311    .0
6100100119940312   2.0
6100100119940313   1.6
6100100119940314    .0
6100100119940315   1.2
6100100119940316    .6
6100100119940317   1.3
6100100119940318   1.2
6100100119940319   2.8
6100100119940320   3.2
6100100119940321   5.0
6100100119940322    .0
6100100119940323    .0
6100100119940324    .0
6100100119940325    .8
6100100119940326    .0
6100100119940327    .0
6100100119940328    .6
6100100119940329    .0
6100100119940330   5.6
6100100119940331   6.3
6100100119940401   2.6
6100100119940402   2.4
6100100119940403  10.8
6100100119940404   3.2
6100100119940405   3.5
6100100119940406   5.0
6100100119940407   6.4
6100100119940408  10.8
6100100119940409  10.8
6100100119940410   4.7
6100100119940411    .0
6100100119940412    .4
6100100119940413   1.5
6100100119940414   1.1
6100100119940415   1.1
6100100119940416    .0
6100100119940417    .0
6100100119940418    .0
6100100119940419    .0
6100100119940420    .0
6100100119940421    .0
6100100119940422    .2
6100100119940423    .4
6100100119940424   3.6
6100100119940425    .4
6100100119940426    .6
6100100119940427    .0
6100100119940428    .0
6100100119940429    .0
6100100119940430    .0
6100100119940501    .0
6100100119940502    .0
6100100119940503    .2
6100100119940504    .8
6100100119940505    .4
6100100119940506    .0
6100100119940507   7.8
6100100119940508    .4
6100100119940509    .2
6100100119940510    .0
6100100119940511   2.4
6100100119940512    .0
6100100119940513    .0
6100100119940514   5.8
6100100119940515   2.4
6100100119940516  16.4
6100100119940517   2.6
6100100119940518    .0
6100100119940519    .4
6100100119940520  13.4
6100100119940521   2.3
6100100119940522    .0
6100100119940523  11.6
6100100119940524   4.6
6100100119940525   1.8
6100100119940526   8.8
6100100119940527    .0
6100100119940528    .0
6100100119940529    .0
6100100119940530    .0
6100100119940531    .0
6100100119940601  10.4
6100100119940602   4.0
6100100119940603   8.8
6100100119940604   9.8
6100100119940605    .0
6100100119940606    .0
6100100119940607    .0
6100100119940608    .0
6100100119940609    .0
6100100119940610    .0
6100100119940611    .0
6100100119940612    .0
6100100119940613    .0
6100100119940614    .0
6100100119940615    .0
6100100119940616    .0
6100100119940617    .0
6100100119940618    .0
6100100119940619    .0
6100100119940620    .0
6100100119940621    .0
6100100119940622    .0
6100100119940623    .0
6100100119940624   7.8
6100100119940625   5.2
6100100119940626    .0
6100100119940627    .0
6100100119940628    .0
6100100119940629    .0
6100100119940630    .0
6100100119940701    .4
6100100119940702    .0
6100100119940703    .0
6100100119940704    .0
6100100119940705    .0
6100100119940706    .0
6100100119940707   4.6
6100100119940708    .0
6100100119940709    .0
6100100119940710    .0
6100100119940711    .0
6100100119940712    .0
6100100119940713    .0
6100100119940714    .0
6100100119940715    .0
6100100119940716    .8
6100100119940717  19.8
6100100119940718  12.2
6100100119940719  18.6
6100100119940720    .0
6100100119940721    .0
6100100119940722    .0
6100100119940723    .0
6100100119940724  43.2
6100100119940725    .0
6100100119940726    .0
6100100119940727  18.5
6100100119940728    .0
6100100119940729    .0
6100100119940730   3.2
6100100119940731    .8
6100100119940801    .0
6100100119940802    .0
6100100119940803    .0
6100100119940804   8.0
6100100119940805   1.2
6100100119940806    .0
6100100119940807  13.2
6100100119940808    .0
6100100119940809  37.8
6100100119940810   1.6
6100100119940811   2.8
6100100119940812    .0
6100100119940813    .0
6100100119940814    .0
6100100119940815    .0
6100100119940816    .0
6100100119940817   1.6
6100100119940818    .0
6100100119940819    .4
6100100119940820    .0
6100100119940821    .0
6100100119940822    .0
6100100119940823    .2
6100100119940824    .4
6100100119940825   3.2
6100100119940826    .6
6100100119940827   1.2
6100100119940828    .0
6100100119940829    .0
6100100119940830    .0
6100100119940831   1.4
6100100119940901   7.0
6100100119940902    .0
6100100119940903    .6
6100100119940904    .2
6100100119940905   1.0
6100100119940906  26.8
6100100119940907   2.6
6100100119940908   4.4
6100100119940909  11.8
6100100119940910    .4
6100100119940911   2.6
6100100119940912    .0
6100100119940913   9.2
6100100119940914   4.4
6100100119940915   1.4
6100100119940916    .2
6100100119940917    .0
6100100119940918    .0
6100100119940919  12.0
6100100119940920   2.4
6100100119940921    .2
6100100119940922    .4
6100100119940923   4.0
6100100119940924   4.2
6100100119940925   2.2
6100100119940926    .6
6100100119940927    .0
6100100119940928    .0
6100100119940929    .0
6100100119940930    .0
6100100119941001    .0
6100100119941002    .8
6100100119941003    .6
6100100119941004    .0
6100100119941005    .0
6100100119941006    .0
6100100119941007    .0
6100100119941008    .0
6100100119941009    .0
6100100119941010    .4
6100100119941011    .0
6100100119941012    .0
6100100119941013    .0
6100100119941014    .0
6100100119941015    .0
6100100119941016    .0
6100100119941017    .0
6100100119941018   1.4
6100100119941019  16.8
6100100119941020    .2
6100100119941021   8.6
6100100119941022  16.8
6100100119941023   1.0
6100100119941024   3.2
6100100119941025   1.4
6100100119941026   3.4
6100100119941027   3.6
6100100119941028   2.8
6100100119941029   5.4
6100100119941030   6.2
6100100119941031   2.0
6100100119941101    .0
6100100119941102   1.4
6100100119941103    .2
6100100119941104  33.8
6100100119941105  12.6
6100100119941106    .2
6100100119941107    .0
6100100119941108   3.8
6100100119941109  11.4
6100100119941110    .4
6100100119941111   1.0
6100100119941112   2.6
6100100119941113    .0
6100100119941114   3.6
6100100119941115    .2
6100100119941116    .0
6100100119941117   1.6
6100100119941118   5.4
6100100119941119    .0
6100100119941120    .6
6100100119941121    .2
6100100119941122    .0
6100100119941123    .0
6100100119941124    .0
6100100119941125    .0
6100100119941126    .4
6100100119941127    .2
6100100119941128    .0
6100100119941129    .0
6100100119941130    .0
6100100119941201    .0
6100100119941202    .0
6100100119941203   4.5
6100100119941204   1.5
6100100119941205   1.8
6100100119941206    .6
6100100119941207   5.2
6100100119941208   9.0
6100100119941209  14.2
6100100119941210    .2
6100100119941211    .0
6100100119941212    .0
6100100119941213    .2
6100100119941214    .0
6100100119941215    .0
6100100119941216    .2
6100100119941217    .0
6100100119941218   3.2
6100100119941219   2.2
6100100119941220    .2
6100100119941221    .4
6100100119941222    .0
6100100119941223    .0
6100100119941224    .0
6100100119941225   1.2
6100100119941226   3.7
6100100119941227  21.8
6100100119941228  10.4
6100100119941229  13.0
6100100119941230    .0
6100100119941231   4.6
6100100119950101   1.0
6100100119950102    .0
6100100119950103    .0
6100100119950104    .0
6100100119950105   2.9
6100100119950106   1.0
6100100119950107    .0
6100100119950108   2.4
6100100119950109    .4
6100100119950110   1.6
6100100119950111    .4
6100100119950112    .0
6100100119950113    .0
6100100119950114    .0
6100100119950115    .0
6100100119950116    .0
6100100119950117   9.6
6100100119950118    .0
6100100119950119  12.0
6100100119950120   1.4
6100100119950121  39.6
6100100119950122  14.4
6100100119950123   4.0
6100100119950124  21.0
6100100119950125  14.0
6100100119950126  11.2
6100100119950127  18.6
6100100119950128    .8
6100100119950129   1.4
6100100119950130   1.6
6100100119950131    .0
6100100119950201  10.2
6100100119950202    .0
6100100119950203   2.8
6100100119950204   1.6
6100100119950205    .0
6100100119950206    .0
6100100119950207    .8
6100100119950208    .8
6100100119950209   1.8
6100100119950210   3.0
6100100119950211   3.8
6100100119950212    .2
6100100119950213   6.0
6100100119950214   6.2
6100100119950215   2.8
6100100119950216   5.6
6100100119950217    .6
6100100119950218    .2
6100100119950219   4.2
6100100119950220   4.0
6100100119950221   1.8
6100100119950222   3.4
6100100119950223   6.8
6100100119950224   5.4
6100100119950225    .4
6100100119950226    .8
6100100119950227    .2
6100100119950228    .0
6100100119950301    .5
6100100119950302  12.2
6100100119950303   1.6
6100100119950304    .8
6100100119950305   8.4
6100100119950306    .6
6100100119950307  14.6
6100100119950308    .0
6100100119950309    .0
6100100119950310    .0
6100100119950311    .2
6100100119950312    .0
6100100119950313    .0
6100100119950314    .8
6100100119950315   1.6
6100100119950316   1.0
6100100119950317   6.6
6100100119950318  12.6
6100100119950319   1.4
6100100119950320    .0
6100100119950321    .0
6100100119950322    .0
6100100119950323    .0
6100100119950324    .0
6100100119950325    .0
6100100119950326    .0
6100100119950327   1.4
6100100119950328   3.8
6100100119950329    .0
6100100119950330    .0
6100100119950331    .0
6100100119950401    .0
6100100119950402    .0
6100100119950403    .0
6100100119950404    .0
6100100119950405    .0
6100100119950406    .0
6100100119950407    .0
6100100119950408    .0
6100100119950409    .0
6100100119950410    .0
6100100119950411    .0
6100100119950412    .0
6100100119950413    .0
6100100119950414    .0
6100100119950415    .0
6100100119950416    .0
6100100119950417   1.8
6100100119950418   8.0
6100100119950419    .4
6100100119950420    .0
6100100119950421   3.5
6100100119950422   2.0
6100100119950423    .2
6100100119950424   5.8
6100100119950425    .2
6100100119950426    .0
6100100119950427    .0
6100100119950428   1.6
6100100119950429   9.6
6100100119950430    .0
6100100119950501    .0
6100100119950502    .0
6100100119950503    .0
6100100119950504    .0
6100100119950505    .0
6100100119950506    .0
6100100119950507    .0
6100100119950508    .0
6100100119950509    .0
6100100119950510    .1
6100100119950511  11.2
6100100119950512  11.2
6100100119950513   1.8
6100100119950514    .0
6100100119950515    .0
6100100119950516  14.0
6100100119950517   6.4
6100100119950518    .4
6100100119950519    .0
6100100119950520    .0
6100100119950521    .0
6100100119950522    .0
6100100119950523    .2
6100100119950524   2.8
6100100119950525   6.0
6100100119950526    .0
6100100119950527    .0
6100100119950528    .2
6100100119950529    .4
6100100119950530    .0
6100100119950531    .0
6100100119950601    .0
6100100119950602    .0
6100100119950603   6.2
6100100119950604    .8
6100100119950605    .0
6100100119950606    .0
6100100119950607    .6
6100100119950608    .6
6100100119950609    .0
6100100119950610    .0
6100100119950611   3.6
6100100119950612    .0
6100100119950613    .0
6100100119950614    .0
6100100119950615    .0
6100100119950616    .0
6100100119950617   4.0
6100100119950618    .2
6100100119950619    .0
6100100119950620    .0
6100100119950621    .0
6100100119950622    .0
6100100119950623    .0
6100100119950624    .0
6100100119950625    .0
6100100119950626    .0
6100100119950627    .0
6100100119950628    .0
6100100119950629    .0
6100100119950630    .0
6100100119950701   5.4
6100100119950702   7.0
6100100119950703   1.8
6100100119950704    .0
6100100119950705    .0
6100100119950706    .0
6100100119950707    .0
6100100119950708    .0
6100100119950709    .0
6100100119950710  12.4
6100100119950711   1.8
6100100119950712    .0
6100100119950713  16.0
6100100119950714   3.6
6100100119950715  14.4
6100100119950716    .4
6100100119950717    .0
6100100119950718    .0
6100100119950719    .0
6100100119950720    .0
6100100119950721    .0
6100100119950722    .0
6100100119950723    .0
6100100119950724    .0
6100100119950725   4.0
6100100119950726    .6
6100100119950727    .8
6100100119950728    .0
6100100119950729    .0
6100100119950730    .0
6100100119950731    .0
6100100119950801    .0
6100100119950802    .0
6100100119950803    .0
6100100119950804    .0
6100100119950805   2.0
6100100119950806  33.6
6100100119950807  15.4
6100100119950808    .0
6100100119950809    .0
6100100119950810    .0
6100100119950811    .0
6100100119950812    .0
6100100119950813    .2
6100100119950814    .0
6100100119950815    .0
6100100119950816    .0
6100100119950817    .0
6100100119950818    .0
6100100119950819    .0
6100100119950820   2.2
6100100119950821    .0
6100100119950822    .0
6100100119950823    .0
6100100119950824    .0
6100100119950825    .0
6100100119950826    .0
6100100119950827    .0
6100100119950828    .0
6100100119950829    .0
6100100119950830    .0
6100100119950831    .0
6100100119950901    .0
6100100119950902    .0
6100100119950903    .9
6100100119950904   1.6
6100100119950905    .0
6100100119950906   4.2
6100100119950907  36.4
6100100119950908   1.0
6100100119950909    .4
6100100119950910   3.2
6100100119950911   2.0
6100100119950912    .0
6100100119950913    .0
6100100119950914   5.6
6100100119950915  33.6
6100100119950916   1.2
6100100119950917  16.2
6100100119950918    .6
6100100119950919    .6
6100100119950920    .8
6100100119950921    .0
6100100119950922    .0
6100100119950923    .6
6100100119950924   1.2
6100100119950925    .0
6100100119950926    .6
6100100119950927   5.4
6100100119950928    .8
6100100119950929    .0
6100100119950930    .2
6100100119951001   1.4
6100100119951002    .0
6100100119951003    .0
6100100119951004   9.6
6100100119951005    .0
6100100119951006    .0
6100100119951007    .0
6100100119951008    .0
6100100119951009    .0
6100100119951010    .0
6100100119951011    .0
6100100119951012    .0
6100100119951013    .0
6100100119951014    .0
6100100119951015   1.4
6100100119951016    .0
6100100119951017    .0
6100100119951018    .0
6100100119951019    .0
6100100119951020    .0
6100100119951021    .0
6100100119951022    .0
6100100119951023    .0
6100100119951024   3.8
6100100119951025    .2
6100100119951026    .2
6100100119951027    .8
6100100119951028   3.4
6100100119951029   2.8
6100100119951030    .0
6100100119951031    .0
6100100119951101    .0
6100100119951102    .0
6100100119951103    .0
6100100119951104    .0
6100100119951105    .0
6100100119951106    .0
6100100119951107    .0
6100100119951108    .0
6100100119951109    .0
6100100119951110   1.0
6100100119951111   2.4
6100100119951112  10.0
6100100119951113    .0
6100100119951114   2.8
6100100119951115    .4
6100100119951116   4.6
6100100119951117   1.0
6100100119951118    .0
6100100119951119    .0
6100100119951120    .0
6100100119951121    .2
6100100119951122    .0
6100100119951123    .0
6100100119951124    .0
6100100119951125   9.4
6100100119951126   1.2
6100100119951127   1.4
6100100119951128    .0
6100100119951129    .0
6100100119951130    .0
6100100119951201   5.6
6100100119951202   4.8
6100100119951203   3.0
6100100119951204    .4
6100100119951205    .0
6100100119951206    .0
6100100119951207    .0
6100100119951208    .0
6100100119951209    .0
6100100119951210    .0
6100100119951211    .0
6100100119951212    .0
6100100119951213    .0
6100100119951214    .8
6100100119951215   1.0
6100100119951216  12.4
6100100119951217    .0
6100100119951218    .0
6100100119951219   2.2
6100100119951220   3.1
6100100119951221   8.8
6100100119951222  11.4
6100100119951223   1.0
6100100119951224    .2
6100100119951225    .0
6100100119951226    .0
6100100119951227    .0
6100100119951228    .0
6100100119951229    .2
6100100119951230  12.6
6100100119951231    .6
6100100119960101   4.7
6100100119960102    .0
6100100119960103    .0
6100100119960104    .4
6100100119960105   2.0
6100100119960106   1.0
6100100119960107   1.4
6100100119960108   2.0
6100100119960109   3.4
6100100119960110    .8
6100100119960111   7.8
6100100119960112    .2
6100100119960113    .0
6100100119960114    .0
6100100119960115    .0
6100100119960116    .0
6100100119960117    .0
6100100119960118    .0
6100100119960119    .0
6100100119960120    .0
6100100119960121    .0
6100100119960122   6.2
6100100119960123  14.4
6100100119960124    .0
6100100119960125   1.3
6100100119960126   1.3
6100100119960127    .0
6100100119960128    .0
6100100119960129    .0
6100100119960130    .0
6100100119960131    .0
6100100119960201    .0
6100100119960202    .0
6100100119960203    .0
6100100119960204    .0
6100100119960205   2.0
6100100119960206    .3
6100100119960207   6.4
6100100119960208    .0
6100100119960209   2.8
6100100119960210    .0
6100100119960211   5.3
6100100119960212  13.4
6100100119960213   1.8
6100100119960214    .0
6100100119960215    .0
6100100119960216    .0
6100100119960217    .0
6100100119960218   5.0
6100100119960219   6.6
6100100119960220    .8
6100100119960221    .0
6100100119960222   1.3
6100100119960223    .8
6100100119960224  23.7
6100100119960225  29.6
6100100119960226    .0
6100100119960227    .0
6100100119960228    .0
6100100119960229    .0
6100100119960301    .0
6100100119960302   2.0
6100100119960303    .2
6100100119960304    .4
6100100119960305    .0
6100100119960306    .0
6100100119960307   1.8
6100100119960308   5.8
6100100119960309    .0
6100100119960310    .0
6100100119960311    .0
6100100119960312    .0
6100100119960313    .0
6100100119960314    .0
6100100119960315    .0
6100100119960316    .0
6100100119960317    .0
6100100119960318    .4
6100100119960319    .0
6100100119960320  11.4
6100100119960321    .8
6100100119960322   2.0
6100100119960323    .0
6100100119960324    .6
6100100119960325   1.8
6100100119960326    .0
6100100119960327    .0
6100100119960328    .0
6100100119960329    .0
6100100119960330    .0
6100100119960331    .0
6100100119960401    .0
6100100119960402    .0
6100100119960403    .0
6100100119960404    .0
6100100119960405    .0
6100100119960406    .0
6100100119960407    .0
6100100119960408    .0
6100100119960409    .0
6100100119960410    .2
6100100119960411    .0
6100100119960412   2.8
6100100119960413   3.6
6100100119960414    .0
6100100119960415    .0
6100100119960416   1.2
6100100119960417    .0
6100100119960418    .0
6100100119960419    .0
6100100119960420    .0
6100100119960421    .2
6100100119960422  11.6
6100100119960423    .8
6100100119960424    .0
6100100119960425    .0
6100100119960426    .0
6100100119960427    .0
6100100119960428    .0
6100100119960429    .0
6100100119960430    .0
6100100119960501   9.2
6100100119960502   2.0
6100100119960503    .6
6100100119960504    .0
6100100119960505    .0
6100100119960506   4.4
6100100119960507  10.0
6100100119960508   2.6
6100100119960509    .0
6100100119960510    .0
6100100119960511    .0
6100100119960512    .0
6100100119960513    .0
6100100119960514    .0
6100100119960515   1.0
6100100119960516   6.0
6100100119960517   5.6
6100100119960518   5.4
6100100119960519   3.6
6100100119960520   1.8
6100100119960521   1.6
6100100119960522   6.8
6100100119960523    .0
6100100119960524   3.6
6100100119960525   7.8
6100100119960526   1.6
6100100119960527    .4
6100100119960528    .0
6100100119960529    .0
6100100119960530    .0
6100100119960531    .0
6100100119960601    .0
6100100119960602    .0
6100100119960603    .0
6100100119960604    .0
6100100119960605    .0
6100100119960606    .0
6100100119960607    .0
6100100119960608    .8
6100100119960609    .0
6100100119960610    .0
6100100119960611    .0
6100100119960612    .0
6100100119960613    .0
6100100119960614    .0
6100100119960615    .0
6100100119960616    .0
6100100119960617    .0
6100100119960618    .0
6100100119960619    .2
6100100119960620    .0
6100100119960621    .0
6100100119960622    .6
6100100119960623    .0
6100100119960624    .0
6100100119960625    .0
6100100119960626    .0
6100100119960627    .0
6100100119960628    .4
6100100119960629    .0
6100100119960630    .8
6100100119960701    .0
6100100119960702    .0
6100100119960703   5.2
6100100119960704   4.4
6100100119960705   2.2
6100100119960706    .0
6100100119960707    .6
6100100119960708    .0
6100100119960709    .1
6100100119960710    .2
6100100119960711    .0
6100100119960712    .4
6100100119960713    .0
6100100119960714    .0
6100100119960715    .0
6100100119960716    .0
6100100119960717    .0
6100100119960718    .0
6100100119960719    .0
6100100119960720    .0
6100100119960721    .0
6100100119960722    .0
6100100119960723    .0
6100100119960724    .0
6100100119960725    .0
6100100119960726    .0
6100100119960727    .0
6100100119960728    .0
6100100119960729    .0
6100100119960730    .0
6100100119960731    .0
6100100119960801    .0
6100100119960802    .0
6100100119960803    .0
6100100119960804    .0
6100100119960805    .0
6100100119960806   5.6
6100100119960807    .0
6100100119960808    .0
6100100119960809   2.8
6100100119960810  12.2
6100100119960811    .6
6100100119960812    .6
6100100119960813    .0
6100100119960814    .0
6100100119960815    .0
6100100119960816    .0
6100100119960817    .0
6100100119960818    .0
6100100119960819    .0
6100100119960820    .0
6100100119960821    .0
6100100119960822   1.4
6100100119960823   1.0
6100100119960824   1.6
6100100119960825    .2
6100100119960826    .4
6100100119960827    .2
6100100119960828   3.8
6100100119960829    .0
6100100119960830    .0
6100100119960831    .0
6100100119960901    .0
6100100119960902    .0
6100100119960903    .2
6100100119960904    .0
6100100119960905    .0
6100100119960906    .0
6100100119960907    .0
6100100119960908    .0
6100100119960909    .0
6100100119960910    .0
6100100119960911    .0
6100100119960912    .2
6100100119960913    .0
6100100119960914    .0
6100100119960915    .0
6100100119960916    .2
6100100119960917    .0
6100100119960918    .8
6100100119960919  16.2
6100100119960920    .2
6100100119960921    .2
6100100119960922    .0
6100100119960923    .0
6100100119960924    .0
6100100119960925    .4
6100100119960926    .6
6100100119960927    .0
6100100119960928    .0
6100100119960929    .2
6100100119960930  11.8
6100100119961001   1.8
6100100119961002    .0
6100100119961003    .8
6100100119961004   2.4
6100100119961005   3.8
6100100119961006    .0
6100100119961007    .0
6100100119961008    .0
6100100119961009   1.6
6100100119961010    .2
6100100119961011    .0
6100100119961012    .0
6100100119961013    .0
6100100119961014   9.8
6100100119961015    .2
6100100119961016   2.2
6100100119961017    .2
6100100119961018   1.0
6100100119961019    .0
6100100119961020   1.2
6100100119961021    .2
6100100119961022    .2
6100100119961023    .0
6100100119961024    .0
6100100119961025   1.8
6100100119961026    .0
6100100119961027    .2
6100100119961028    .4
6100100119961029   3.2
6100100119961030    .0
6100100119961031   2.8
6100100119961101    .0
6100100119961102    .0
6100100119961103    .0
6100100119961104  28.8
6100100119961105    .2
6100100119961106   5.6
6100100119961107    .2
6100100119961108    .4
6100100119961109    .2
6100100119961110   7.0
6100100119961111  11.2
6100100119961112   2.3
6100100119961113    .0
6100100119961114    .2
6100100119961115    .6
6100100119961116    .2
6100100119961117    .6
6100100119961118   2.8
6100100119961119  20.2
6100100119961120   2.2
6100100119961121    .2
6100100119961122    .8
6100100119961123   2.2
6100100119961124  10.2
6100100119961125   4.4
6100100119961126    .0
6100100119961127  12.4
6100100119961128   4.8
6100100119961129   6.8
6100100119961130    .0
6100100119961201   1.4
6100100119961202    .4
6100100119961203  11.4
6100100119961204    .0
6100100119961205    .8
6100100119961206   3.6
6100100119961207    .4
6100100119961208    .0
6100100119961209    .0
6100100119961210    .0
6100100119961211    .0
6100100119961212   1.2
6100100119961213    .4
6100100119961214    .0
6100100119961215    .0
6100100119961216   2.6
6100100119961217   5.8
6100100119961218   6.8
6100100119961219   3.2
6100100119961220    .2
6100100119961221   2.0
6100100119961222   5.4
6100100119961223    .4
6100100119961224    .8
6100100119961225    .0
6100100119961226    .0
6100100119961227    .0
6100100119961228    .0
6100100119961229    .0
6100100119961230    .0
6100100119961231    .2
6100100119970101    .0
6100100119970102    .0
6100100119970103   2.4
6100100119970104    .4
6100100119970105    .0
6100100119970106    .0
6100100119970107    .0
6100100119970108    .6
6100100119970109   2.6
6100100119970110    .0
6100100119970111    .0
6100100119970112    .0
6100100119970113    .0
6100100119970114    .0
6100100119970115    .0
6100100119970116    .0
6100100119970117   1.6
6100100119970118   1.8
6100100119970119    .0
6100100119970120    .0
6100100119970121   4.8
6100100119970122    .4
6100100119970123   2.4
6100100119970124   2.6
6100100119970125    .0
6100100119970126    .0
6100100119970127    .0
6100100119970128    .0
6100100119970129    .0
6100100119970130    .0
6100100119970131    .0
6100100119970201    .0
6100100119970202    .0
6100100119970203    .0
6100100119970204   4.2
6100100119970205    .0
6100100119970206    .0
6100100119970207    .0
6100100119970208    .2
6100100119970209    .2
6100100119970210   3.2
6100100119970211   7.2
6100100119970212   9.8
6100100119970213   8.6
6100100119970214  13.8
6100100119970215    .0
6100100119970216   2.2
6100100119970217   5.8
6100100119970218   3.4
6100100119970219   2.2
6100100119970220    .0
6100100119970221    .0
6100100119970222    .0
6100100119970223   2.0
6100100119970224  20.8
6100100119970225  29.0
6100100119970226    .4
6100100119970227    .0
6100100119970228    .0
6100100119970301    .2
6100100119970302    .8
6100100119970303    .0
6100100119970304    .4
6100100119970305    .2
6100100119970306    .0
6100100119970307    .0
6100100119970308    .0
6100100119970309    .0
6100100119970310    .4
6100100119970311    .2
6100100119970312    .0
6100100119970313    .0
6100100119970314    .2
6100100119970315    .0
6100100119970316    .0
6100100119970317    .2
6100100119970318   1.0
6100100119970319    .0
6100100119970320    .2
6100100119970321    .0
6100100119970322    .0
6100100119970323    .0
6100100119970324   1.6
6100100119970325    .0
6100100119970326    .0
6100100119970327    .0
6100100119970328    .0
6100100119970329    .0
6100100119970330    .2
6100100119970331    .0
6100100119970401    .0
6100100119970402    .0
6100100119970403    .0
6100100119970404    .0
6100100119970405    .0
6100100119970406    .0
6100100119970407    .0
6100100119970408    .0
6100100119970409    .0
6100100119970410    .0
6100100119970411    .0
6100100119970412    .0
6100100119970413    .0
6100100119970414    .0
6100100119970415    .0
6100100119970416    .0
6100100119970417    .0
6100100119970418    .0
6100100119970419    .0
6100100119970420    .0
6100100119970421    .0
6100100119970422    .0
6100100119970423    .0
6100100119970424    .0
6100100119970425   1.6
6100100119970426   5.4
6100100119970427   2.0
6100100119970428    .4
6100100119970429    .2
6100100119970430    .2
6100100119970501    .0
6100100119970502    .0
6100100119970503   4.0
6100100119970504   2.6
6100100119970505  14.2
6100100119970506   4.2
6100100119970507    .8
6100100119970508  10.8
6100100119970509   4.4
6100100119970510   8.8
6100100119970511    .8
6100100119970512   2.0
6100100119970513    .0
6100100119970514   4.2
6100100119970515   4.6
6100100119970516    .0
6100100119970517   5.8
6100100119970518   1.6
6100100119970519  10.2
6100100119970520  11.2
6100100119970521    .2
6100100119970522    .4
6100100119970523    .0
6100100119970524    .0
6100100119970525    .0
6100100119970526    .0
6100100119970527    .0
6100100119970528    .0
6100100119970529    .0
6100100119970530    .0
6100100119970531    .0
6100100119970601    .6
6100100119970602    .2
6100100119970603    .0
6100100119970604   3.6
6100100119970605    .6
6100100119970606  19.0
6100100119970607   2.4
6100100119970608   4.6
6100100119970609    .0
6100100119970610   7.4
6100100119970611  16.8
6100100119970612   5.4
6100100119970613   9.2
6100100119970614    .4
6100100119970615    .2
6100100119970616    .6
6100100119970617    .2
6100100119970618    .0
6100100119970619   1.0
6100100119970620   2.4
6100100119970621   4.2
6100100119970622   1.0
6100100119970623   2.2
6100100119970624    .0
6100100119970625  14.6
6100100119970626   2.2
6100100119970627   8.6
6100100119970628   7.0
6100100119970629  20.2
6100100119970630   7.6
6100100119970701    .2
6100100119970702   2.4
6100100119970703   1.8
6100100119970704    .2
6100100119970705    .2
6100100119970706    .0
6100100119970707    .2
6100100119970708    .2
6100100119970709    .2
6100100119970710    .0
6100100119970711   5.2
6100100119970712    .2
6100100119970713    .0
6100100119970714    .2
6100100119970715    .0
6100100119970716    .0
6100100119970717    .0
6100100119970718    .0
6100100119970719    .2
6100100119970720    .2
6100100119970721    .0
6100100119970722    .0
6100100119970723    .0
6100100119970724   1.8
6100100119970725   5.6
6100100119970726    .0
6100100119970727    .2
6100100119970728    .0
6100100119970729    .0
6100100119970730    .0
6100100119970731    .0
6100100119970801    .2
6100100119970802    .0
6100100119970803    .0
6100100119970804    .0
6100100119970805  14.2
6100100119970806    .2
6100100119970807    .2
6100100119970808    .2
6100100119970809    .0
6100100119970810   6.0
6100100119970811   1.4
6100100119970812    .0
6100100119970813    .2
6100100119970814    .0
6100100119970815    .0
6100100119970816    .0
6100100119970817    .2
6100100119970818    .0
6100100119970819    .0
6100100119970820    .0
6100100119970821    .0
6100100119970822    .2
6100100119970823    .0
6100100119970824   4.2
6100100119970825    .6
6100100119970826    .0
6100100119970827   3.8
6100100119970828   7.2
6100100119970829  15.6
6100100119970830   1.0
6100100119970831    .2
6100100119970901    .2
6100100119970902    .0
6100100119970903    .0
6100100119970904   2.6
6100100119970905    .2
6100100119970906    .0
6100100119970907    .4
6100100119970908    .2
6100100119970909    .2
6100100119970910    .0
6100100119970911    .0
6100100119970912  12.0
6100100119970913    .0
6100100119970914    .0
6100100119970915    .0
6100100119970916    .2
6100100119970917    .0
6100100119970918    .0
6100100119970919  25.2
6100100119970920    .0
6100100119970921    .0
6100100119970922    .0
6100100119970923    .0
6100100119970924    .0
6100100119970925    .0
6100100119970926    .0
6100100119970927    .2
6100100119970928    .2
6100100119970929    .2
6100100119970930    .0
6100100119971001    .0
6100100119971002    .2
6100100119971003    .2
6100100119971004    .4
6100100119971005    .0
6100100119971006   1.2
6100100119971007    .4
6100100119971008  10.4
6100100119971009    .4
6100100119971010    .2
6100100119971011  10.8
6100100119971012    .2
6100100119971013    .4
6100100119971014   3.6
6100100119971015   1.4
6100100119971016    .4
6100100119971017    .2
6100100119971018    .2
6100100119971019   2.0
6100100119971020   6.0
6100100119971021    .0
6100100119971022    .0
6100100119971023    .2
6100100119971024    .0
6100100119971025    .4
6100100119971026    .2
6100100119971027    .0
6100100119971028    .0
6100100119971029    .0
6100100119971030    .0
6100100119971031    .0
6100100119971101    .0
6100100119971102    .2
6100100119971103    .0
6100100119971104   4.2
6100100119971105   8.6
6100100119971106    .2
6100100119971107   1.6
6100100119971108   7.2
6100100119971109   4.0
6100100119971110    .6
6100100119971111    .2
6100100119971112    .2
6100100119971113    .2
6100100119971114    .2
6100100119971115   1.6
6100100119971116    .4
6100100119971117    .0
6100100119971118   2.4
6100100119971119  13.6
6100100119971120   4.0
6100100119971121    .4
6100100119971122    .2
6100100119971123    .4
6100100119971124   1.2
6100100119971125    .2
6100100119971126   1.6
6100100119971127   7.2
6100100119971128   3.0
6100100119971129   1.6
6100100119971130   1.0
6100100119971201  18.8
6100100119971202   2.6
6100100119971203    .0
6100100119971204    .4
6100100119971205    .0
6100100119971206    .0
6100100119971207   2.0
6100100119971208   4.6
6100100119971209   3.4
6100100119971210   7.6
6100100119971211   2.0
6100100119971212    .0
6100100119971213    .2
6100100119971214    .4
6100100119971215    .0
6100100119971216  10.0
6100100119971217   2.2
6100100119971218  12.4
6100100119971219    .0
6100100119971220    .2
6100100119971221    .0
6100100119971222   1.6
6100100119971223   3.6
6100100119971224   4.4
6100100119971225   7.6
6100100119971226    .4
6100100119971227    .4
6100100119971228    .4
6100100119971229    .8
6100100119971230   9.0
6100100119971231   1.8
6100100119980101  12.0
6100100119980102   9.4
6100100119980103   5.0
6100100119980104   9.8
6100100119980105   5.4
6100100119980106  19.6
6100100119980107    .4
6100100119980108    .0
6100100119980109    .0
6100100119980110    .2
6100100119980111    .2
6100100119980112    .8
6100100119980113   2.0
6100100119980114   4.2
6100100119980115  14.4
6100100119980116   1.6
6100100119980117   1.8
6100100119980118  22.0
6100100119980119    .6
6100100119980120    .0
6100100119980121    .2
6100100119980122    .2
6100100119980123    .0
6100100119980124    .0
6100100119980125    .0
6100100119980126    .0
6100100119980127    .0
6100100119980128    .0
6100100119980129    .0
6100100119980130    .2
6100100119980131    .0
6100100119980201    .2
6100100119980202    .0
6100100119980203    .0
6100100119980204    .2
6100100119980205    .2
6100100119980206    .0
6100100119980207    .6
6100100119980208    .0
6100100119980209    .0
6100100119980210    .0
6100100119980211    .0
6100100119980212    .0
6100100119980213    .0
6100100119980214    .0
6100100119980215    .0
6100100119980216    .0
6100100119980217    .0
6100100119980218    .0
6100100119980219    .0
6100100119980220    .0
6100100119980221   3.8
6100100119980222    .4
6100100119980223    .0
6100100119980224    .0
6100100119980225    .0
6100100119980226    .0
6100100119980227    .2
6100100119980228   1.6
6100100119980301    .0
6100100119980302    .0
6100100119980303    .8
6100100119980304   8.4
6100100119980305    .0
6100100119980306    .2
6100100119980307   5.2
6100100119980308    .2
6100100119980309    .0
6100100119980310   4.0
6100100119980311   1.2
6100100119980312    .0
6100100119980313   1.0
6100100119980314    .0
6100100119980315    .0
6100100119980316    .0
6100100119980317    .0
6100100119980318    .0
6100100119980319    .0
6100100119980320    .0
6100100119980321    .0
6100100119980322    .0
6100100119980323    .0
6100100119980324    .0
6100100119980325    .0
6100100119980326   3.6
6100100119980327    .0
6100100119980328    .2
6100100119980329    .2
6100100119980330    .4
6100100119980331   1.8
6100100119980401   2.4
6100100119980402  16.4
6100100119980403   5.2
6100100119980404  10.8
6100100119980405   1.2
6100100119980406   7.6
6100100119980407   3.4
6100100119980408   3.8
6100100119980409   6.8
6100100119980410   4.0
6100100119980411   1.2
6100100119980412    .4
6100100119980413   3.4
6100100119980414   7.2
6100100119980415   3.0
6100100119980416  12.6
6100100119980417   5.6
6100100119980418    .0
6100100119980419   7.0
6100100119980420    .0
6100100119980421    .0
6100100119980422    .0
6100100119980423   1.2
6100100119980424    .4
6100100119980425   1.4
6100100119980426    .0
6100100119980427    .2
6100100119980428   5.0
6100100119980429   3.0
6100100119980430   3.6
6100100119980501    .2
6100100119980502   5.2
6100100119980503    .0
6100100119980504    .0
6100100119980505    .0
6100100119980506    .0
6100100119980507    .0
6100100119980508    .0
6100100119980509    .0
6100100119980510    .0
6100100119980511    .0
6100100119980512    .0
6100100119980513    .0
6100100119980514   1.0
6100100119980515    .0
6100100119980516    .0
6100100119980517    .0
6100100119980518    .0
6100100119980519    .0
6100100119980520    .0
6100100119980521    .0
6100100119980522    .0
6100100119980523    .0
6100100119980524    .0
6100100119980525    .0
6100100119980526   3.0
6100100119980527   9.2
6100100119980528   1.0
6100100119980529    .0
6100100119980530   3.0
6100100119980531    .6
6100100119980601   1.2
6100100119980602    .4
6100100119980603    .0
6100100119980604   6.8
6100100119980605   6.8
6100100119980606   7.4
6100100119980607    .6
6100100119980608   1.0
6100100119980609   2.6
6100100119980610   5.4
6100100119980611    .8
6100100119980612    .4
6100100119980613   6.2
6100100119980614   4.2
6100100119980615    .0
6100100119980616    .0
6100100119980617    .0
6100100119980618    .0
6100100119980619    .0
6100100119980620    .0
6100100119980621    .2
6100100119980622    .0
6100100119980623    .0
6100100119980624    .8
6100100119980625    .0
6100100119980626    .0
6100100119980627  10.8
6100100119980628    .0
6100100119980629    .0
6100100119980630   1.6
6100100119980701    .0
6100100119980702   7.4
6100100119980703    .0
6100100119980704    .2
6100100119980705    .0
6100100119980706    .0
6100100119980707    .0
6100100119980708    .0
6100100119980709    .6
6100100119980710    .0
6100100119980711    .0
6100100119980712   9.6
6100100119980713   5.8
6100100119980714    .0
6100100119980715   6.0
6100100119980716   1.0
6100100119980717    .4
6100100119980718    .2
6100100119980719    .0
6100100119980720   5.8
6100100119980721   1.4
6100100119980722    .0
6100100119980723   6.6
6100100119980724    .0
6100100119980725    .0
6100100119980726    .4
6100100119980727    .0
6100100119980728   1.2
6100100119980729    .8
6100100119980730    .0
6100100119980731    .0
6100100119980801   5.8
6100100119980802    .4
6100100119980803    .2
6100100119980804    .0
6100100119980805    .2
6100100119980806    .0
6100100119980807    .0
6100100119980808    .0
6100100119980809    .0
6100100119980810    .0
6100100119980811    .0
6100100119980812    .0
6100100119980813    .0
6100100119980814    .0
6100100119980815    .0
6100100119980816    .2
6100100119980817    .0
6100100119980818    .2
6100100119980819    .2
6100100119980820   1.2
6100100119980821    .4
6100100119980822   1.6
6100100119980823   1.4
6100100119980824    .2
6100100119980825    .0
6100100119980826    .0
6100100119980827    .0
6100100119980828    .0
6100100119980829    .0
6100100119980830    .0
6100100119980831    .0
6100100119980901   2.6
6100100119980902  29.4
6100100119980903    .6
6100100119980904  14.8
6100100119980905   2.8
6100100119980906    .2
6100100119980907    .4
6100100119980908   6.4
6100100119980909   1.8
6100100119980910   6.8
6100100119980911   2.6
6100100119980912   6.0
6100100119980913   3.2
6100100119980914   2.2
6100100119980915   5.0
6100100119980916    .0
6100100119980917    .2
6100100119980918    .2
6100100119980919    .0
6100100119980920    .2
6100100119980921    .2
6100100119980922    .0
6100100119980923    .0
6100100119980924    .2
6100100119980925   3.6
6100100119980926  11.6
6100100119980927   7.0
6100100119980928    .0
6100100119980929   2.2
6100100119980930   7.6
6100100119981001   1.2
6100100119981002    .2
6100100119981003    .2
6100100119981004   4.2
6100100119981005    .0
6100100119981006    .0
6100100119981007   4.4
6100100119981008   6.0
6100100119981009   2.2
6100100119981010    .4
6100100119981011   2.0
6100100119981012    .0
6100100119981013   4.8
6100100119981014   1.0
6100100119981015   2.4
6100100119981016    .2
6100100119981017   4.2
6100100119981018   1.4
6100100119981019    .2
6100100119981020    .0
6100100119981021    .6
6100100119981022    .0
6100100119981023   6.8
6100100119981024  36.0
6100100119981025   1.6
6100100119981026   1.2
6100100119981027   3.4
6100100119981028  10.0
6100100119981029    .0
6100100119981030   1.8
6100100119981031  16.0
6100100119981101    .0
6100100119981102    .6
6100100119981103    .2
6100100119981104    .2
6100100119981105    .2
6100100119981106    .6
6100100119981107    .4
6100100119981108   1.4
6100100119981109   1.0
6100100119981110    .8
6100100119981111   3.0
6100100119981112   1.0
6100100119981113   3.8
6100100119981114   1.0
6100100119981115    .0
6100100119981116    .0
6100100119981117    .2
6100100119981118    .0
6100100119981119    .2
6100100119981120    .0
6100100119981121    .2
6100100119981122    .0
6100100119981123    .0
6100100119981124   6.0
6100100119981125   1.4
6100100119981126   1.2
6100100119981127   3.4
6100100119981128   3.8
6100100119981129    .2
6100100119981130    .0
6100100119981201    .0
6100100119981202    .0
6100100119981203    .0
6100100119981204    .4
6100100119981205   1.0
6100100119981206    .2
6100100119981207    .6
6100100119981208   8.6
6100100119981209   4.0
6100100119981210   6.2
6100100119981211   3.4
6100100119981212   2.4
6100100119981213    .2
6100100119981214    .0
6100100119981215    .2
6100100119981216    .2
6100100119981217    .0
6100100119981218   3.6
6100100119981219  20.4
6100100119981220   6.4
6100100119981221    .2
6100100119981222    .0
6100100119981223   2.8
6100100119981224   3.2
6100100119981225   1.0
6100100119981226  29.6
6100100119981227   9.0
6100100119981228   2.4
6100100119981229    .0
6100100119981230   9.6
6100100119981231   3.8
