6229800119940101   5.2
6229800119940102    .2
6229800119940103   4.0
6229800119940104   7.8
6229800119940105   6.1
6229800119940106   1.5
6229800119940107    .0
6229800119940108    .0
6229800119940109    .2
6229800119940110   6.1
6229800119940111    .9
6229800119940112   5.8
6229800119940113    .2
6229800119940114    .6
6229800119940115   5.3
6229800119940116    .6
6229800119940117    .0
6229800119940118    .0
6229800119940119   7.0
6229800119940120    .2
6229800119940121    .0
6229800119940122   1.0
6229800119940123   3.8
6229800119940124   3.2
6229800119940125   6.6
6229800119940126    .2
6229800119940127   7.3
6229800119940128    .0
6229800119940129    .2
6229800119940130   1.4
6229800119940131    .0
6229800119940201    .3
6229800119940202   1.0
6229800119940203   8.6
6229800119940204    .0
6229800119940205    .0
6229800119940206    .0
6229800119940207   2.0
6229800119940208    .6
6229800119940209   1.6
6229800119940210    .0
6229800119940211    .0
6229800119940212    .0
6229800119940213    .0
6229800119940214    .0
6229800119940215    .0
6229800119940216    .0
6229800119940217    .0
6229800119940218    .0
6229800119940219    .0
6229800119940220    .0
6229800119940221    .8
6229800119940222    .6
6229800119940223   6.5
6229800119940224    .0
6229800119940225    .0
6229800119940226    .0
6229800119940227   4.2
6229800119940228   2.4
6229800119940301   4.0
6229800119940302   4.6
6229800119940303    .6
6229800119940304    .0
6229800119940305    .4
6229800119940306    .4
6229800119940307   2.4
6229800119940308    .0
6229800119940309    .0
6229800119940310    .0
6229800119940311    .0
6229800119940312    .4
6229800119940313   1.1
6229800119940314    .0
6229800119940315   1.8
6229800119940316   1.2
6229800119940317   2.6
6229800119940318   5.3
6229800119940319   6.0
6229800119940320    .2
6229800119940321   3.0
6229800119940322   3.2
6229800119940323   2.0
6229800119940324   2.3
6229800119940325   2.0
6229800119940326    .0
6229800119940327    .0
6229800119940328    .0
6229800119940329    .4
6229800119940330   5.6
6229800119940331   6.8
6229800119940401   2.2
6229800119940402   2.8
6229800119940403   4.8
6229800119940404   4.4
6229800119940405   3.3
6229800119940406    .8
6229800119940407   5.2
6229800119940408   8.0
6229800119940409    .9
6229800119940410    .9
6229800119940411    .0
6229800119940412    .0
6229800119940413   1.0
6229800119940414   3.7
6229800119940415   4.6
6229800119940416    .5
6229800119940417    .0
6229800119940418    .0
6229800119940419    .0
6229800119940420    .0
6229800119940421    .0
6229800119940422    .0
6229800119940423  14.2
6229800119940424  14.4
6229800119940425    .8
6229800119940426   7.4
6229800119940427    .0
6229800119940428    .0
6229800119940429    .0
6229800119940430    .0
6229800119940501    .0
6229800119940502    .0
6229800119940503    .0
6229800119940504   2.4
6229800119940505   3.9
6229800119940506    .9
6229800119940507   8.2
6229800119940508    .3
6229800119940509    .0
6229800119940510    .0
6229800119940511    .0
6229800119940512    .8
6229800119940513    .0
6229800119940514  13.4
6229800119940515   3.0
6229800119940516    .2
6229800119940517   1.8
6229800119940518    .0
6229800119940519    .0
6229800119940520    .9
6229800119940521   5.3
6229800119940522   1.3
6229800119940523   2.8
6229800119940524   4.6
6229800119940525   2.6
6229800119940526   6.4
6229800119940527    .0
6229800119940528    .0
6229800119940529    .0
6229800119940530    .0
6229800119940531    .0
6229800119940601   4.6
6229800119940602   8.6
6229800119940603   5.2
6229800119940604  11.2
6229800119940605    .2
6229800119940606    .2
6229800119940607    .0
6229800119940608    .4
6229800119940609    .7
6229800119940610   1.3
6229800119940611    .6
6229800119940612    .0
6229800119940613    .0
6229800119940614    .0
6229800119940615    .0
6229800119940616    .0
6229800119940617    .0
6229800119940618    .0
6229800119940619    .0
6229800119940620    .0
6229800119940621    .0
6229800119940622    .2
6229800119940623    .0
6229800119940624    .0
6229800119940625   2.8
6229800119940626    .0
6229800119940627    .0
6229800119940628    .0
6229800119940629    .0
6229800119940630    .0
6229800119940701    .0
6229800119940702    .0
6229800119940703    .0
6229800119940704    .0
6229800119940705    .0
6229800119940706   3.2
6229800119940707   6.8
6229800119940708   2.4
6229800119940709    .0
6229800119940710    .0
6229800119940711    .0
6229800119940712    .0
6229800119940713    .0
6229800119940714    .0
6229800119940715    .0
6229800119940716    .0
6229800119940717    .0
6229800119940718    .0
6229800119940719    .0
6229800119940720    .0
6229800119940721    .0
6229800119940722    .0
6229800119940723    .0
6229800119940724    .0
6229800119940725    .0
6229800119940726    .0
6229800119940727   8.0
6229800119940728   2.4
6229800119940729    .0
6229800119940730   3.7
6229800119940731  12.6
6229800119940801   5.0
6229800119940802    .0
6229800119940803    .0
6229800119940804    .0
6229800119940805   5.8
6229800119940806    .0
6229800119940807    .0
6229800119940808    .0
6229800119940809   4.0
6229800119940810   7.5
6229800119940811    .0
6229800119940812    .1
6229800119940813   4.4
6229800119940814    .0
6229800119940815    .0
6229800119940816    .0
6229800119940817   1.8
6229800119940818   1.8
6229800119940819   6.4
6229800119940820    .2
6229800119940821   1.0
6229800119940822    .0
6229800119940823   5.4
6229800119940824    .2
6229800119940825   1.1
6229800119940826   2.9
6229800119940827   7.2
6229800119940828    .0
6229800119940829    .4
6229800119940830    .0
6229800119940831    .2
6229800119940901    .1
6229800119940902    .4
6229800119940903    .0
6229800119940904    .6
6229800119940905    .0
6229800119940906   7.3
6229800119940907   2.6
6229800119940908   2.4
6229800119940909   3.4
6229800119940910   1.0
6229800119940911   1.9
6229800119940912   2.0
6229800119940913    .0
6229800119940914   2.5
6229800119940915  10.8
6229800119940916   1.7
6229800119940917   1.2
6229800119940918    .0
6229800119940919   9.4
6229800119940920  13.2
6229800119940921    .0
6229800119940922    .0
6229800119940923    .0
6229800119940924   1.0
6229800119940925    .2
6229800119940926    .8
6229800119940927    .0
6229800119940928    .0
6229800119940929    .0
6229800119940930    .0
6229800119941001    .6
6229800119941002    .0
6229800119941003   4.8
6229800119941004    .4
6229800119941005    .0
6229800119941006    .0
6229800119941007    .0
6229800119941008    .0
6229800119941009    .0
6229800119941010    .0
6229800119941011    .0
6229800119941012    .0
6229800119941013    .0
6229800119941014    .0
6229800119941015    .0
6229800119941016    .0
6229800119941017    .0
6229800119941018    .0
6229800119941019   1.4
6229800119941020    .4
6229800119941021   1.4
6229800119941022  12.9
6229800119941023   4.4
6229800119941024   1.2
6229800119941025   5.4
6229800119941026   1.5
6229800119941027   1.0
6229800119941028    .0
6229800119941029   4.6
6229800119941030   2.2
6229800119941031   3.6
6229800119941101    .0
6229800119941102    .0
6229800119941103    .0
6229800119941104    .2
6229800119941105    .4
6229800119941106    .0
6229800119941107    .0
6229800119941108    .0
6229800119941109    .5
6229800119941110    .0
6229800119941111    .4
6229800119941112   3.4
6229800119941113    .0
6229800119941114   7.2
6229800119941115   1.6
6229800119941116   1.2
6229800119941117   1.5
6229800119941118   3.8
6229800119941119   1.2
6229800119941120    .0
6229800119941121   3.5
6229800119941122    .0
6229800119941123    .0
6229800119941124    .2
6229800119941125    .4
6229800119941126    .6
6229800119941127    .6
6229800119941128    .0
6229800119941129    .0
6229800119941130    .0
6229800119941201    .0
6229800119941202    .0
6229800119941203   6.4
6229800119941204   2.0
6229800119941205   1.4
6229800119941206    .6
6229800119941207   5.8
6229800119941208  13.4
6229800119941209    .0
6229800119941210   1.4
6229800119941211    .0
6229800119941212    .0
6229800119941213    .4
6229800119941214    .0
6229800119941215    .0
6229800119941216    .4
6229800119941217    .0
6229800119941218   3.4
6229800119941219    .0
6229800119941220    .0
6229800119941221   1.0
6229800119941222    .0
6229800119941223    .0
6229800119941224    .0
6229800119941225    .8
6229800119941226    .3
6229800119941227  13.2
6229800119941228   6.8
6229800119941229   7.2
6229800119941230   4.7
6229800119941231   7.8
6229800119950101   2.0
6229800119950102   4.3
6229800119950103    .0
6229800119950104    .0
6229800119950105   4.0
6229800119950106    .0
6229800119950107   1.4
6229800119950108   7.0
6229800119950109   2.0
6229800119950110  12.2
6229800119950111    .7
6229800119950112   6.8
6229800119950113    .0
6229800119950114    .0
6229800119950115   1.0
6229800119950116    .0
6229800119950117   4.8
6229800119950118   1.4
6229800119950119   4.4
6229800119950120   4.8
6229800119950121   6.2
6229800119950122  21.9
6229800119950123   1.6
6229800119950124  12.6
6229800119950125  13.2
6229800119950126  11.2
6229800119950127   9.4
6229800119950128   2.6
6229800119950129  11.6
6229800119950130    .0
6229800119950131    .2
6229800119950201   4.4
6229800119950202    .0
6229800119950203   5.8
6229800119950204   2.0
6229800119950205    .4
6229800119950206    .0
6229800119950207    .0
6229800119950208   5.9
6229800119950209    .8
6229800119950210   6.0
6229800119950211   3.5
6229800119950212    .0
6229800119950213   3.6
6229800119950214   5.0
6229800119950215   4.2
6229800119950216   8.6
6229800119950217   2.6
6229800119950218   1.4
6229800119950219   4.8
6229800119950220   1.1
6229800119950221   1.8
6229800119950222   2.6
6229800119950223  15.2
6229800119950224   1.8
6229800119950225   6.4
6229800119950226   2.2
6229800119950227   1.0
6229800119950228    .0
6229800119950301    .6
6229800119950302   6.9
6229800119950303    .2
6229800119950304   1.0
6229800119950305   5.4
6229800119950306   3.0
6229800119950307   5.8
6229800119950308   4.6
6229800119950309    .0
6229800119950310    .0
6229800119950311    .0
6229800119950312    .0
6229800119950313    .0
6229800119950314   6.0
6229800119950315   7.0
6229800119950316   3.8
6229800119950317   2.9
6229800119950318   2.8
6229800119950319   2.0
6229800119950320    .0
6229800119950321    .0
6229800119950322    .0
6229800119950323    .0
6229800119950324    .0
6229800119950325   1.8
6229800119950326   1.7
6229800119950327   1.4
6229800119950328   5.4
6229800119950329   1.3
6229800119950330    .2
6229800119950331   1.8
6229800119950401    .0
6229800119950402    .0
6229800119950403    .0
6229800119950404    .0
6229800119950405    .0
6229800119950406    .0
6229800119950407    .0
6229800119950408    .0
6229800119950409    .0
6229800119950410    .0
6229800119950411    .0
6229800119950412    .0
6229800119950413    .0
6229800119950414    .0
6229800119950415    .2
6229800119950416    .8
6229800119950417   8.2
6229800119950418   2.5
6229800119950419   4.2
6229800119950420   1.6
6229800119950421  10.8
6229800119950422    .0
6229800119950423   1.0
6229800119950424   6.2
6229800119950425   8.8
6229800119950426   1.2
6229800119950427    .1
6229800119950428    .0
6229800119950429   7.0
6229800119950430    .0
6229800119950501    .0
6229800119950502    .0
6229800119950503    .0
6229800119950504    .0
6229800119950505    .0
6229800119950506    .0
6229800119950507    .0
6229800119950508    .0
6229800119950509    .0
6229800119950510    .0
6229800119950511    .0
6229800119950512   8.4
6229800119950513   1.4
6229800119950514    .2
6229800119950515    .0
6229800119950516   4.6
6229800119950517   2.8
6229800119950518   1.2
6229800119950519    .0
6229800119950520    .0
6229800119950521    .0
6229800119950522    .0
6229800119950523    .0
6229800119950524   2.8
6229800119950525   3.8
6229800119950526    .0
6229800119950527    .0
6229800119950528  13.6
6229800119950529    .2
6229800119950530    .0
6229800119950531    .0
6229800119950601   1.0
6229800119950602    .2
6229800119950603   4.2
6229800119950604   2.6
6229800119950605   2.6
6229800119950606    .0
6229800119950607   4.2
6229800119950608    .0
6229800119950609   3.1
6229800119950610    .2
6229800119950611   3.4
6229800119950612    .0
6229800119950613    .0
6229800119950614    .4
6229800119950615    .8
6229800119950616    .2
6229800119950617   3.1
6229800119950618    .0
6229800119950619    .0
6229800119950620    .8
6229800119950621    .0
6229800119950622    .0
6229800119950623    .0
6229800119950624    .0
6229800119950625    .0
6229800119950626    .0
6229800119950627    .0
6229800119950628    .0
6229800119950629    .0
6229800119950630    .0
6229800119950701    .0
6229800119950702   4.0
6229800119950703   9.8
6229800119950704    .0
6229800119950705    .0
6229800119950706    .0
6229800119950707    .0
6229800119950708    .0
6229800119950709    .0
6229800119950710    .0
6229800119950711  59.0
6229800119950712    .0
6229800119950713   5.8
6229800119950714   2.8
6229800119950715   3.6
6229800119950716   2.8
6229800119950717   8.0
6229800119950718    .0
6229800119950719    .0
6229800119950720    .0
6229800119950721    .6
6229800119950722    .0
6229800119950723    .0
6229800119950724    .0
6229800119950725    .0
6229800119950726   1.2
6229800119950727   5.2
6229800119950728    .0
6229800119950729    .0
6229800119950730    .0
6229800119950731    .0
6229800119950801    .0
6229800119950802    .0
6229800119950803    .0
6229800119950804    .0
6229800119950805    .0
6229800119950806  14.0
6229800119950807    .8
6229800119950808    .0
6229800119950809    .0
6229800119950810    .0
6229800119950811    .0
6229800119950812    .0
6229800119950813    .2
6229800119950814    .0
6229800119950815    .0
6229800119950816    .0
6229800119950817    .0
6229800119950818    .0
6229800119950819    .0
6229800119950820    .0
6229800119950821    .0
6229800119950822    .0
6229800119950823    .4
6229800119950824    .0
6229800119950825    .3
6229800119950826    .0
6229800119950827   4.0
6229800119950828   7.4
6229800119950829    .3
6229800119950830   4.2
6229800119950831    .0
6229800119950901    .2
6229800119950902   7.2
6229800119950903    .0
6229800119950904    .4
6229800119950905    .0
6229800119950906    .4
6229800119950907  23.6
6229800119950908    .9
6229800119950909   3.4
6229800119950910   4.6
6229800119950911    .2
6229800119950912    .0
6229800119950913    .0
6229800119950914   4.4
6229800119950915   2.4
6229800119950916    .6
6229800119950917    .4
6229800119950918   4.6
6229800119950919    .0
6229800119950920    .0
6229800119950921    .0
6229800119950922    .0
6229800119950923    .0
6229800119950924  17.6
6229800119950925    .2
6229800119950926   8.4
6229800119950927   6.8
6229800119950928    .0
6229800119950929    .0
6229800119950930   3.0
6229800119951001    .0
6229800119951002   9.6
6229800119951003    .0
6229800119951004   1.4
6229800119951005    .0
6229800119951006    .0
6229800119951007    .0
6229800119951008    .0
6229800119951009    .0
6229800119951010    .0
6229800119951011    .0
6229800119951012    .0
6229800119951013    .0
6229800119951014    .0
6229800119951015    .0
6229800119951016    .0
6229800119951017    .2
6229800119951018    .0
6229800119951019    .0
6229800119951020    .0
6229800119951021    .0
6229800119951022    .0
6229800119951023    .0
6229800119951024    .0
6229800119951025    .0
6229800119951026    .9
6229800119951027    .2
6229800119951028    .4
6229800119951029    .0
6229800119951030    .0
6229800119951031    .0
6229800119951101   1.4
6229800119951102    .4
6229800119951103    .8
6229800119951104    .0
6229800119951105    .0
6229800119951106    .0
6229800119951107    .0
6229800119951108    .0
6229800119951109    .0
6229800119951110    .4
6229800119951111    .0
6229800119951112    .0
6229800119951113    .0
6229800119951114    .8
6229800119951115   6.6
6229800119951116   1.6
6229800119951117   7.6
6229800119951118    .0
6229800119951119    .4
6229800119951120    .0
6229800119951121    .2
6229800119951122    .0
6229800119951123    .0
6229800119951124    .0
6229800119951125    .0
6229800119951126   2.2
6229800119951127    .0
6229800119951128    .0
6229800119951129    .0
6229800119951130    .0
6229800119951201   1.2
6229800119951202   2.0
6229800119951203   1.0
6229800119951204    .0
6229800119951205    .0
6229800119951206    .8
6229800119951207    .0
6229800119951208    .4
6229800119951209    .0
6229800119951210    .0
6229800119951211    .4
6229800119951212    .0
6229800119951213    .0
6229800119951214    .0
6229800119951215    .0
6229800119951216    .0
6229800119951217    .2
6229800119951218    .0
6229800119951219   4.2
6229800119951220   1.4
6229800119951221  11.4
6229800119951222  14.6
6229800119951223   8.0
6229800119951224    .0
6229800119951225    .0
6229800119951226    .0
6229800119951227    .0
6229800119951228    .0
6229800119951229    .0
6229800119951230   4.4
6229800119951231    .2
6229800119960101    .0
6229800119960102    .2
6229800119960103    .0
6229800119960104    .0
6229800119960105   1.3
6229800119960106   8.4
6229800119960107    .0
6229800119960108    .2
6229800119960109   2.8
6229800119960110   6.6
6229800119960111   2.4
6229800119960112    .0
6229800119960113    .0
6229800119960114    .0
6229800119960115    .0
6229800119960116    .0
6229800119960117    .0
6229800119960118    .0
6229800119960119    .0
6229800119960120    .0
6229800119960121    .0
6229800119960122    .4
6229800119960123   7.6
6229800119960124    .0
6229800119960125    .0
6229800119960126    .0
6229800119960127    .4
6229800119960128    .0
6229800119960129    .0
6229800119960130    .0
6229800119960131    .0
6229800119960201    .0
6229800119960202    .0
6229800119960203    .4
6229800119960204    .0
6229800119960205    .0
6229800119960206    .0
6229800119960207    .0
6229800119960208    .4
6229800119960209    .0
6229800119960210    .0
6229800119960211   3.0
6229800119960212  10.4
6229800119960213   1.0
6229800119960214    .0
6229800119960215    .0
6229800119960216    .0
6229800119960217    .8
6229800119960218   8.6
6229800119960219   3.6
6229800119960220    .4
6229800119960221    .0
6229800119960222   1.6
6229800119960223    .6
6229800119960224   4.4
6229800119960225   6.8
6229800119960226   1.2
6229800119960227    .0
6229800119960228    .0
6229800119960229    .0
6229800119960301   2.0
6229800119960302   2.4
6229800119960303   1.0
6229800119960304   1.8
6229800119960305    .0
6229800119960306    .4
6229800119960307    .6
6229800119960308    .0
6229800119960309    .0
6229800119960310    .0
6229800119960311    .0
6229800119960312    .0
6229800119960313    .0
6229800119960314    .0
6229800119960315    .0
6229800119960316    .0
6229800119960317    .0
6229800119960318    .0
6229800119960319    .0
6229800119960320   2.6
6229800119960321   9.4
6229800119960322   6.2
6229800119960323    .0
6229800119960324    .0
6229800119960325   1.2
6229800119960326    .6
6229800119960327    .0
6229800119960328    .2
6229800119960329    .4
6229800119960330    .0
6229800119960331    .8
6229800119960401    .0
6229800119960402    .0
6229800119960403    .0
6229800119960404    .0
6229800119960405    .0
6229800119960406    .0
6229800119960407    .0
6229800119960408    .0
6229800119960409    .0
6229800119960410    .6
6229800119960411    .1
6229800119960412    .8
6229800119960413    .0
6229800119960414    .0
6229800119960415    .0
6229800119960416    .0
6229800119960417    .0
6229800119960418    .0
6229800119960419    .0
6229800119960420    .0
6229800119960421    .0
6229800119960422    .2
6229800119960423    .0
6229800119960424    .4
6229800119960425    .0
6229800119960426    .0
6229800119960427    .0
6229800119960428    .0
6229800119960429    .0
6229800119960430    .0
6229800119960501    .2
6229800119960502  39.3
6229800119960503   3.2
6229800119960504    .0
6229800119960505    .0
6229800119960506    .3
6229800119960507   4.2
6229800119960508   7.6
6229800119960509    .0
6229800119960510    .0
6229800119960511    .0
6229800119960512    .0
6229800119960513    .0
6229800119960514  18.9
6229800119960515    .2
6229800119960516  12.6
6229800119960517   5.0
6229800119960518   2.6
6229800119960519   2.0
6229800119960520    .0
6229800119960521   4.2
6229800119960522   6.3
6229800119960523    .2
6229800119960524    .2
6229800119960525   2.2
6229800119960526  13.3
6229800119960527   4.2
6229800119960528    .0
6229800119960529    .0
6229800119960530    .0
6229800119960531    .0
6229800119960601    .0
6229800119960602    .0
6229800119960603    .0
6229800119960604    .0
6229800119960605    .0
6229800119960606    .0
6229800119960607   5.0
6229800119960608  12.2
6229800119960609    .0
6229800119960610  17.0
6229800119960611    .0
6229800119960612    .0
6229800119960613    .0
6229800119960614    .0
6229800119960615    .0
6229800119960616    .0
6229800119960617    .0
6229800119960618    .0
6229800119960619   2.4
6229800119960620   6.1
6229800119960621    .0
6229800119960622   3.4
6229800119960623    .8
6229800119960624    .6
6229800119960625    .0
6229800119960626    .0
6229800119960627    .0
6229800119960628   2.2
6229800119960629    .0
6229800119960630    .4
6229800119960701   1.3
6229800119960702   1.0
6229800119960703   5.0
6229800119960704    .0
6229800119960705   1.4
6229800119960706   7.2
6229800119960707    .0
6229800119960708    .0
6229800119960709   1.4
6229800119960710    .0
6229800119960711    .0
6229800119960712    .0
6229800119960713    .0
6229800119960714    .0
6229800119960715    .0
6229800119960716    .0
6229800119960717    .0
6229800119960718    .0
6229800119960719    .0
6229800119960720    .0
6229800119960721    .0
6229800119960722    .0
6229800119960723    .0
6229800119960724    .8
6229800119960725    .0
6229800119960726    .0
6229800119960727    .0
6229800119960728    .0
6229800119960729   7.8
6229800119960730    .0
6229800119960731    .0
6229800119960801    .0
6229800119960802    .0
6229800119960803    .0
6229800119960804    .0
6229800119960805    .4
6229800119960806   2.4
6229800119960807    .0
6229800119960808    .0
6229800119960809    .0
6229800119960810   9.4
6229800119960811   9.8
6229800119960812  10.2
6229800119960813  14.4
6229800119960814    .0
6229800119960815    .0
6229800119960816    .0
6229800119960817    .0
6229800119960818    .0
6229800119960819    .0
6229800119960820   2.9
6229800119960821    .0
6229800119960822    .0
6229800119960823   3.2
6229800119960824   5.0
6229800119960825   9.8
6229800119960826   2.4
6229800119960827    .2
6229800119960828  12.8
6229800119960829  41.8
6229800119960830   2.3
6229800119960831    .2
6229800119960901    .0
6229800119960902    .0
6229800119960903    .0
6229800119960904    .0
6229800119960905    .0
6229800119960906    .0
6229800119960907    .0
6229800119960908    .0
6229800119960909    .0
6229800119960910   1.0
6229800119960911    .6
6229800119960912  11.0
6229800119960913   8.6
6229800119960914    .0
6229800119960915    .0
6229800119960916    .0
6229800119960917    .0
6229800119960918    .0
6229800119960919   1.2
6229800119960920    .4
6229800119960921    .0
6229800119960922   5.2
6229800119960923    .4
6229800119960924    .8
6229800119960925    .0
6229800119960926   3.8
6229800119960927   3.4
6229800119960928    .0
6229800119960929    .0
6229800119960930   7.6
6229800119961001   6.6
6229800119961002    .6
6229800119961003    .2
6229800119961004    .8
6229800119961005   2.6
6229800119961006    .0
6229800119961007    .0
6229800119961008    .0
6229800119961009   2.8
6229800119961010    .2
6229800119961011    .0
6229800119961012    .4
6229800119961013    .0
6229800119961014   2.6
6229800119961015    .0
6229800119961016    .2
6229800119961017    .4
6229800119961018   3.9
6229800119961019    .2
6229800119961020   2.8
6229800119961021    .0
6229800119961022    .0
6229800119961023    .0
6229800119961024    .0
6229800119961025    .2
6229800119961026    .0
6229800119961027   1.0
6229800119961028   3.6
6229800119961029   1.4
6229800119961030    .0
6229800119961031   2.7
6229800119961101    .0
6229800119961102    .0
6229800119961103    .0
6229800119961104  13.8
6229800119961105    .6
6229800119961106   1.0
6229800119961107   2.2
6229800119961108   1.4
6229800119961109   5.5
6229800119961110   4.3
6229800119961111  10.0
6229800119961112   1.0
6229800119961113   1.2
6229800119961114    .0
6229800119961115    .0
6229800119961116    .0
6229800119961117    .2
6229800119961118   3.4
6229800119961119   7.8
6229800119961120   7.2
6229800119961121    .0
6229800119961122    .8
6229800119961123   1.4
6229800119961124   5.2
6229800119961125   4.2
6229800119961126    .8
6229800119961127    .0
6229800119961128    .8
6229800119961129  14.0
6229800119961130   1.6
6229800119961201    .2
6229800119961202    .0
6229800119961203   6.6
6229800119961204    .0
6229800119961205   1.2
6229800119961206   2.2
6229800119961207    .0
6229800119961208    .0
6229800119961209    .0
6229800119961210    .0
6229800119961211    .0
6229800119961212   1.6
6229800119961213   2.8
6229800119961214    .0
6229800119961215    .0
6229800119961216   1.8
6229800119961217   2.6
6229800119961218   5.8
6229800119961219   2.6
6229800119961220    .0
6229800119961221    .0
6229800119961222   1.2
6229800119961223    .0
6229800119961224    .0
6229800119961225    .0
6229800119961226    .0
6229800119961227    .8
6229800119961228    .0
6229800119961229    .6
6229800119961230    .7
6229800119961231    .8
6229800119970101    .1
6229800119970102    .0
6229800119970103    .0
6229800119970104    .2
6229800119970105    .0
6229800119970106    .0
6229800119970107    .0
6229800119970108    .4
6229800119970109    .0
6229800119970110    .0
6229800119970111    .0
6229800119970112    .0
6229800119970113    .0
6229800119970114    .0
6229800119970115    .0
6229800119970116    .0
6229800119970117    .0
6229800119970118   1.0
6229800119970119    .0
6229800119970120    .0
6229800119970121    .0
6229800119970122    .0
6229800119970123    .0
6229800119970124   1.8
6229800119970125    .0
6229800119970126    .0
6229800119970127    .0
6229800119970128    .0
6229800119970129    .0
6229800119970130    .0
6229800119970131    .0
6229800119970201    .0
6229800119970202    .2
6229800119970203    .0
6229800119970204   6.6
6229800119970205    .0
6229800119970206    .0
6229800119970207    .0
6229800119970208    .0
6229800119970209    .0
6229800119970210   2.2
6229800119970211   6.2
6229800119970212   6.4
6229800119970213   4.6
6229800119970214   2.6
6229800119970215    .0
6229800119970216   1.2
6229800119970217   2.6
6229800119970218   1.4
6229800119970219   3.8
6229800119970220    .0
6229800119970221   2.0
6229800119970222    .0
6229800119970223    .0
6229800119970224  13.6
6229800119970225   1.2
6229800119970226   1.2
6229800119970227    .0
6229800119970228    .0
6229800119970301    .0
6229800119970302   2.8
6229800119970303   8.0
6229800119970304    .0
6229800119970305   3.2
6229800119970306    .6
6229800119970307    .0
6229800119970308    .0
6229800119970309    .0
6229800119970310    .0
6229800119970311    .0
6229800119970312    .0
6229800119970313    .0
6229800119970314    .4
6229800119970315    .2
6229800119970316    .0
6229800119970317    .0
6229800119970318   1.6
6229800119970319   2.6
6229800119970320    .4
6229800119970321    .0
6229800119970322    .0
6229800119970323    .8
6229800119970324    .6
6229800119970325    .0
6229800119970326    .0
6229800119970327    .2
6229800119970328    .0
6229800119970329    .0
6229800119970330    .0
6229800119970331    .0
6229800119970401    .0
6229800119970402    .0
6229800119970403    .6
6229800119970404    .0
6229800119970405    .0
6229800119970406    .0
6229800119970407    .0
6229800119970408    .0
6229800119970409    .0
6229800119970410    .0
6229800119970411    .0
6229800119970412    .0
6229800119970413    .0
6229800119970414    .0
6229800119970415    .0
6229800119970416    .2
6229800119970417    .0
6229800119970418    .0
6229800119970419    .0
6229800119970420    .0
6229800119970421    .0
6229800119970422    .0
6229800119970423    .0
6229800119970424    .0
6229800119970425   5.2
6229800119970426   5.2
6229800119970427   2.4
6229800119970428   1.1
6229800119970429   1.2
6229800119970430    .0
6229800119970501    .0
6229800119970502    .0
6229800119970503    .0
6229800119970504   2.2
6229800119970505   7.4
6229800119970506   6.6
6229800119970507    .0
6229800119970508   3.2
6229800119970509   1.0
6229800119970510   3.8
6229800119970511   1.2
6229800119970512   4.4
6229800119970513   7.8
6229800119970514   1.6
6229800119970515    .0
6229800119970516    .0
6229800119970517   2.0
6229800119970518    .6
6229800119970519    .4
6229800119970520   9.4
6229800119970521   9.0
6229800119970522    .0
6229800119970523    .0
6229800119970524    .0
6229800119970525    .0
6229800119970526    .0
6229800119970527    .0
6229800119970528    .0
6229800119970529    .0
6229800119970530    .0
6229800119970531    .0
6229800119970601    .8
6229800119970602    .0
6229800119970603    .0
6229800119970604    .0
6229800119970605    .2
6229800119970606    .0
6229800119970607  32.4
6229800119970608   3.6
6229800119970609    .0
6229800119970610    .0
6229800119970611  14.2
6229800119970612  13.8
6229800119970613   5.0
6229800119970614   1.4
6229800119970615    .0
6229800119970616    .0
6229800119970617    .0
6229800119970618    .0
6229800119970619   6.6
6229800119970620   1.2
6229800119970621   1.6
6229800119970622   8.0
6229800119970623    .6
6229800119970624    .6
6229800119970625   8.4
6229800119970626   8.2
6229800119970627    .0
6229800119970628   1.0
6229800119970629   2.2
6229800119970630   1.8
6229800119970701    .8
6229800119970702  10.2
6229800119970703   2.2
6229800119970704  11.8
6229800119970705    .2
6229800119970706    .0
6229800119970707    .0
6229800119970708    .0
6229800119970709    .0
6229800119970710    .0
6229800119970711    .0
6229800119970712    .0
6229800119970713  14.8
6229800119970714    .0
6229800119970715    .0
6229800119970716    .0
6229800119970717   5.2
6229800119970718  19.0
6229800119970719   2.4
6229800119970720   3.4
6229800119970721    .0
6229800119970722    .0
6229800119970723    .0
6229800119970724    .4
6229800119970725    .0
6229800119970726    .6
6229800119970727    .6
6229800119970728    .0
6229800119970729    .0
6229800119970730    .0
6229800119970731  15.6
6229800119970801   3.2
6229800119970802    .6
6229800119970803    .0
6229800119970804    .0
6229800119970805   4.2
6229800119970806   3.4
6229800119970807    .2
6229800119970808    .0
6229800119970809    .0
6229800119970810    .0
6229800119970811    .0
6229800119970812    .0
6229800119970813    .0
6229800119970814    .0
6229800119970815    .0
6229800119970816    .0
6229800119970817    .0
6229800119970818    .0
6229800119970819    .0
6229800119970820    .0
6229800119970821    .0
6229800119970822   2.4
6229800119970823    .0
6229800119970824  11.4
6229800119970825   2.8
6229800119970826    .2
6229800119970827   6.2
6229800119970828   4.2
6229800119970829   3.8
6229800119970830   1.8
6229800119970831    .0
6229800119970901   7.2
6229800119970902    .0
6229800119970903    .0
6229800119970904   1.0
6229800119970905    .4
6229800119970906    .8
6229800119970907    .2
6229800119970908    .0
6229800119970909    .2
6229800119970910    .0
6229800119970911    .0
6229800119970912   4.4
6229800119970913    .0
6229800119970914    .0
6229800119970915    .0
6229800119970916    .0
6229800119970917    .0
6229800119970918    .0
6229800119970919    .0
6229800119970920    .0
6229800119970921    .0
6229800119970922    .0
6229800119970923    .0
6229800119970924    .0
6229800119970925    .2
6229800119970926    .2
6229800119970927    .0
6229800119970928    .0
6229800119970929    .2
6229800119970930    .0
6229800119971001    .0
6229800119971002    .0
6229800119971003    .0
6229800119971004    .2
6229800119971005    .0
6229800119971006  21.6
6229800119971007   2.8
6229800119971008  16.2
6229800119971009   6.2
6229800119971010   6.6
6229800119971011  26.0
6229800119971012   1.0
6229800119971013   6.8
6229800119971014   3.4
6229800119971015   1.2
6229800119971016    .0
6229800119971017    .0
6229800119971018    .2
6229800119971019    .4
6229800119971020    .0
6229800119971021    .0
6229800119971022    .0
6229800119971023    .0
6229800119971024    .0
6229800119971025    .0
6229800119971026    .0
6229800119971027    .0
6229800119971028    .0
6229800119971029    .0
6229800119971030    .0
6229800119971031    .0
6229800119971101    .0
6229800119971102    .0
6229800119971103    .0
6229800119971104   3.4
6229800119971105   7.0
6229800119971106  11.2
6229800119971107   1.4
6229800119971108    .4
6229800119971109   1.4
6229800119971110    .6
6229800119971111    .0
6229800119971112    .2
6229800119971113    .0
6229800119971114    .2
6229800119971115  25.4
6229800119971116   2.0
6229800119971117    .2
6229800119971118    .6
6229800119971119   1.6
6229800119971120   8.8
6229800119971121    .0
6229800119971122  16.4
6229800119971123    .0
6229800119971124    .0
6229800119971125    .0
6229800119971126   2.4
6229800119971127   9.4
6229800119971128   8.8
6229800119971129   2.8
6229800119971130   2.6
6229800119971201   1.4
6229800119971202   2.0
6229800119971203    .0
6229800119971204    .0
6229800119971205    .0
6229800119971206    .0
6229800119971207    .2
6229800119971208    .0
6229800119971209   2.4
6229800119971210   5.2
6229800119971211   8.8
6229800119971212   2.4
6229800119971213    .0
6229800119971214    .2
6229800119971215    .0
6229800119971216    .0
6229800119971217    .4
6229800119971218   9.0
6229800119971219   2.4
6229800119971220    .2
6229800119971221    .2
6229800119971222    .8
6229800119971223   2.2
6229800119971224   6.8
6229800119971225   6.2
6229800119971226   6.6
6229800119971227   1.2
6229800119971228   3.0
6229800119971229    .0
6229800119971230   1.4
6229800119971231   1.8
6229800119980101   8.2
6229800119980102   8.4
6229800119980103   5.0
6229800119980104   7.6
6229800119980105   9.2
6229800119980106   3.2
6229800119980107   4.2
6229800119980108    .0
6229800119980109    .0
6229800119980110    .0
6229800119980111    .0
6229800119980112    .0
6229800119980113    .0
6229800119980114    .0
6229800119980115   4.2
6229800119980116    .0
6229800119980117    .0
6229800119980118  11.2
6229800119980119   3.0
6229800119980120    .2
6229800119980121    .0
6229800119980122    .0
6229800119980123    .0
6229800119980124    .0
6229800119980125    .0
6229800119980126    .0
6229800119980127    .0
6229800119980128    .0
6229800119980129    .0
6229800119980130    .0
6229800119980131    .0
6229800119980201    .0
6229800119980202    .0
6229800119980203    .0
6229800119980204    .0
6229800119980205    .0
6229800119980206    .0
6229800119980207    .8
6229800119980208    .0
6229800119980209    .0
6229800119980210    .0
6229800119980211    .0
6229800119980212    .0
6229800119980213    .0
6229800119980214    .0
6229800119980215    .0
6229800119980216    .6
6229800119980217    .0
6229800119980218    .0
6229800119980219    .0
6229800119980220    .2
6229800119980221   2.4
6229800119980222   2.6
6229800119980223   2.4
6229800119980224    .0
6229800119980225    .0
6229800119980226    .2
6229800119980227    .4
6229800119980228    .8
6229800119980301    .0
6229800119980302   2.4
6229800119980303    .4
6229800119980304  13.6
6229800119980305    .0
6229800119980306   4.8
6229800119980307   4.2
6229800119980308   2.2
6229800119980309    .0
6229800119980310   2.4
6229800119980311   4.2
6229800119980312    .2
6229800119980313   1.4
6229800119980314    .0
6229800119980315    .0
6229800119980316    .0
6229800119980317    .0
6229800119980318    .0
6229800119980319    .0
6229800119980320    .2
6229800119980321    .0
6229800119980322    .0
6229800119980323    .6
6229800119980324    .0
6229800119980325    .0
6229800119980326   5.4
6229800119980327    .0
6229800119980328    .0
6229800119980329    .0
6229800119980330    .0
6229800119980331    .2
6229800119980401   1.6
6229800119980402   7.8
6229800119980403   1.8
6229800119980404   8.0
6229800119980405   3.6
6229800119980406    .6
6229800119980407  18.0
6229800119980408   1.2
6229800119980409   1.0
6229800119980410   9.0
6229800119980411   2.0
6229800119980412    .2
6229800119980413    .0
6229800119980414   4.0
6229800119980415   5.2
6229800119980416   2.6
6229800119980417  13.8
6229800119980418    .0
6229800119980419    .2
6229800119980420   2.0
6229800119980421    .2
6229800119980422    .0
6229800119980423   1.8
6229800119980424    .4
6229800119980425   3.2
6229800119980426    .0
6229800119980427   4.4
6229800119980428   1.0
6229800119980429    .0
6229800119980430    .0
6229800119980501    .4
6229800119980502   1.6
6229800119980503    .0
6229800119980504    .0
6229800119980505    .4
6229800119980506    .4
6229800119980507    .0
6229800119980508    .0
6229800119980509    .0
6229800119980510    .0
6229800119980511    .0
6229800119980512    .0
6229800119980513    .0
6229800119980514    .0
6229800119980515    .0
6229800119980516    .0
6229800119980517    .0
6229800119980518    .0
6229800119980519    .0
6229800119980520    .0
6229800119980521    .0
6229800119980522    .0
6229800119980523    .4
6229800119980524   1.0
6229800119980525    .0
6229800119980526   2.0
6229800119980527   4.8
6229800119980528   2.4
6229800119980529    .2
6229800119980530    .0
6229800119980531    .2
6229800119980601    .4
6229800119980602   6.0
6229800119980603   2.4
6229800119980604    .0
6229800119980605   6.0
6229800119980606  29.6
6229800119980607    .0
6229800119980608   1.2
6229800119980609   2.0
6229800119980610   7.6
6229800119980611  13.8
6229800119980612    .8
6229800119980613  11.0
6229800119980614  14.4
6229800119980615   3.4
6229800119980616    .8
6229800119980617    .0
6229800119980618    .0
6229800119980619    .0
6229800119980620    .0
6229800119980621    .0
6229800119980622    .0
6229800119980623    .6
6229800119980624    .0
6229800119980625    .2
6229800119980626    .0
6229800119980627   6.8
6229800119980628    .0
6229800119980629    .2
6229800119980630   2.4
6229800119980701    .0
6229800119980702    .0
6229800119980703    .0
6229800119980704    .0
6229800119980705    .0
6229800119980706  10.4
6229800119980707    .4
6229800119980708    .0
6229800119980709    .0
6229800119980710    .0
6229800119980711   7.2
6229800119980712   3.4
6229800119980713    .2
6229800119980714    .0
6229800119980715   9.6
6229800119980716   2.2
6229800119980717    .2
6229800119980718    .0
6229800119980719    .0
6229800119980720   1.4
6229800119980721  19.2
6229800119980722    .0
6229800119980723    .0
6229800119980724    .0
6229800119980725    .0
6229800119980726    .0
6229800119980727    .6
6229800119980728   1.2
6229800119980729   5.2
6229800119980730    .2
6229800119980731    .0
6229800119980801  21.4
6229800119980802    .8
6229800119980803    .6
6229800119980804    .6
6229800119980805    .2
6229800119980806    .0
6229800119980807    .0
6229800119980808    .0
6229800119980809    .0
6229800119980810    .0
6229800119980811    .0
6229800119980812    .0
6229800119980813    .0
6229800119980814    .0
6229800119980815    .0
6229800119980816    .0
6229800119980817    .0
6229800119980818    .0
6229800119980819    .2
6229800119980820    .6
6229800119980821   2.0
6229800119980822   1.2
6229800119980823   9.6
6229800119980824   1.8
6229800119980825   1.0
6229800119980826    .0
6229800119980827    .0
6229800119980828    .2
6229800119980829    .0
6229800119980830    .0
6229800119980831    .0
6229800119980901   3.8
6229800119980902  16.4
6229800119980903   5.8
6229800119980904   5.4
6229800119980905   3.6
6229800119980906    .0
6229800119980907    .8
6229800119980908  12.2
6229800119980909  17.0
6229800119980910   1.8
6229800119980911   1.4
6229800119980912  14.2
6229800119980913   3.2
6229800119980914    .2
6229800119980915   2.2
6229800119980916    .0
6229800119980917    .0
6229800119980918    .0
6229800119980919    .0
6229800119980920    .0
6229800119980921    .0
6229800119980922    .0
6229800119980923    .2
6229800119980924    .0
6229800119980925    .0
6229800119980926  22.0
6229800119980927   4.4
6229800119980928  10.0
6229800119980929   6.0
6229800119980930    .8
6229800119981001    .0
6229800119981002    .2
6229800119981003    .2
6229800119981004    .0
6229800119981005    .0
6229800119981006    .0
6229800119981007   5.0
6229800119981008  14.4
6229800119981009  12.8
6229800119981010    .2
6229800119981011   4.8
6229800119981012    .0
6229800119981013   4.8
6229800119981014   3.4
6229800119981015    .2
6229800119981016    .0
6229800119981017   1.6
6229800119981018    .0
6229800119981019    .0
6229800119981020    .0
6229800119981021    .4
6229800119981022    .2
6229800119981023  13.0
6229800119981024  30.4
6229800119981025  11.4
6229800119981026   4.0
6229800119981027   1.6
6229800119981028   2.6
6229800119981029  12.0
6229800119981030    .0
6229800119981031  21.6
6229800119981101   1.0
6229800119981102   5.6
6229800119981103    .6
6229800119981104    .4
6229800119981105    .4
6229800119981106    .0
6229800119981107    .0
6229800119981108   1.6
6229800119981109    .6
6229800119981110    .2
6229800119981111    .0
6229800119981112   2.8
6229800119981113  12.6
6229800119981114   6.8
6229800119981115   6.0
6229800119981116   9.6
6229800119981117    .0
6229800119981118   1.2
6229800119981119    .8
6229800119981120    .0
6229800119981121    .0
6229800119981122    .0
6229800119981123    .0
6229800119981124   2.4
6229800119981125   7.8
6229800119981126   5.6
6229800119981127    .0
6229800119981128   8.0
6229800119981129   4.0
6229800119981130    .0
6229800119981201    .0
6229800119981202    .0
6229800119981203    .6
6229800119981204   3.8
6229800119981205   1.2
6229800119981206    .2
6229800119981207    .0
6229800119981208   4.0
6229800119981209   4.6
6229800119981210   7.4
6229800119981211   2.2
6229800119981212   1.6
6229800119981213    .2
6229800119981214    .0
6229800119981215    .4
6229800119981216    .2
6229800119981217    .0
6229800119981218   5.0
6229800119981219    .0
6229800119981220   1.0
6229800119981221    .2
6229800119981222    .6
6229800119981223    .0
6229800119981224    .6
6229800119981225    .6
6229800119981226   6.8
6229800119981227  11.2
6229800119981228   2.4
6229800119981229    .0
6229800119981230    .2
6229800119981231    .2
