6254800219940101   9.6
6254800219940102    .8
6254800219940103   3.8
6254800219940104   2.0
6254800219940105   9.6
6254800219940106   1.2
6254800219940107    .0
6254800219940108    .0
6254800219940109   3.2
6254800219940110   2.2
6254800219940111   2.8
6254800219940112   9.8
6254800219940113    .0
6254800219940114    .0
6254800219940115    .2
6254800219940116   1.2
6254800219940117   2.6
6254800219940118   1.2
6254800219940119   1.4
6254800219940120    .0
6254800219940121    .0
6254800219940122    .4
6254800219940123   2.0
6254800219940124    .2
6254800219940125    .4
6254800219940126    .0
6254800219940127   5.0
6254800219940128    .0
6254800219940129   1.0
6254800219940130    .2
6254800219940131    .0
6254800219940201   2.2
6254800219940202    .0
6254800219940203   9.8
6254800219940204    .0
6254800219940205    .0
6254800219940206    .2
6254800219940207   1.2
6254800219940208    .0
6254800219940209    .0
6254800219940210    .0
6254800219940211    .0
6254800219940212    .0
6254800219940213    .0
6254800219940214    .0
6254800219940215    .0
6254800219940216    .0
6254800219940217    .0
6254800219940218    .0
6254800219940219    .0
6254800219940220    .2
6254800219940221   1.0
6254800219940222   8.2
6254800219940223   4.4
6254800219940224    .0
6254800219940225    .0
6254800219940226    .0
6254800219940227   2.2
6254800219940228    .0
6254800219940301   1.2
6254800219940302   1.4
6254800219940303   1.2
6254800219940304    .0
6254800219940305    .2
6254800219940306    .0
6254800219940307   2.4
6254800219940308    .0
6254800219940309    .6
6254800219940310    .0
6254800219940311    .0
6254800219940312   1.0
6254800219940313    .0
6254800219940314    .0
6254800219940315   6.2
6254800219940316    .4
6254800219940317   2.2
6254800219940318   5.2
6254800219940319   1.8
6254800219940320    .6
6254800219940321   1.0
6254800219940322   5.0
6254800219940323    .0
6254800219940324    .4
6254800219940325    .0
6254800219940326    .0
6254800219940327    .0
6254800219940328   1.0
6254800219940329    .0
6254800219940330   4.6
6254800219940331   9.6
6254800219940401    .4
6254800219940402    .4
6254800219940403   7.6
6254800219940404   1.2
6254800219940405   4.8
6254800219940406    .0
6254800219940407   4.6
6254800219940408   7.8
6254800219940409   2.6
6254800219940410   2.6
6254800219940411    .0
6254800219940412    .0
6254800219940413   2.8
6254800219940414   9.0
6254800219940415   6.4
6254800219940416   1.0
6254800219940417    .0
6254800219940418    .0
6254800219940419    .0
6254800219940420    .0
6254800219940421    .0
6254800219940422    .0
6254800219940423   4.6
6254800219940424    .0
6254800219940425    .8
6254800219940426   5.6
6254800219940427    .0
6254800219940428    .0
6254800219940429    .0
6254800219940430    .0
6254800219940501    .0
6254800219940502    .0
6254800219940503    .0
6254800219940504    .0
6254800219940505   2.0
6254800219940506    .2
6254800219940507  15.0
6254800219940508    .0
6254800219940509    .0
6254800219940510    .0
6254800219940511    .0
6254800219940512   2.0
6254800219940513    .0
6254800219940514  17.2
6254800219940515   2.2
6254800219940516  12.8
6254800219940517   3.2
6254800219940518    .2
6254800219940519    .0
6254800219940520   6.2
6254800219940521  13.6
6254800219940522    .0
6254800219940523    .0
6254800219940524   4.2
6254800219940525   1.6
6254800219940526   6.0
6254800219940527    .0
6254800219940528    .0
6254800219940529    .0
6254800219940530    .0
6254800219940531    .0
6254800219940601    .0
6254800219940602   1.2
6254800219940603   1.8
6254800219940604  23.0
6254800219940605    .0
6254800219940606    .0
6254800219940607    .0
6254800219940608   4.8
6254800219940609    .2
6254800219940610    .0
6254800219940611    .0
6254800219940612    .0
6254800219940613    .0
6254800219940614    .0
6254800219940615    .0
6254800219940616    .0
6254800219940617    .0
6254800219940618    .0
6254800219940619    .0
6254800219940620    .0
6254800219940621    .0
6254800219940622    .0
6254800219940623    .0
6254800219940624  24.0
6254800219940625    .0
6254800219940626    .0
6254800219940627    .0
6254800219940628    .0
6254800219940629    .0
6254800219940630    .0
6254800219940701   3.6
6254800219940702    .0
6254800219940703   4.6
6254800219940704    .2
6254800219940705    .0
6254800219940706   1.8
6254800219940707    .0
6254800219940708   1.4
6254800219940709    .0
6254800219940710    .0
6254800219940711    .0
6254800219940712    .0
6254800219940713   2.8
6254800219940714    .0
6254800219940715    .0
6254800219940716    .0
6254800219940717    .0
6254800219940718    .0
6254800219940719    .2
6254800219940720    .0
6254800219940721    .0
6254800219940722    .0
6254800219940723    .0
6254800219940724    .0
6254800219940725    .0
6254800219940726    .0
6254800219940727  24.6
6254800219940728   6.2
6254800219940729    .0
6254800219940730   8.6
6254800219940731   2.2
6254800219940801   4.4
6254800219940802    .0
6254800219940803    .0
6254800219940804   6.0
6254800219940805   7.0
6254800219940806    .0
6254800219940807    .0
6254800219940808    .0
6254800219940809    .0
6254800219940810  16.0
6254800219940811   3.0
6254800219940812   4.6
6254800219940813   2.2
6254800219940814    .0
6254800219940815    .0
6254800219940816    .2
6254800219940817   1.4
6254800219940818   1.4
6254800219940819   4.8
6254800219940820    .0
6254800219940821    .0
6254800219940822    .0
6254800219940823    .0
6254800219940824    .8
6254800219940825    .8
6254800219940826   1.6
6254800219940827    .2
6254800219940828    .0
6254800219940829    .0
6254800219940830    .0
6254800219940831  22.8
6254800219940901   1.2
6254800219940902    .0
6254800219940903   2.8
6254800219940904   2.6
6254800219940905    .0
6254800219940906    .6
6254800219940907   3.0
6254800219940908    .8
6254800219940909   1.6
6254800219940910   9.6
6254800219940911  24.6
6254800219940912   5.6
6254800219940913   2.6
6254800219940914    .6
6254800219940915   8.2
6254800219940916    .0
6254800219940917   1.6
6254800219940918    .0
6254800219940919  11.2
6254800219940920   2.0
6254800219940921    .2
6254800219940922    .0
6254800219940923    .0
6254800219940924    .0
6254800219940925    .0
6254800219940926    .2
6254800219940927    .0
6254800219940928    .0
6254800219940929    .0
6254800219940930    .0
6254800219941001    .0
6254800219941002   6.0
6254800219941003  21.6
6254800219941004    .0
6254800219941005    .0
6254800219941006    .0
6254800219941007    .0
6254800219941008    .0
6254800219941009    .0
6254800219941010    .0
6254800219941011    .0
6254800219941012    .0
6254800219941013    .0
6254800219941014    .0
6254800219941015    .0
6254800219941016    .0
6254800219941017    .0
6254800219941018    .0
6254800219941019   2.0
6254800219941020    .0
6254800219941021   1.2
6254800219941022  10.4
6254800219941023   8.4
6254800219941024   2.0
6254800219941025   9.2
6254800219941026   7.4
6254800219941027    .2
6254800219941028   2.4
6254800219941029  18.4
6254800219941030  14.8
6254800219941031  16.8
6254800219941101    .0
6254800219941102    .0
6254800219941103    .0
6254800219941104   1.2
6254800219941105   1.4
6254800219941106    .0
6254800219941107    .0
6254800219941108    .0
6254800219941109    .4
6254800219941110   1.0
6254800219941111    .2
6254800219941112   9.2
6254800219941113    .4
6254800219941114   4.8
6254800219941115    .0
6254800219941116    .0
6254800219941117    .4
6254800219941118   1.8
6254800219941119    .0
6254800219941120    .2
6254800219941121    .2
6254800219941122    .0
6254800219941123    .0
6254800219941124    .0
6254800219941125    .0
6254800219941126    .4
6254800219941127    .0
6254800219941128    .0
6254800219941129    .0
6254800219941130    .0
6254800219941201    .0
6254800219941202    .0
6254800219941203   4.2
6254800219941204   7.4
6254800219941205   2.6
6254800219941206    .2
6254800219941207  12.8
6254800219941208  27.4
6254800219941209    .0
6254800219941210    .0
6254800219941211    .2
6254800219941212    .0
6254800219941213   1.2
6254800219941214    .0
6254800219941215    .0
6254800219941216    .6
6254800219941217    .0
6254800219941218   7.4
6254800219941219   5.0
6254800219941220    .0
6254800219941221  11.8
6254800219941222    .2
6254800219941223    .0
6254800219941224    .0
6254800219941225   1.8
6254800219941226   3.8
6254800219941227  15.4
6254800219941228  15.0
6254800219941229  13.0
6254800219941230   1.6
6254800219941231   5.8
6254800219950101   1.0
6254800219950102    .0
6254800219950103    .6
6254800219950104    .0
6254800219950105   3.0
6254800219950106    .4
6254800219950107    .0
6254800219950108   2.4
6254800219950109    .2
6254800219950110   6.2
6254800219950111    .0
6254800219950112    .0
6254800219950113   1.0
6254800219950114    .0
6254800219950115    .2
6254800219950116    .0
6254800219950117   4.8
6254800219950118   2.6
6254800219950119   9.8
6254800219950120  10.0
6254800219950121  11.0
6254800219950122  16.0
6254800219950123    .0
6254800219950124   3.4
6254800219950125   3.6
6254800219950126  13.6
6254800219950127   7.6
6254800219950128    .6
6254800219950129  18.0
6254800219950130    .0
6254800219950131    .0
6254800219950201   3.4
6254800219950202    .0
6254800219950203    .4
6254800219950204    .0
6254800219950205    .2
6254800219950206    .0
6254800219950207   4.0
6254800219950208   5.0
6254800219950209   1.8
6254800219950210   3.8
6254800219950211   2.4
6254800219950212    .0
6254800219950213   5.6
6254800219950214   5.2
6254800219950215   3.2
6254800219950216   3.2
6254800219950217    .0
6254800219950218   3.4
6254800219950219   5.4
6254800219950220    .8
6254800219950221    .0
6254800219950222   2.8
6254800219950223   3.2
6254800219950224    .2
6254800219950225   1.2
6254800219950226    .6
6254800219950227   1.4
6254800219950228    .0
6254800219950301   2.0
6254800219950302   3.6
6254800219950303    .0
6254800219950304   1.6
6254800219950305   2.2
6254800219950306   1.4
6254800219950307   9.4
6254800219950308   3.8
6254800219950309    .4
6254800219950310    .0
6254800219950311    .0
6254800219950312    .0
6254800219950313    .0
6254800219950314   4.0
6254800219950315    .8
6254800219950316   5.0
6254800219950317   1.2
6254800219950318   1.0
6254800219950319    .6
6254800219950320    .0
6254800219950321    .0
6254800219950322    .0
6254800219950323    .0
6254800219950324    .0
6254800219950325    .4
6254800219950326   1.2
6254800219950327   1.4
6254800219950328  14.2
6254800219950329    .2
6254800219950330    .0
6254800219950331   1.6
6254800219950401    .0
6254800219950402    .0
6254800219950403    .0
6254800219950404    .0
6254800219950405    .0
6254800219950406    .0
6254800219950407    .0
6254800219950408    .0
6254800219950409    .0
6254800219950410    .0
6254800219950411    .0
6254800219950412    .0
6254800219950413    .0
6254800219950414    .0
6254800219950415    .0
6254800219950416    .0
6254800219950417   2.4
6254800219950418   1.4
6254800219950419   1.4
6254800219950420    .2
6254800219950421   1.8
6254800219950422    .0
6254800219950423    .0
6254800219950424    .0
6254800219950425  12.4
6254800219950426    .0
6254800219950427    .0
6254800219950428    .0
6254800219950429   2.6
6254800219950430    .0
6254800219950501    .2
6254800219950502    .0
6254800219950503    .0
6254800219950504    .0
6254800219950505    .0
6254800219950506    .0
6254800219950507    .0
6254800219950508    .0
6254800219950509    .0
6254800219950510    .0
6254800219950511    .0
6254800219950512   2.8
6254800219950513    .2
6254800219950514    .0
6254800219950515    .0
6254800219950516  10.4
6254800219950517   1.2
6254800219950518    .4
6254800219950519    .0
6254800219950520    .0
6254800219950521    .0
6254800219950522    .0
6254800219950523    .0
6254800219950524   1.2
6254800219950525    .0
6254800219950526    .0
6254800219950527    .0
6254800219950528   2.4
6254800219950529    .0
6254800219950530    .0
6254800219950531    .0
6254800219950601    .0
6254800219950602    .0
6254800219950603   1.4
6254800219950604    .6
6254800219950605    .6
6254800219950606    .0
6254800219950607   6.6
6254800219950608    .2
6254800219950609   5.4
6254800219950610   1.6
6254800219950611   1.2
6254800219950612  11.4
6254800219950613   1.2
6254800219950614    .0
6254800219950615    .2
6254800219950616    .6
6254800219950617   3.8
6254800219950618    .0
6254800219950619    .0
6254800219950620    .0
6254800219950621    .0
6254800219950622    .0
6254800219950623    .0
6254800219950624    .0
6254800219950625    .0
6254800219950626    .0
6254800219950627    .0
6254800219950628    .0
6254800219950629    .0
6254800219950630    .0
6254800219950701    .0
6254800219950702  10.8
6254800219950703   7.8
6254800219950704    .0
6254800219950705    .0
6254800219950706    .0
6254800219950707    .0
6254800219950708    .0
6254800219950709    .0  
6254800219950710   2.4
6254800219950711   1.6
6254800219950712    .6
6254800219950713  21.0
6254800219950714   1.6
6254800219950715    .0
6254800219950716    .0
6254800219950717    .0
6254800219950718    .0
6254800219950719    .0
6254800219950720    .0
6254800219950721    .0
6254800219950722    .0
6254800219950723    .0
6254800219950724    .0
6254800219950725    .0
6254800219950726    .0
6254800219950727   7.4
6254800219950728    .0
6254800219950729    .0
6254800219950730    .4
6254800219950731    .0
6254800219950801    .0
6254800219950802    .0
6254800219950803    .0
6254800219950804    .0
6254800219950805    .0
6254800219950806    .0
6254800219950807    .0
6254800219950808    .0
6254800219950809    .0
6254800219950810    .0
6254800219950811    .0
6254800219950812   2.0
6254800219950813    .0
6254800219950814    .0
6254800219950815    .0
6254800219950816    .0
6254800219950817    .0
6254800219950818    .0
6254800219950819    .2
6254800219950820    .0
6254800219950821    .0
6254800219950822    .0
6254800219950823  19.6
6254800219950824   1.2
6254800219950825    .0
6254800219950826    .8
6254800219950827   1.6
6254800219950828    .6
6254800219950829    .0
6254800219950830    .4
6254800219950831    .2
6254800219950901   2.0
6254800219950902   5.6
6254800219950903    .0
6254800219950904    .6
6254800219950905   9.0
6254800219950906   4.6
6254800219950907   6.6
6254800219950908    .0
6254800219950909    .0
6254800219950910   5.0
6254800219950911    .0
6254800219950912    .0
6254800219950913    .0
6254800219950914   1.0
6254800219950915   2.0
6254800219950916   2.2
6254800219950917    .4
6254800219950918   3.6
6254800219950919    .0
6254800219950920    .8
6254800219950921    .0
6254800219950922    .0
6254800219950923   2.2
6254800219950924   8.4
6254800219950925    .0
6254800219950926  20.2
6254800219950927   1.0
6254800219950928    .0
6254800219950929   1.0
6254800219950930   1.0
6254800219951001   1.0
6254800219951002    .0
6254800219951003   3.0
6254800219951004  13.0
6254800219951005   3.0
6254800219951006    .0
6254800219951007    .4
6254800219951008    .0
6254800219951009    .0
6254800219951010    .0
6254800219951011    .0
6254800219951012    .0
6254800219951013    .0
6254800219951014    .0
6254800219951015    .0
6254800219951016    .0
6254800219951017    .0
6254800219951018    .0
6254800219951019    .0
6254800219951020   1.0
6254800219951021    .0
6254800219951022    .0
6254800219951023    .0
6254800219951024    .2
6254800219951025   1.0
6254800219951026    .2
6254800219951027    .4
6254800219951028    .0
6254800219951029    .0
6254800219951030    .0
6254800219951031    .0
6254800219951101    .0
6254800219951102    .0
6254800219951103    .6
6254800219951104    .0
6254800219951105    .0
6254800219951106    .0
6254800219951107    .0
6254800219951108    .0
6254800219951109    .0
6254800219951110    .0
6254800219951111    .0
6254800219951112    .0
6254800219951113    .0
6254800219951114   2.0
6254800219951115  17.8
6254800219951116   6.2
6254800219951117   1.4
6254800219951118    .4
6254800219951119    .0
6254800219951120    .0
6254800219951121    .0
6254800219951122    .0
6254800219951123    .4
6254800219951124    .0
6254800219951125    .0
6254800219951126    .4
6254800219951127    .0
6254800219951128    .0
6254800219951129    .0
6254800219951130    .0
6254800219951201    .2
6254800219951202    .0
6254800219951203   5.4
6254800219951204    .0
6254800219951205    .0
6254800219951206    .0
6254800219951207    .0
6254800219951208    .0
6254800219951209    .0
6254800219951210    .0
6254800219951211    .2
6254800219951212    .0
6254800219951213    .0
6254800219951214    .0
6254800219951215    .0
6254800219951216    .0
6254800219951217    .2
6254800219951218    .0
6254800219951219  14.0
6254800219951220    .8
6254800219951221  10.6
6254800219951222   3.4
6254800219951223   2.4
6254800219951224    .0
6254800219951225    .0
6254800219951226    .6
6254800219951227    .0
6254800219951228    .0
6254800219951229    .0
6254800219951230    .0
6254800219951231    .0
6254800219960101    .0
6254800219960102    .0
6254800219960103    .0
6254800219960104    .8
6254800219960105   2.4
6254800219960106   4.2
6254800219960107    .0
6254800219960108    .2
6254800219960109   1.0
6254800219960110   2.0
6254800219960111    .0
6254800219960112    .0
6254800219960113    .0
6254800219960114    .0
6254800219960115    .0
6254800219960116    .0
6254800219960117    .0
6254800219960118    .0
6254800219960119    .0
6254800219960120    .0
6254800219960121    .0
6254800219960122    .0
6254800219960123   2.6
6254800219960124    .0
6254800219960125    .0
6254800219960126    .0
6254800219960127    .0
6254800219960128    .0
6254800219960129    .0
6254800219960130    .0
6254800219960131    .0
6254800219960201    .0
6254800219960202    .0
6254800219960203    .2
6254800219960204    .0
6254800219960205    .0
6254800219960206    .0
6254800219960207    .0
6254800219960208    .0
6254800219960209    .2
6254800219960210    .8
6254800219960211   3.4
6254800219960212   9.8
6254800219960213    .8
6254800219960214    .0
6254800219960215    .0
6254800219960216    .0
6254800219960217   2.8
6254800219960218   1.8
6254800219960219   1.4
6254800219960220    .0
6254800219960221    .0
6254800219960222    .4
6254800219960223    .0
6254800219960224   4.2
6254800219960225   1.8
6254800219960226    .0
6254800219960227    .0
6254800219960228    .0
6254800219960229    .2
6254800219960301    .2
6254800219960302    .6
6254800219960303    .0
6254800219960304    .6
6254800219960305    .2
6254800219960306    .6
6254800219960307    .0
6254800219960308    .0
6254800219960309    .0
6254800219960310    .0
6254800219960311    .0
6254800219960312    .0
6254800219960313    .0
6254800219960314    .0
6254800219960315    .0
6254800219960316    .0
6254800219960317    .0
6254800219960318    .0
6254800219960319    .0
6254800219960320   1.2
6254800219960321   2.2
6254800219960322   2.4
6254800219960323    .0
6254800219960324    .0
6254800219960325   4.6
6254800219960326    .2
6254800219960327    .0
6254800219960328    .2
6254800219960329    .0
6254800219960330    .4
6254800219960331    .6
6254800219960401    .0
6254800219960402    .4
6254800219960403    .0
6254800219960404    .0
6254800219960405    .0
6254800219960406    .0
6254800219960407    .0
6254800219960408    .0
6254800219960409    .0
6254800219960410    .0
6254800219960411    .0
6254800219960412    .6
6254800219960413    .0
6254800219960414    .0
6254800219960415    .0
6254800219960416    .0
6254800219960417    .0
6254800219960418    .0
6254800219960419    .0
6254800219960420    .0
6254800219960421    .2
6254800219960422    .0
6254800219960423    .0
6254800219960424    .0
6254800219960425    .0
6254800219960426    .0
6254800219960427    .0
6254800219960428    .0
6254800219960429    .0
6254800219960430    .6
6254800219960501   3.4
6254800219960502  10.4
6254800219960503  12.8
6254800219960504    .0
6254800219960505    .0
6254800219960506    .0
6254800219960507    .0
6254800219960508    .0
6254800219960509    .0
6254800219960510   5.0
6254800219960511    .6
6254800219960512    .0
6254800219960513    .0
6254800219960514   5.0
6254800219960515    .0
6254800219960516  13.8
6254800219960517    .4
6254800219960518  15.6
6254800219960519    .0
6254800219960520    .0
6254800219960521    .2
6254800219960522   1.6
6254800219960523    .2
6254800219960524  12.6
6254800219960525    .0
6254800219960526   3.2
6254800219960527    .0
6254800219960528    .0
6254800219960529    .0
6254800219960530    .0
6254800219960531    .0
6254800219960601    .0
6254800219960602    .0
6254800219960603    .0
6254800219960604    .0
6254800219960605    .0
6254800219960606    .0
6254800219960607   2.4
6254800219960608    .6
6254800219960609    .0
6254800219960610    .0
6254800219960611    .0
6254800219960612    .0
6254800219960613    .0
6254800219960614    .0
6254800219960615    .0
6254800219960616    .0
6254800219960617    .0
6254800219960618    .0
6254800219960619    .0
6254800219960620   7.8
6254800219960621    .4
6254800219960622    .6
6254800219960623    .0
6254800219960624    .0
6254800219960625    .0
6254800219960626    .0
6254800219960627    .0
6254800219960628   6.2
6254800219960629    .0
6254800219960630    .0
6254800219960701   2.8
6254800219960702    .0
6254800219960703   3.8
6254800219960704    .2
6254800219960705    .0
6254800219960706    .0
6254800219960707    .0
6254800219960708    .2
6254800219960709    .2
6254800219960710    .0
6254800219960711    .0
6254800219960712    .0
6254800219960713    .0
6254800219960714    .0
6254800219960715    .0
6254800219960716    .0
6254800219960717    .0
6254800219960718    .0
6254800219960719    .0
6254800219960720    .0
6254800219960721    .0
6254800219960722   3.6
6254800219960723    .0
6254800219960724   1.0
6254800219960725    .0
6254800219960726    .0
6254800219960727    .0
6254800219960728    .0
6254800219960729   3.0
6254800219960730    .0
6254800219960731    .0
6254800219960801    .0
6254800219960802    .0
6254800219960803    .0
6254800219960804    .0
6254800219960805    .0
6254800219960806    .0
6254800219960807    .0
6254800219960808    .0
6254800219960809    .0
6254800219960810    .2
6254800219960811   6.6
6254800219960812  12.8
6254800219960813    .4
6254800219960814    .0
6254800219960815    .0
6254800219960816    .0
6254800219960817    .0
6254800219960818    .0
6254800219960819    .0
6254800219960820   1.8
6254800219960821    .0
6254800219960822    .0
6254800219960823  10.6
6254800219960824   1.8
6254800219960825    .0
6254800219960826    .0
6254800219960827    .2
6254800219960828  14.2
6254800219960829  32.2
6254800219960830    .2
6254800219960831   4.4
6254800219960901    .0
6254800219960902    .0
6254800219960903    .0
6254800219960904    .0
6254800219960905    .0
6254800219960906    .0
6254800219960907    .0
6254800219960908    .4
6254800219960909   5.2
6254800219960910    .2
6254800219960911    .0
6254800219960912   2.4
6254800219960913    .6
6254800219960914    .0
6254800219960915    .0
6254800219960916    .0
6254800219960917    .0
6254800219960918    .0
6254800219960919    .2
6254800219960920    .0
6254800219960921    .0
6254800219960922    .8
6254800219960923    .0
6254800219960924    .0
6254800219960925    .0
6254800219960926    .8
6254800219960927   3.6
6254800219960928    .0
6254800219960929   2.2
6254800219960930  11.8
6254800219961001   5.8
6254800219961002    .0
6254800219961003   1.0
6254800219961004   1.4
6254800219961005   1.0
6254800219961006    .0
6254800219961007    .0
6254800219961008    .0
6254800219961009    .8
6254800219961010    .0
6254800219961011    .0
6254800219961012    .0
6254800219961013    .0
6254800219961014   2.8
6254800219961015    .2
6254800219961016   3.6
6254800219961017    .4
6254800219961018   4.8
6254800219961019    .4
6254800219961020   1.0
6254800219961021    .0
6254800219961022    .0
6254800219961023    .0
6254800219961024    .0
6254800219961025   4.2
6254800219961026   1.2
6254800219961027   1.4
6254800219961028   6.6
6254800219961029    .0
6254800219961030    .0
6254800219961031   2.8
6254800219961101    .0
6254800219961102    .0
6254800219961103    .8
6254800219961104  12.2
6254800219961105    .0
6254800219961106   8.6
6254800219961107   4.0
6254800219961108    .8
6254800219961109   2.8
6254800219961110   3.8
6254800219961111   1.0
6254800219961112   1.4
6254800219961113   1.2
6254800219961114   2.4
6254800219961115    .0
6254800219961116    .0
6254800219961117   5.2
6254800219961118    .4
6254800219961119  11.0
6254800219961120   2.0
6254800219961121    .0
6254800219961122  15.4
6254800219961123    .2
6254800219961124   4.0
6254800219961125    .6
6254800219961126    .6
6254800219961127   6.0
6254800219961128   5.2
6254800219961129   9.2
6254800219961130    .0
6254800219961201    .0
6254800219961202    .8
6254800219961203   4.2
6254800219961204   2.4
6254800219961205    .0
6254800219961206   4.4
6254800219961207    .0
6254800219961208    .0
6254800219961209    .0
6254800219961210    .0
6254800219961211    .0
6254800219961212    .0
6254800219961213    .4
6254800219961214    .0
6254800219961215    .0
6254800219961216    .0
6254800219961217    .2
6254800219961218   2.2
6254800219961219    .4
6254800219961220    .0
6254800219961221    .0
6254800219961222    .0
6254800219961223    .0
6254800219961224    .0
6254800219961225    .0
6254800219961226    .0
6254800219961227   3.0
6254800219961228    .0
6254800219961229    .6
6254800219961230    .0
6254800219961231    .0
6254800219970101    .0
6254800219970102    .0
6254800219970103    .0
6254800219970104    .0
6254800219970105    .0
6254800219970106    .0
6254800219970107    .0
6254800219970108    .4
6254800219970109   1.8
6254800219970110    .0
6254800219970111    .0
6254800219970112    .0
6254800219970113    .0
6254800219970114    .0
6254800219970115    .0
6254800219970116    .0
6254800219970117    .0
6254800219970118   2.4
6254800219970119    .0
6254800219970120    .2
6254800219970121    .2
6254800219970122    .6
6254800219970123    .0
6254800219970124    .0
6254800219970125    .0
6254800219970126    .0
6254800219970127    .4
6254800219970128    .0
6254800219970129    .0
6254800219970130    .0
6254800219970131    .0
6254800219970201    .0
6254800219970202   1.0
6254800219970203    .0
6254800219970204  15.6
6254800219970205    .0
6254800219970206    .0
6254800219970207    .8
6254800219970208    .0
6254800219970209    .0
6254800219970210   3.8
6254800219970211   5.2
6254800219970212   8.8
6254800219970213    .6
6254800219970214   1.2
6254800219970215    .0
6254800219970216   1.6
6254800219970217   3.6
6254800219970218    .2
6254800219970219   3.6
6254800219970220    .0
6254800219970221    .0
6254800219970222    .0
6254800219970223   2.4
6254800219970224   5.0
6254800219970225   2.4
6254800219970226    .0
6254800219970227    .0
6254800219970228    .4
6254800219970301    .0
6254800219970302    .2
6254800219970303   8.2
6254800219970304    .0
6254800219970305    .6
6254800219970306    .0
6254800219970307    .0
6254800219970308    .0
6254800219970309    .0
6254800219970310    .3
6254800219970311    .0
6254800219970312    .0
6254800219970313    .0
6254800219970314    .4
6254800219970315    .0
6254800219970316    .0
6254800219970317    .0
6254800219970318    .2
6254800219970319    .2
6254800219970320   1.4
6254800219970321    .0
6254800219970322    .0
6254800219970323    .6
6254800219970324    .6
6254800219970325    .0
6254800219970326    .4
6254800219970327    .0
6254800219970328    .0
6254800219970329    .0
6254800219970330    .0
6254800219970331    .0
6254800219970401    .0
6254800219970402    .0
6254800219970403    .0
6254800219970404    .0
6254800219970405    .0
6254800219970406    .0
6254800219970407    .0
6254800219970408    .0
6254800219970409    .0
6254800219970410    .0
6254800219970411    .0
6254800219970412    .0
6254800219970413    .0
6254800219970414    .2
6254800219970415    .0
6254800219970416   1.4
6254800219970417    .0
6254800219970418    .0
6254800219970419    .0
6254800219970420    .0
6254800219970421    .0
6254800219970422    .0
6254800219970423    .0
6254800219970424    .0
6254800219970425   4.2
6254800219970426   4.0
6254800219970427    .0
6254800219970428    .2
6254800219970429    .0
6254800219970430    .0
6254800219970501    .0
6254800219970502    .0
6254800219970503    .0
6254800219970504   4.6
6254800219970505   8.6
6254800219970506   2.6
6254800219970507   6.4
6254800219970508  12.0
6254800219970509    .0
6254800219970510   8.8
6254800219970511   1.6
6254800219970512    .0
6254800219970513    .2
6254800219970514    .0
6254800219970515   7.0
6254800219970516    .0
6254800219970517    .6
6254800219970518  10.4
6254800219970519   2.6
6254800219970520   4.2
6254800219970521    .0
6254800219970522    .0
6254800219970523    .0
6254800219970524    .0
6254800219970525    .0
6254800219970526    .0
6254800219970527    .0
6254800219970528    .0
6254800219970529    .0
6254800219970530    .0
6254800219970531    .0
6254800219970601    .2
6254800219970602    .0
6254800219970603    .0
6254800219970604    .0
6254800219970605   1.4
6254800219970606   5.0
6254800219970607  20.6
6254800219970608    .0
6254800219970609    .0
6254800219970610   1.2
6254800219970611   5.8
6254800219970612    .6
6254800219970613    .6
6254800219970614   2.8
6254800219970615    .0
6254800219970616    .0
6254800219970617    .0
6254800219970618   2.8
6254800219970619   5.2
6254800219970620   7.0
6254800219970621   8.4
6254800219970622   4.6
6254800219970623   2.8
6254800219970624    .6
6254800219970625   8.2
6254800219970626  15.2
6254800219970627   1.6
6254800219970628    .2
6254800219970629   1.2
6254800219970630   7.2
6254800219970701    .0
6254800219970702  11.4
6254800219970703    .4
6254800219970704   3.0
6254800219970705    .0
6254800219970706    .0
6254800219970707    .0
6254800219970708    .0
6254800219970709    .2
6254800219970710    .0
6254800219970711    .0
6254800219970712    .0
6254800219970713    .0
6254800219970714    .0
6254800219970715    .0
6254800219970716    .0
6254800219970717  18.2
6254800219970718    .6
6254800219970719    .0
6254800219970720    .0
6254800219970721    .0
6254800219970722    .0
6254800219970723    .0
6254800219970724   1.2
6254800219970725    .0
6254800219970726    .8
6254800219970727    .0
6254800219970728    .0
6254800219970729    .0
6254800219970730    .2
6254800219970731   7.2
6254800219970801    .8
6254800219970802    .0
6254800219970803    .0
6254800219970804    .0
6254800219970805    .0
6254800219970806   4.4
6254800219970807    .2
6254800219970808    .0
6254800219970809    .0
6254800219970810    .0
6254800219970811    .0
6254800219970812    .0
6254800219970813    .2
6254800219970814    .0
6254800219970815    .2
6254800219970816    .0
6254800219970817    .0
6254800219970818    .0
6254800219970819    .0
6254800219970820    .0
6254800219970821    .2
6254800219970822    .0
6254800219970823    .0
6254800219970824   2.8
6254800219970825   4.4
6254800219970826    .0
6254800219970827   5.2
6254800219970828   3.4
6254800219970829   5.4
6254800219970830   3.6
6254800219970831    .0
6254800219970901    .0
6254800219970902    .0
6254800219970903    .0
6254800219970904    .0
6254800219970905    .0
6254800219970906    .2
6254800219970907    .0
6254800219970908    .0
6254800219970909    .0
6254800219970910    .0
6254800219970911    .0
6254800219970912   2.0
6254800219970913    .0
6254800219970914    .0
6254800219970915    .0
6254800219970916    .0
6254800219970917    .0
6254800219970918    .0
6254800219970919   1.6
6254800219970920    .0
6254800219970921    .0
6254800219970922    .0
6254800219970923    .0
6254800219970924    .0
6254800219970925    .0
6254800219970926    .0
6254800219970927    .0
6254800219970928    .0
6254800219970929    .0
6254800219970930    .2
6254800219971001    .0
6254800219971002    .0
6254800219971003    .0
6254800219971004    .0
6254800219971005    .0
6254800219971006  13.8
6254800219971007   7.8
6254800219971008  16.4
6254800219971009  37.2
6254800219971010    .0
6254800219971011  10.4
6254800219971012    .8
6254800219971013   3.8
6254800219971014  15.8
6254800219971015   6.8
6254800219971016    .2
6254800219971017    .0
6254800219971018    .0
6254800219971019    .0
6254800219971020    .0
6254800219971021    .0
6254800219971022    .0
6254800219971023    .6
6254800219971024    .0
6254800219971025    .0
6254800219971026    .0
6254800219971027    .0
6254800219971028    .0
6254800219971029    .0
6254800219971030    .0
6254800219971031    .0
6254800219971101    .0
6254800219971102    .0
6254800219971103    .0
6254800219971104   2.6
6254800219971105   3.6
6254800219971106  12.2
6254800219971107   5.2
6254800219971108  21.2
6254800219971109  15.4
6254800219971110  22.8
6254800219971111   2.8
6254800219971112    .0
6254800219971113    .0
6254800219971114    .0
6254800219971115   7.8
6254800219971116    .4
6254800219971117    .0
6254800219971118  10.2
6254800219971119    .2
6254800219971120  12.8
6254800219971121    .0
6254800219971122    .0
6254800219971123    .0
6254800219971124    .0
6254800219971125    .0
6254800219971126   1.4
6254800219971127  11.0
6254800219971128   9.4
6254800219971129   4.6
6254800219971130   1.8
6254800219971201    .2
6254800219971202    .8
6254800219971203   8.2
6254800219971204    .0
6254800219971205    .0
6254800219971206    .0
6254800219971207    .0
6254800219971208   1.4
6254800219971209   5.4
6254800219971210   4.0
6254800219971211    .8
6254800219971212    .0
6254800219971213    .0
6254800219971214   1.6
6254800219971215    .0
6254800219971216    .0
6254800219971217    .2
6254800219971218  14.6
6254800219971219   6.8
6254800219971220    .0
6254800219971221    .0
6254800219971222   1.6
6254800219971223   1.2
6254800219971224   4.2
6254800219971225   6.8
6254800219971226   3.8
6254800219971227    .6
6254800219971228   2.2
6254800219971229    .4
6254800219971230   1.0
6254800219971231    .0
6254800219980101  11.6
6254800219980102   4.2
6254800219980103   9.2
6254800219980104   6.2
6254800219980105  15.4
6254800219980106   2.2
6254800219980107  19.4
6254800219980108   2.2
6254800219980109    .0
6254800219980110    .0
6254800219980111    .0
6254800219980112    .0
6254800219980113   1.0
6254800219980114    .0
6254800219980115   7.4
6254800219980116   7.8
6254800219980117    .6
6254800219980118   7.2
6254800219980119    .0
6254800219980120   1.0
6254800219980121    .0
6254800219980122    .0
6254800219980123    .4
6254800219980124    .2
6254800219980125    .0
6254800219980126    .0
6254800219980127    .0
6254800219980128    .0
6254800219980129    .0
6254800219980130    .6
6254800219980131    .2
6254800219980201    .0
6254800219980202    .0
6254800219980203    .0
6254800219980204    .0
6254800219980205    .0
6254800219980206    .2
6254800219980207   1.4
6254800219980208    .0
6254800219980209    .0
6254800219980210    .0
6254800219980211    .0
6254800219980212    .0
6254800219980213    .0
6254800219980214    .0
6254800219980215    .0
6254800219980216    .0
6254800219980217    .0
6254800219980218    .0
6254800219980219    .0
6254800219980220    .0
6254800219980221   6.6
6254800219980222    .6
6254800219980223    .2
6254800219980224    .0
6254800219980225    .0
6254800219980226    .0
6254800219980227   1.4
6254800219980228    .0
6254800219980301   4.6
6254800219980302   1.8
6254800219980303  10.0
6254800219980304   4.0
6254800219980305   3.2
6254800219980306  11.2
6254800219980307   1.0
6254800219980308    .0
6254800219980309    .0
6254800219980310    .6
6254800219980311   5.2
6254800219980312    .0
6254800219980313   2.4
6254800219980314    .0
6254800219980315    .0
6254800219980316    .0
6254800219980317    .0
6254800219980318    .0
6254800219980319    .0
6254800219980320    .0
6254800219980321    .2
6254800219980322    .0
6254800219980323    .2
6254800219980324    .0
6254800219980325    .0
6254800219980326   6.0
6254800219980327    .0
6254800219980328    .0
6254800219980329    .0
6254800219980330    .0
6254800219980331    .0
6254800219980401    .8
6254800219980402   2.8
6254800219980403   1.2
6254800219980404   3.0
6254800219980405    .2
6254800219980406   1.0
6254800219980407    .0
6254800219980408    .0
6254800219980409   2.8
6254800219980410    .0
6254800219980411    .6
6254800219980412    .0
6254800219980413   1.4
6254800219980414   4.2
6254800219980415    .8
6254800219980416   8.6
6254800219980417    .4
6254800219980418    .2
6254800219980419   5.0
6254800219980420    .2
6254800219980421    .0
6254800219980422    .0
6254800219980423   5.4
6254800219980424    .2
6254800219980425   2.4
6254800219980426    .0
6254800219980427    .0
6254800219980428    .0
6254800219980429    .0
6254800219980430    .0
6254800219980501    .0
6254800219980502   1.6
6254800219980503    .0
6254800219980504    .0
6254800219980505    .8
6254800219980506    .0
6254800219980507    .0
6254800219980508    .0
6254800219980509    .0
6254800219980510    .0
6254800219980511    .0
6254800219980512    .0
6254800219980513    .0
6254800219980514    .2
6254800219980515    .0
6254800219980516    .0
6254800219980517    .0
6254800219980518    .0
6254800219980519    .0
6254800219980520    .0
6254800219980521    .0
6254800219980522    .0
6254800219980523    .0
6254800219980524    .0
6254800219980525    .2
6254800219980526    .0
6254800219980527    .6
6254800219980528    .4
6254800219980529    .0
6254800219980530    .0
6254800219980531    .0
6254800219980601    .2
6254800219980602   1.8
6254800219980603    .0
6254800219980604    .0
6254800219980605   9.6
6254800219980606   1.2
6254800219980607    .0
6254800219980608   2.0
6254800219980609   4.0
6254800219980610   4.2
6254800219980611   4.4
6254800219980612    .0
6254800219980613   8.4
6254800219980614   2.2
6254800219980615    .0
6254800219980616   1.0
6254800219980617    .0
6254800219980618    .2
6254800219980619    .0
6254800219980620    .2
6254800219980621    .2
6254800219980622    .0
6254800219980623   1.2
6254800219980624   2.4
6254800219980625   4.0
6254800219980626    .4
6254800219980627   3.2
6254800219980628    .0
6254800219980629  11.4
6254800219980630   1.8
6254800219980701    .0
6254800219980702    .0
6254800219980703    .0
6254800219980704    .0
6254800219980705    .0
6254800219980706    .8
6254800219980707    .0
6254800219980708    .0
6254800219980709    .0
6254800219980710    .2
6254800219980711  12.2
6254800219980712   4.0
6254800219980713   2.0
6254800219980714    .0
6254800219980715   2.6
6254800219980716    .2
6254800219980717    .0
6254800219980718    .0
6254800219980719    .0
6254800219980720   3.0
6254800219980721    .0
6254800219980722    .0
6254800219980723    .0
6254800219980724    .0
6254800219980725    .0
6254800219980726    .0
6254800219980727    .0
6254800219980728    .0
6254800219980729   4.0
6254800219980730    .0
6254800219980731    .0
6254800219980801    .0
6254800219980802    .0
6254800219980803   2.0
6254800219980804    .0
6254800219980805    .0
6254800219980806    .0
6254800219980807    .0
6254800219980808    .0
6254800219980809    .0
6254800219980810    .0
6254800219980811    .0
6254800219980812    .0
6254800219980813    .0
6254800219980814    .0
6254800219980815    .0
6254800219980816    .0
6254800219980817    .0
6254800219980818    .0
6254800219980819    .0
6254800219980820    .0
6254800219980821    .0
6254800219980822    .0
6254800219980823   9.0
6254800219980824    .0
6254800219980825   1.0
6254800219980826   3.6
6254800219980827    .0
6254800219980828    .0
6254800219980829    .0
6254800219980830    .0
6254800219980831    .0
6254800219980901   1.0
6254800219980902  29.6
6254800219980903   1.8
6254800219980904   9.2
6254800219980905   7.4
6254800219980906    .0
6254800219980907    .8
6254800219980908   7.0
6254800219980909   5.6
6254800219980910   2.8
6254800219980911   1.0
6254800219980912   6.0
6254800219980913   4.0
6254800219980914    .0
6254800219980915    .4
6254800219980916    .0
6254800219980917    .0
6254800219980918    .0
6254800219980919    .0
6254800219980920    .0
6254800219980921    .0
6254800219980922    .0
6254800219980923    .0
6254800219980924    .0
6254800219980925    .0
6254800219980926  14.0
6254800219980927    .0
6254800219980928   4.2
6254800219980929   1.0
6254800219980930   3.4
6254800219981001    .0
6254800219981002    .0
6254800219981003    .8
6254800219981004    .2
6254800219981005    .0
6254800219981006   1.8
6254800219981007   6.2
6254800219981008  14.2
6254800219981009  11.8
6254800219981010    .8
6254800219981011   7.4
6254800219981012    .0
6254800219981013   3.6
6254800219981014    .8
6254800219981015    .0
6254800219981016    .0
6254800219981017   3.6
6254800219981018    .0
6254800219981019    .0
6254800219981020    .4
6254800219981021   3.6
6254800219981022   2.2
6254800219981023   2.6
6254800219981024  18.2
6254800219981025   1.6
6254800219981026   8.6
6254800219981027  11.8
6254800219981028   2.2
6254800219981029    .0
6254800219981030    .0
6254800219981031  32.6
6254800219981101    .0
6254800219981102  11.2
6254800219981103   2.2
6254800219981104    .0
6254800219981105    .4
6254800219981106    .0
6254800219981107    .0
6254800219981108   5.2
6254800219981109    .4
6254800219981110    .8
6254800219981111    .0
6254800219981112    .6
6254800219981113  15.6
6254800219981114  20.8
6254800219981115   2.8
6254800219981116   4.2
6254800219981117    .0
6254800219981118   1.2
6254800219981119    .2
6254800219981120    .0
6254800219981121    .0
6254800219981122    .0
6254800219981123    .0
6254800219981124   2.2
6254800219981125   3.8
6254800219981126   3.0
6254800219981127    .0
6254800219981128   2.6
6254800219981129    .4
6254800219981130    .0
6254800219981201    .0
6254800219981202    .0
6254800219981203    .0
6254800219981204   1.4
6254800219981205    .0
6254800219981206    .0
6254800219981207    .0
6254800219981208  11.6
6254800219981209   2.2
6254800219981210   6.2
6254800219981211   1.6
6254800219981212   3.4
6254800219981213    .0
6254800219981214    .0
6254800219981215   9.0
6254800219981216    .0
6254800219981217    .4
6254800219981218   1.4
6254800219981219    .0
6254800219981220   3.8
6254800219981221   3.4
6254800219981222    .6
6254800219981223   2.6
6254800219981224    .0
6254800219981225   4.6
6254800219981226   2.8
6254800219981227   7.8
6254800219981228   5.2
6254800219981229    .0
6254800219981230    .6
6254800219981231    .0
