6402400119940101   2.8
6402400119940102    .0
6402400119940103  10.0
6402400119940104   4.4
6402400119940105   7.8
6402400119940106  12.2
6402400119940107  28.4
6402400119940108   7.4
6402400119940109   4.4
6402400119940110  20.8
6402400119940111    .6
6402400119940112    .0
6402400119940113    .4
6402400119940114   8.6
6402400119940115  15.0
6402400119940116  26.4
6402400119940117    .4
6402400119940118    .0
6402400119940119    .0
6402400119940120    .0
6402400119940121    .0
6402400119940122    .0
6402400119940123   1.8
6402400119940124  16.4
6402400119940125  12.8
6402400119940126   1.0
6402400119940127   9.2
6402400119940128    .8
6402400119940129    .0
6402400119940130    .0
6402400119940131    .0
6402400119940201    .0
6402400119940202   2.2
6402400119940203  26.6
6402400119940204  27.2
6402400119940205  19.8
6402400119940206   4.4
6402400119940207  32.0
6402400119940208   8.4
6402400119940209   4.0
6402400119940210   6.4
6402400119940211   4.8
6402400119940212  10.8
6402400119940213    .0
6402400119940214   2.0
6402400119940215    .0
6402400119940216    .0
6402400119940217   8.2
6402400119940218   6.8
6402400119940219   4.8
6402400119940220   1.8
6402400119940221    .8
6402400119940222   6.6
6402400119940223   3.8
6402400119940224    .8
6402400119940225    .0
6402400119940226    .0
6402400119940227    .0
6402400119940228   7.8
6402400119940301    .0
6402400119940302   3.3
6402400119940303   1.4
6402400119940304    .0
6402400119940305  12.6
6402400119940306    .0
6402400119940307    .0
6402400119940308    .0
6402400119940309    .0
6402400119940310    .0
6402400119940311   2.0
6402400119940312   4.0
6402400119940313   9.6
6402400119940314    .6
6402400119940315   1.0
6402400119940316   1.2
6402400119940317    .0
6402400119940318    .0
6402400119940319    .0
6402400119940320    .0
6402400119940321   4.2
6402400119940322    .0
6402400119940323    .0
6402400119940324    .0
6402400119940325  10.4
6402400119940326    .8
6402400119940327    .0
6402400119940328    .0
6402400119940329    .0
6402400119940330    .0
6402400119940331    .0
6402400119940401  12.8
6402400119940402  13.8
6402400119940403  27.8
6402400119940404  10.2
6402400119940405   5.6
6402400119940406  17.8
6402400119940407   7.0
6402400119940408   4.0
6402400119940409  27.2
6402400119940410   6.6
6402400119940411    .0
6402400119940412    .0
6402400119940413  12.4
6402400119940414    .6
6402400119940415    .0
6402400119940416    .6
6402400119940417  29.0
6402400119940418   1.4
6402400119940419    .0
6402400119940420    .0
6402400119940421    .0
6402400119940422    .0
6402400119940423   2.4
6402400119940424   9.2
6402400119940425   1.2
6402400119940426    .0
6402400119940427    .0
6402400119940428    .0
6402400119940429    .2
6402400119940430    .0
6402400119940501    .0
6402400119940502    .0
6402400119940503    .8
6402400119940504   1.0
6402400119940505    .0
6402400119940506    .0
6402400119940507  23.8
6402400119940508   4.0
6402400119940509    .0
6402400119940510    .0
6402400119940511  13.8
6402400119940512    .0
6402400119940513   6.2
6402400119940514    .0
6402400119940515    .4
6402400119940516   4.2
6402400119940517    .2
6402400119940518  13.2
6402400119940519    .2
6402400119940520  10.4
6402400119940521    .2
6402400119940522  12.2
6402400119940523  11.2
6402400119940524   1.0
6402400119940525    .0
6402400119940526    .0
6402400119940527    .0
6402400119940528    .0
6402400119940529    .2
6402400119940530    .0
6402400119940531    .0
6402400119940601  24.6
6402400119940602    .0
6402400119940603    .0
6402400119940604   2.6
6402400119940605    .0
6402400119940606    .0
6402400119940607    .0
6402400119940608   8.4
6402400119940609    .0
6402400119940610    .4
6402400119940611    .0
6402400119940612    .0
6402400119940613    .0
6402400119940614    .0
6402400119940615    .0
6402400119940616    .0
6402400119940617    .8
6402400119940618   7.0
6402400119940619   6.0
6402400119940620    .0
6402400119940621    .0
6402400119940622    .0
6402400119940623    .0
6402400119940624  40.5
6402400119940625  26.0
6402400119940626   2.6
6402400119940627    .0
6402400119940628    .0
6402400119940629    .0
6402400119940630    .0
6402400119940701    .0
6402400119940702    .0
6402400119940703    .4
6402400119940704    .0
6402400119940705    .0
6402400119940706    .0
6402400119940707    .0
6402400119940708    .0
6402400119940709    .0
6402400119940710    .0
6402400119940711    .0
6402400119940712   3.6
6402400119940713    .2
6402400119940714    .0
6402400119940715    .0
6402400119940716    .2
6402400119940717   1.8
6402400119940718   2.2
6402400119940719    .6
6402400119940720    .0
6402400119940721    .0
6402400119940722   1.0
6402400119940723    .0
6402400119940724    .3
6402400119940725    .2
6402400119940726    .0
6402400119940727    .0
6402400119940728    .4
6402400119940729    .0
6402400119940730  21.6
6402400119940731    .4
6402400119940801    .0
6402400119940802    .0
6402400119940803    .6
6402400119940804  21.0
6402400119940805    .0
6402400119940806    .2
6402400119940807    .4
6402400119940808    .0
6402400119940809    .0
6402400119940810   2.2
6402400119940811    .0
6402400119940812   8.8
6402400119940813   5.6
6402400119940814    .0
6402400119940815    .0
6402400119940816    .6
6402400119940817    .6
6402400119940818    .2
6402400119940819    .0
6402400119940820    .0
6402400119940821    .0
6402400119940822    .0
6402400119940823    .0
6402400119940824   3.6
6402400119940825   8.8
6402400119940826   1.8
6402400119940827   1.2
6402400119940828    .0
6402400119940829    .0
6402400119940830    .4
6402400119940831    .4
6402400119940901   9.6
6402400119940902    .0
6402400119940903    .0
6402400119940904    .2
6402400119940905    .0
6402400119940906    .0
6402400119940907  21.2
6402400119940908   9.2
6402400119940909    .2
6402400119940910    .2
6402400119940911    .0
6402400119940912    .4
6402400119940913   3.6
6402400119940914  35.8
6402400119940915  16.8
6402400119940916  17.6
6402400119940917   2.4
6402400119940918    .8
6402400119940919   6.8
6402400119940920  10.6
6402400119940921  20.0
6402400119940922   3.8
6402400119940923  20.8
6402400119940924    .0
6402400119940925   2.6
6402400119940926   7.6
6402400119940927  10.0
6402400119940928    .0
6402400119940929    .2
6402400119940930    .0
6402400119941001    .2
6402400119941002    .0
6402400119941003  14.9
6402400119941004    .6
6402400119941005    .0
6402400119941006    .0
6402400119941007    .0
6402400119941008    .0
6402400119941009   1.4
6402400119941010    .0
6402400119941011    .0
6402400119941012    .0
6402400119941013    .0
6402400119941014    .0
6402400119941015  39.2
6402400119941016  15.0
6402400119941017    .0
6402400119941018   5.0
6402400119941019  23.4
6402400119941020   7.6
6402400119941021    .8
6402400119941022   8.8
6402400119941023  14.2
6402400119941024   2.4
6402400119941025  14.8
6402400119941026   4.4
6402400119941027  20.6
6402400119941028   5.2
6402400119941029    .0
6402400119941030    .0
6402400119941031    .0
6402400119941101    .0
6402400119941102    .0
6402400119941103   2.6
6402400119941104  24.0
6402400119941105   8.8
6402400119941106   2.2
6402400119941107    .2
6402400119941108    .0
6402400119941109  11.8
6402400119941110  12.4
6402400119941111    .2
6402400119941112  21.2
6402400119941113    .0
6402400119941114    .0
6402400119941115    .0
6402400119941116   2.2
6402400119941117  10.8
6402400119941118    .0
6402400119941119    .0
6402400119941120    .0
6402400119941121    .0
6402400119941122    .0
6402400119941123    .0
6402400119941124    .0
6402400119941125    .0
6402400119941126    .0
6402400119941127    .4
6402400119941128    .0
6402400119941129    .0
6402400119941130    .0
6402400119941201    .0
6402400119941202    .0
6402400119941203    .0
6402400119941204   2.0
6402400119941205   3.0
6402400119941206    .0
6402400119941207   4.4
6402400119941208    .0
6402400119941209   1.6
6402400119941210   1.2
6402400119941211    .0
6402400119941212    .0
6402400119941213    .6
6402400119941214    .0
6402400119941215    .4
6402400119941216    .0
6402400119941217    .0
6402400119941218   6.8
6402400119941219  35.0
6402400119941220  11.0
6402400119941221  49.8
6402400119941222   2.2
6402400119941223    .0
6402400119941224    .0
6402400119941225    .0
6402400119941226    .0
6402400119941227    .0
6402400119941228    .0
6402400119941229    .0
6402400119941230  13.0
6402400119941231  42.4
6402400119950101   7.6
6402400119950102   6.6
6402400119950103    .0
6402400119950104    .0
6402400119950105  21.8
6402400119950106  14.6
6402400119950107    .0
6402400119950108   6.0
6402400119950109   2.4
6402400119950110  12.8
6402400119950111  26.0
6402400119950112    .0
6402400119950113    .0
6402400119950114    .0
6402400119950115    .0
6402400119950116    .0
6402400119950117  14.6
6402400119950118   8.0
6402400119950119   3.6
6402400119950120  11.8
6402400119950121    .0
6402400119950122    .0
6402400119950123  18.8
6402400119950124   2.0
6402400119950125    .0
6402400119950126   4.6
6402400119950127   1.4
6402400119950128   2.2
6402400119950129  34.6
6402400119950130   1.0
6402400119950131    .0
6402400119950201   3.6
6402400119950202    .0
6402400119950203    .0
6402400119950204    .0
6402400119950205    .0
6402400119950206    .0
6402400119950207    .0
6402400119950208   4.0
6402400119950209   7.6
6402400119950210   2.6
6402400119950211   1.0
6402400119950212   1.0
6402400119950213  11.8
6402400119950214   5.0
6402400119950215   3.4
6402400119950216    .0
6402400119950217  24.2
6402400119950218   1.8
6402400119950219    .0
6402400119950220    .0
6402400119950221  20.4
6402400119950222    .0
6402400119950223   4.4
6402400119950224   9.4
6402400119950225  24.2
6402400119950226   9.0
6402400119950227    .0
6402400119950228    .0
6402400119950301   7.4
6402400119950302   6.8
6402400119950303  22.4
6402400119950304  12.0
6402400119950305  19.2
6402400119950306   5.6
6402400119950307   4.2
6402400119950308  11.6
6402400119950309    .0
6402400119950310    .0
6402400119950311    .0
6402400119950312    .0
6402400119950313    .0
6402400119950314    .0
6402400119950315  10.2
6402400119950316   6.4
6402400119950317    .0
6402400119950318    .0
6402400119950319   6.8
6402400119950320    .0
6402400119950321    .0
6402400119950322    .0
6402400119950323    .0
6402400119950324    .2
6402400119950325   1.2
6402400119950326    .0
6402400119950327   2.2
6402400119950328   7.0
6402400119950329   1.6
6402400119950330    .0
6402400119950331    .0
6402400119950401    .0
6402400119950402    .0
6402400119950403    .0
6402400119950404    .0
6402400119950405    .0
6402400119950406    .0
6402400119950407    .0
6402400119950408    .0
6402400119950409    .0
6402400119950410    .0
6402400119950411    .0
6402400119950412    .0
6402400119950413    .0
6402400119950414    .0
6402400119950415    .6
6402400119950416    .2
6402400119950417    .0
6402400119950418    .0
6402400119950419   7.8
6402400119950420  13.6
6402400119950421  13.6
6402400119950422   9.2
6402400119950423   4.4
6402400119950424   1.8
6402400119950425   1.4
6402400119950426    .4
6402400119950427   3.0
6402400119950428    .0
6402400119950429    .0
6402400119950430    .0
6402400119950501    .0
6402400119950502    .0
6402400119950503    .0
6402400119950504    .0
6402400119950505    .0
6402400119950506    .0
6402400119950507    .0
6402400119950508    .0
6402400119950509    .0
6402400119950510    .4
6402400119950511  97.4
6402400119950512  13.6
6402400119950513   3.6
6402400119950514   1.2
6402400119950515   1.2
6402400119950516   3.4
6402400119950517    .6
6402400119950518   5.4
6402400119950519    .0
6402400119950520    .0
6402400119950521    .0
6402400119950522    .0
6402400119950523    .0
6402400119950524   4.8
6402400119950525    .4
6402400119950526    .0
6402400119950527    .0
6402400119950528    .0
6402400119950529    .2
6402400119950530   1.6
6402400119950531   3.0
6402400119950601   1.8
6402400119950602   2.0
6402400119950603    .0
6402400119950604    .2
6402400119950605   1.4
6402400119950606    .0
6402400119950607    .0
6402400119950608   2.4
6402400119950609    .0
6402400119950610    .6
6402400119950611   9.4
6402400119950612   5.8
6402400119950613    .0
6402400119950614    .0
6402400119950615    .0
6402400119950616    .0
6402400119950617    .0
6402400119950618    .0
6402400119950619    .8
6402400119950620    .6
6402400119950621    .2
6402400119950622    .0
6402400119950623    .0
6402400119950624    .0
6402400119950625    .0
6402400119950626    .8
6402400119950627    .4
6402400119950628    .0
6402400119950629    .0
6402400119950630   1.6
6402400119950701  17.4
6402400119950702   5.4
6402400119950703  40.8
6402400119950704  18.0
6402400119950705    .0
6402400119950706    .0
6402400119950707    .0
6402400119950708    .0
6402400119950709    .6
6402400119950710  18.0
6402400119950711    .0
6402400119950712    .0
6402400119950713    .8
6402400119950714    .0
6402400119950715   9.6
6402400119950716    .4
6402400119950717    .0
6402400119950718    .0
6402400119950719    .0
6402400119950720    .0
6402400119950721   1.4
6402400119950722   3.2
6402400119950723    .0
6402400119950724    .0
6402400119950725    .4
6402400119950726    .6
6402400119950727    .0
6402400119950728    .0
6402400119950729    .0
6402400119950730    .0
6402400119950731    .0
6402400119950801   9.8
6402400119950802    .6
6402400119950803    .2
6402400119950804    .0
6402400119950805   2.4
6402400119950806   8.4
6402400119950807  13.4
6402400119950808    .0
6402400119950809    .0
6402400119950810    .0
6402400119950811    .0
6402400119950812    .0
6402400119950813   2.8
6402400119950814    .0
6402400119950815    .0
6402400119950816    .0
6402400119950817    .0
6402400119950818    .0
6402400119950819    .0
6402400119950820    .0
6402400119950821  19.2
6402400119950822    .2
6402400119950823   3.5
6402400119950824   1.6
6402400119950825   3.4
6402400119950826    .4
6402400119950827    .4
6402400119950828    .0
6402400119950829    .0
6402400119950830    .0
6402400119950831    .0
6402400119950901    .0
6402400119950902    .0
6402400119950903    .4
6402400119950904    .6
6402400119950905    .0
6402400119950906    .0
6402400119950907   2.4
6402400119950908   9.2
6402400119950909    .0
6402400119950910   7.2
6402400119950911   1.4
6402400119950912  15.2
6402400119950913  14.0
6402400119950914   5.2
6402400119950915  19.6
6402400119950916   6.4
6402400119950917  17.8
6402400119950918  48.2
6402400119950919  26.6
6402400119950920  26.8
6402400119950921  10.0
6402400119950922    .0
6402400119950923    .0
6402400119950924   4.8
6402400119950925    .4
6402400119950926    .0
6402400119950927   8.8
6402400119950928   1.8
6402400119950929    .0
6402400119950930   6.4
6402400119951001    .4
6402400119951002   3.2
6402400119951003    .0
6402400119951004   7.0
6402400119951005   1.4
6402400119951006    .0
6402400119951007    .0
6402400119951008    .0
6402400119951009    .0
6402400119951010    .0
6402400119951011    .0
6402400119951012    .0
6402400119951013    .0
6402400119951014    .0
6402400119951015   1.8
6402400119951016    .0
6402400119951017    .0
6402400119951018   1.6
6402400119951019    .2
6402400119951020    .0
6402400119951021    .0
6402400119951022    .0
6402400119951023    .0
6402400119951024    .2
6402400119951025    .0
6402400119951026    .4
6402400119951027    .0
6402400119951028    .0
6402400119951029    .0
6402400119951030    .0
6402400119951031    .0
6402400119951101    .0
6402400119951102    .0
6402400119951103    .0
6402400119951104    .0
6402400119951105    .0
6402400119951106    .0
6402400119951107    .0
6402400119951108    .0
6402400119951109   3.8
6402400119951110    .4
6402400119951111   1.4
6402400119951112    .0
6402400119951113    .0
6402400119951114    .0
6402400119951115   5.4
6402400119951116   2.4
6402400119951117   4.0
6402400119951118    .2
6402400119951119    .0
6402400119951120    .0
6402400119951121  10.0
6402400119951122  16.8
6402400119951123    .0
6402400119951124    .0
6402400119951125  34.0
6402400119951126  10.6
6402400119951127    .0
6402400119951128    .0
6402400119951129    .0
6402400119951130   2.4
6402400119951201    .0
6402400119951202  33.0
6402400119951203  26.6
6402400119951204  33.0
6402400119951205    .0
6402400119951206   8.2
6402400119951207   3.2
6402400119951208   1.2
6402400119951209    .3
6402400119951210    .2
6402400119951211    .0
6402400119951212    .0
6402400119951213    .0
6402400119951214    .0
6402400119951215   2.5
6402400119951216    .0
6402400119951217    .0
6402400119951218    .0
6402400119951219    .0
6402400119951220    .0
6402400119951221    .0
6402400119951222    .2
6402400119951223   7.4
6402400119951224  17.4
6402400119951225   9.4
6402400119951226  15.2
6402400119951227   2.8
6402400119951228    .8
6402400119951229   9.0
6402400119951230    .6
6402400119951231   2.4
6402400119960101   9.2
6402400119960102    .2
6402400119960103    .0
6402400119960104    .6
6402400119960105  17.0
6402400119960106   1.2
6402400119960107    .0
6402400119960108    .0
6402400119960109   2.0
6402400119960110  11.0
6402400119960111    .8
6402400119960112   5.4
6402400119960113    .0
6402400119960114    .0
6402400119960115    .0
6402400119960116    .0
6402400119960117    .0
6402400119960118    .0
6402400119960119    .0
6402400119960120    .0
6402400119960121    .0
6402400119960122   3.4
6402400119960123   2.6
6402400119960124  20.2
6402400119960125  36.8
6402400119960126    .0
6402400119960127    .0
6402400119960128    .0
6402400119960129   4.2
6402400119960130   1.6
6402400119960131    .0
6402400119960201   2.4
6402400119960202   1.0
6402400119960203  14.6
6402400119960204    .2
6402400119960205  23.4
6402400119960206  10.0
6402400119960207  17.8
6402400119960208   2.0
6402400119960209  11.0
6402400119960210  30.6
6402400119960211  30.2
6402400119960212   9.4
6402400119960213   6.6
6402400119960214    .0
6402400119960215    .0
6402400119960216    .0
6402400119960217    .8
6402400119960218  14.2
6402400119960219  17.4
6402400119960220   6.2
6402400119960221    .4
6402400119960222  22.8
6402400119960223  15.0
6402400119960224    .0
6402400119960225    .0
6402400119960226  26.2
6402400119960227    .0
6402400119960228    .0
6402400119960229    .0
6402400119960301   1.4
6402400119960302   1.4
6402400119960303    .0
6402400119960304    .0
6402400119960305    .0
6402400119960306    .0
6402400119960307    .0
6402400119960308    .0
6402400119960309    .0
6402400119960310    .0
6402400119960311    .0
6402400119960312    .0
6402400119960313   6.6
6402400119960314  30.4
6402400119960315  15.2
6402400119960316  13.8
6402400119960317    .0
6402400119960318    .0
6402400119960319    .0
6402400119960320    .0
6402400119960321    .0
6402400119960322    .0
6402400119960323    .0
6402400119960324    .0
6402400119960325    .2
6402400119960326    .2
6402400119960327  19.2
6402400119960328    .0
6402400119960329    .0
6402400119960330    .0
6402400119960331   1.4
6402400119960401    .8
6402400119960402    .0
6402400119960403    .0
6402400119960404    .0
6402400119960405    .0
6402400119960406    .0
6402400119960407   1.4
6402400119960408    .0
6402400119960409    .0
6402400119960410    .0
6402400119960411    .0
6402400119960412    .0
6402400119960413    .0
6402400119960414    .0
6402400119960415    .6
6402400119960416  18.6
6402400119960417   8.4
6402400119960418    .0
6402400119960419    .0
6402400119960420    .0
6402400119960421    .0
6402400119960422  16.0
6402400119960423    .8
6402400119960424    .0
6402400119960425    .0
6402400119960426    .0
6402400119960427    .0
6402400119960428   2.2
6402400119960429   2.4
6402400119960430    .6
6402400119960501  14.2
6402400119960502   8.2
6402400119960503   1.2
6402400119960504    .0
6402400119960505    .2
6402400119960506   1.0
6402400119960507    .4
6402400119960508  16.0
6402400119960509  34.6
6402400119960510   3.0
6402400119960511   2.4
6402400119960512    .2
6402400119960513    .0
6402400119960514    .0
6402400119960515    .0
6402400119960516    .0
6402400119960517   4.6
6402400119960518   4.4
6402400119960519   8.6
6402400119960520    .0
6402400119960521    .0
6402400119960522    .0
6402400119960523    .0
6402400119960524    .4
6402400119960525   2.0
6402400119960526    .0
6402400119960527    .0
6402400119960528    .0
6402400119960529    .0
6402400119960530    .2
6402400119960531  13.2
6402400119960601   3.0
6402400119960602    .8
6402400119960603   5.8
6402400119960604    .0
6402400119960605    .0
6402400119960606    .0
6402400119960607   4.0
6402400119960608    .2
6402400119960609    .2
6402400119960610    .0
6402400119960611    .0
6402400119960612    .0
6402400119960613    .0
6402400119960614    .0
6402400119960615    .0
6402400119960616    .0
6402400119960617    .0
6402400119960618    .0
6402400119960619    .4
6402400119960620  22.6
6402400119960621  10.2
6402400119960622    .2
6402400119960623   2.4
6402400119960624    .2
6402400119960625    .4
6402400119960626    .0
6402400119960627    .0
6402400119960628    .0
6402400119960629    .4
6402400119960630    .0
6402400119960701   9.8
6402400119960702    .2
6402400119960703    .0
6402400119960704    .0
6402400119960705  23.0
6402400119960706   2.4
6402400119960707  11.0
6402400119960708   1.0
6402400119960709    .0
6402400119960710   5.8
6402400119960711    .0
6402400119960712    .0
6402400119960713    .0
6402400119960714    .0
6402400119960715    .0
6402400119960716    .0
6402400119960717    .0
6402400119960718    .0
6402400119960719    .0
6402400119960720    .0
6402400119960721    .0
6402400119960722    .0
6402400119960723    .4
6402400119960724    .0
6402400119960725  22.2
6402400119960726  13.0
6402400119960727   5.6
6402400119960728    .0
6402400119960729    .0
6402400119960730    .0
6402400119960731    .0
6402400119960801    .6
6402400119960802    .0
6402400119960803    .0
6402400119960804  14.0
6402400119960805    .2
6402400119960806   5.6
6402400119960807    .2
6402400119960808    .0
6402400119960809    .0
6402400119960810    .6
6402400119960811   2.6
6402400119960812   1.6
6402400119960813    .0
6402400119960814    .0
6402400119960815    .0
6402400119960816    .0
6402400119960817    .2
6402400119960818    .0
6402400119960819    .2
6402400119960820  46.2
6402400119960821   8.8
6402400119960822    .0
6402400119960823   2.8
6402400119960824   1.0
6402400119960825  11.4
6402400119960826   2.0
6402400119960827   1.0
6402400119960828   4.6
6402400119960829  29.6
6402400119960830   1.6
6402400119960831    .0
6402400119960901    .0
6402400119960902    .0
6402400119960903    .0
6402400119960904    .0
6402400119960905    .0
6402400119960906    .0
6402400119960907    .0
6402400119960908    .0
6402400119960909    .0
6402400119960910    .0
6402400119960911    .0
6402400119960912    .2
6402400119960913    .0
6402400119960914    .0
6402400119960915    .0
6402400119960916   1.6
6402400119960917  29.6
6402400119960918   9.2
6402400119960919    .2
6402400119960920   3.2
6402400119960921  17.8
6402400119960922   5.8
6402400119960923   1.8
6402400119960924  13.2
6402400119960925   8.4
6402400119960926   1.0
6402400119960927   3.4
6402400119960928    .4
6402400119960929    .2
6402400119960930  21.6
6402400119961001  18.6
6402400119961002   8.0
6402400119961003    .0
6402400119961004   5.0
6402400119961005  14.6
6402400119961006    .2
6402400119961007    .0
6402400119961008    .0
6402400119961009    .6
6402400119961010    .0
6402400119961011    .0
6402400119961012    .0
6402400119961013    .0
6402400119961014  27.8
6402400119961015   6.4
6402400119961016  10.8
6402400119961017   1.0
6402400119961018    .8
6402400119961019    .0
6402400119961020    .0
6402400119961021    .0
6402400119961022    .0
6402400119961023    .0
6402400119961024    .0
6402400119961025    .0
6402400119961026    .0
6402400119961027    .2
6402400119961028   8.0
6402400119961029   6.0
6402400119961030    .0
6402400119961031   3.0
6402400119961101    .0
6402400119961102    .0
6402400119961103    .0
6402400119961104   8.0
6402400119961105   2.2
6402400119961106    .0
6402400119961107   9.0
6402400119961108   6.2
6402400119961109    .0
6402400119961110  13.2
6402400119961111    .0
6402400119961112   5.4
6402400119961113    .0
6402400119961114    .0
6402400119961115   1.0
6402400119961116   2.2
6402400119961117  30.2
6402400119961118  21.2
6402400119961119  26.8
6402400119961120  50.8
6402400119961121   3.6
6402400119961122   9.0
6402400119961123   1.4
6402400119961124    .0
6402400119961125  27.4
6402400119961126   9.8
6402400119961127  15.6
6402400119961128   3.0
6402400119961129  10.2
6402400119961130  11.8
6402400119961201   5.6
6402400119961202    .0
6402400119961203    .0
6402400119961204  36.0
6402400119961205  34.6
6402400119961206   8.8
6402400119961207    .4
6402400119961208   2.0
6402400119961209    .4
6402400119961210    .0
6402400119961211   1.0
6402400119961212   2.6
6402400119961213   4.4
6402400119961214   1.8
6402400119961215    .0
6402400119961216    .0
6402400119961217    .0
6402400119961218   8.4
6402400119961219    .0
6402400119961220   3.8
6402400119961221    .2
6402400119961222    .0
6402400119961223    .4
6402400119961224   4.8
6402400119961225  14.0
6402400119961226    .0
6402400119961227    .0
6402400119961228    .0
6402400119961229    .0
6402400119961230    .0
6402400119961231   1.0
6402400119970101    .0
6402400119970102    .2
6402400119970103  62.8
6402400119970104  27.0
6402400119970105    .2
6402400119970106    .0
6402400119970107   3.4
6402400119970108   1.0
6402400119970109   6.6
6402400119970110   1.6
6402400119970111    .6
6402400119970112    .0
6402400119970113    .0
6402400119970114    .0
6402400119970115    .0
6402400119970116   2.4
6402400119970117  17.6
6402400119970118    .4
6402400119970119  10.6
6402400119970120   9.2
6402400119970121  38.6
6402400119970122   3.6
6402400119970123   1.0
6402400119970124   1.0
6402400119970125    .4
6402400119970126    .0
6402400119970127   1.8
6402400119970128    .0
6402400119970129    .0
6402400119970130    .0
6402400119970131    .2
6402400119970201    .0
6402400119970202  10.2
6402400119970203    .0
6402400119970204    .0
6402400119970205    .8
6402400119970206    .0
6402400119970207    .0
6402400119970208    .0
6402400119970209    .0
6402400119970210   1.6
6402400119970211   1.0
6402400119970212    .0
6402400119970213    .8
6402400119970214  16.4
6402400119970215   2.6
6402400119970216    .6
6402400119970217   2.4
6402400119970218    .0
6402400119970219    .0
6402400119970220    .2
6402400119970221    .0
6402400119970222    .0
6402400119970223    .6
6402400119970224    .2
6402400119970225    .0
6402400119970226    .0
6402400119970227    .0
6402400119970228    .0
6402400119970301    .0
6402400119970302    .0
6402400119970303    .0
6402400119970304    .0
6402400119970305    .0
6402400119970306    .0
6402400119970307    .0
6402400119970308    .0
6402400119970309    .0
6402400119970310    .0
6402400119970311    .0
6402400119970312    .0
6402400119970313    .0
6402400119970314   2.0
6402400119970315   2.4
6402400119970316    .0
6402400119970317    .0
6402400119970318    .0
6402400119970319    .8
6402400119970320    .0
6402400119970321    .0
6402400119970322    .0
6402400119970323    .2
6402400119970324  13.2
6402400119970325    .2
6402400119970326    .0
6402400119970327    .0
6402400119970328    .8
6402400119970329    .0
6402400119970330    .0
6402400119970331    .0
6402400119970401    .0
6402400119970402    .0
6402400119970403    .0
6402400119970404    .0
6402400119970405    .0
6402400119970406    .0
6402400119970407    .0
6402400119970408    .0
6402400119970409    .0
6402400119970410    .0
6402400119970411    .0
6402400119970412    .0
6402400119970413    .0
6402400119970414    .0
6402400119970415    .0
6402400119970416    .0
6402400119970417   1.2
6402400119970418  19.0
6402400119970419   7.4
6402400119970420    .2
6402400119970421    .0
6402400119970422    .0
6402400119970423    .0
6402400119970424    .0
6402400119970425    .0
6402400119970426  11.0
6402400119970427  22.0
6402400119970428   4.0
6402400119970429    .0
6402400119970430    .0
6402400119970501    .0
6402400119970502    .0
6402400119970503    .0
6402400119970504    .2
6402400119970505  15.8
6402400119970506  30.8
6402400119970507  15.8
6402400119970508   2.2
6402400119970509   1.2
6402400119970510   3.4
6402400119970511    .2
6402400119970512   5.8
6402400119970513  26.8
6402400119970514   2.0
6402400119970515    .0
6402400119970516   4.2
6402400119970517   1.0
6402400119970518    .4
6402400119970519   1.4
6402400119970520    .0
6402400119970521    .0
6402400119970522    .0
6402400119970523    .2
6402400119970524    .0
6402400119970525    .0
6402400119970526    .0
6402400119970527    .6
6402400119970528    .0
6402400119970529    .0
6402400119970530    .0
6402400119970531  28.0
6402400119970601  18.8
6402400119970602   4.4
6402400119970603    .0
6402400119970604  32.0
6402400119970605    .0
6402400119970606    .0
6402400119970607   1.2
6402400119970608    .0
6402400119970609    .0
6402400119970610    .8
6402400119970611    .0
6402400119970612    .0
6402400119970613    .2
6402400119970614    .8
6402400119970615    .2
6402400119970616   3.2
6402400119970617    .0
6402400119970618    .0
6402400119970619    .0
6402400119970620    .0
6402400119970621  14.6
6402400119970622  10.2
6402400119970623   3.2
6402400119970624    .0
6402400119970625   1.6
6402400119970626   6.6
6402400119970627   1.4
6402400119970628  30.6
6402400119970629  13.6
6402400119970630   3.4
6402400119970701  21.8
6402400119970702  17.8
6402400119970703    .0
6402400119970704   2.6
6402400119970705    .2
6402400119970706    .0
6402400119970707    .0
6402400119970708    .0
6402400119970709   2.6
6402400119970710    .2
6402400119970711    .0
6402400119970712   2.8
6402400119970713  11.6
6402400119970714    .4
6402400119970715    .0
6402400119970716  59.0
6402400119970717  37.8
6402400119970718   1.2
6402400119970719    .0
6402400119970720    .0
6402400119970721   1.0
6402400119970722    .0
6402400119970723   4.0
6402400119970724   1.2
6402400119970725    .2
6402400119970726    .0
6402400119970727    .0
6402400119970728    .0
6402400119970729    .0
6402400119970730    .0
6402400119970731    .0
6402400119970801    .0
6402400119970802    .0
6402400119970803    .8
6402400119970804   7.2
6402400119970805   4.0
6402400119970806   7.8
6402400119970807   6.0
6402400119970808    .2
6402400119970809    .0
6402400119970810   7.8
6402400119970811    .0
6402400119970812    .0
6402400119970813    .0
6402400119970814   3.6
6402400119970815  13.4
6402400119970816    .0
6402400119970817    .2
6402400119970818    .0
6402400119970819    .0
6402400119970820  20.0
6402400119970821    .0
6402400119970822    .0
6402400119970823    .0
6402400119970824    .0
6402400119970825  67.4
6402400119970826    .0
6402400119970827  26.4
6402400119970828   3.0
6402400119970829    .0
6402400119970830    .0
6402400119970831    .0
6402400119970901  40.2
6402400119970902    .0
6402400119970903    .0
6402400119970904    .0
6402400119970905    .0
6402400119970906    .0
6402400119970907    .0
6402400119970908    .0
6402400119970909    .2
6402400119970910    .2
6402400119970911    .8
6402400119970912  11.0
6402400119970913   3.2
6402400119970914    .0
6402400119970915    .0
6402400119970916    .0
6402400119970917    .0
6402400119970918    .0
6402400119970919    .0
6402400119970920    .0
6402400119970921    .0
6402400119970922    .2
6402400119970923    .0
6402400119970924    .0
6402400119970925    .2
6402400119970926    .0
6402400119970927    .0
6402400119970928    .2
6402400119970929    .2
6402400119970930    .0
6402400119971001    .2
6402400119971002    .4
6402400119971003    .2
6402400119971004    .4
6402400119971005    .0
6402400119971006    .4
6402400119971007    .0
6402400119971008    .2
6402400119971009    .0
6402400119971010  10.6
6402400119971011   9.8
6402400119971012   6.6
6402400119971013  16.0
6402400119971014    .0
6402400119971015   7.6
6402400119971016   1.4
6402400119971017    .2
6402400119971018    .0
6402400119971019    .4
6402400119971020    .0
6402400119971021    .0
6402400119971022    .2
6402400119971023   1.6
6402400119971024    .0
6402400119971025    .2
6402400119971026    .2
6402400119971027    .0
6402400119971028    .0
6402400119971029    .0
6402400119971030    .2
6402400119971031    .0
6402400119971101    .2
6402400119971102    .0
6402400119971103   9.0
6402400119971104   8.6
6402400119971105  55.8
6402400119971106  47.4
6402400119971107   2.6
6402400119971108  23.2
6402400119971109    .0
6402400119971110   1.8
6402400119971111  53.8
6402400119971112  44.4
6402400119971113    .0
6402400119971114   1.8
6402400119971115    .0
6402400119971116    .0
6402400119971117    .0
6402400119971118  27.8
6402400119971119   1.0
6402400119971120   6.6
6402400119971121  34.8
6402400119971122  11.0
6402400119971123    .0
6402400119971124   1.2
6402400119971125   3.6
6402400119971126   5.2
6402400119971127    .0
6402400119971128  16.0
6402400119971129  14.8
6402400119971130   6.2
6402400119971201  12.8
6402400119971202   7.6
6402400119971203   1.8
6402400119971204    .2
6402400119971205    .2
6402400119971206    .0
6402400119971207    .4
6402400119971208   3.8
6402400119971209    .6
6402400119971210   1.0
6402400119971211  12.4
6402400119971212   5.8
6402400119971213    .2
6402400119971214    .0
6402400119971215    .0
6402400119971216  12.8
6402400119971217   9.0
6402400119971218   1.2
6402400119971219   2.4
6402400119971220  19.8
6402400119971221    .0
6402400119971222  26.2
6402400119971223    .0
6402400119971224    .0
6402400119971225   7.4
6402400119971226  42.4
6402400119971227  11.0
6402400119971228    .0
6402400119971229    .0
6402400119971230   1.8
6402400119971231  30.2
6402400119980101   2.4
6402400119980102   7.4
6402400119980103  10.6
6402400119980104   3.0
6402400119980105    .0
6402400119980106    .0
6402400119980107    .0
6402400119980108    .0
6402400119980109    .0
6402400119980110    .0
6402400119980111    .0
6402400119980112    .0
6402400119980113  18.4
6402400119980114   8.4
6402400119980115   2.2
6402400119980116   5.6
6402400119980117    .0
6402400119980118   3.0
6402400119980119  20.6
6402400119980120   2.2
6402400119980121    .0
6402400119980122    .0
6402400119980123    .4
6402400119980124    .0
6402400119980125    .0
6402400119980126    .2
6402400119980127    .0
6402400119980128    .2
6402400119980129    .0
6402400119980130   1.0
6402400119980131    .4
6402400119980201    .0
6402400119980202  11.0
6402400119980203   1.4
6402400119980204    .0
6402400119980205    .0
6402400119980206    .0
6402400119980207    .2
6402400119980208    .2
6402400119980209    .0
6402400119980210    .0
6402400119980211    .0
6402400119980212    .0
6402400119980213    .0
6402400119980214    .0
6402400119980215    .0
6402400119980216    .0
6402400119980217    .0
6402400119980218    .4
6402400119980219    .0
6402400119980220    .0
6402400119980221  11.0
6402400119980222  11.8
6402400119980223    .8
6402400119980224    .0
6402400119980225    .0
6402400119980226    .0
6402400119980227    .2
6402400119980228    .0
6402400119980301    .8
6402400119980302    .0
6402400119980303    .0
6402400119980304   4.6
6402400119980305    .2
6402400119980306    .0
6402400119980307    .0
6402400119980308   9.6
6402400119980309   3.4
6402400119980310   2.8
6402400119980311  32.6
6402400119980312   1.8
6402400119980313    .0
6402400119980314    .0
6402400119980315    .0
6402400119980316    .2
6402400119980317    .2
6402400119980318    .0
6402400119980319    .0
6402400119980320    .0
6402400119980321    .0
6402400119980322    .0
6402400119980323    .0
6402400119980324    .0
6402400119980325    .0
6402400119980326    .0
6402400119980327    .0
6402400119980328    .0
6402400119980329  13.4
6402400119980330    .2
6402400119980331    .4
6402400119980401   1.8
6402400119980402    .2
6402400119980403  18.6
6402400119980404    .4
6402400119980405    .0
6402400119980406  12.4
6402400119980407   7.6
6402400119980408   5.0
6402400119980409  15.8
6402400119980410  15.6
6402400119980411  17.0
6402400119980412  47.6
6402400119980413   9.0
6402400119980414    .6
6402400119980415   4.2
6402400119980416  15.4
6402400119980417  19.0
6402400119980418   4.8
6402400119980419    .0
6402400119980420   2.0
6402400119980421    .0
6402400119980422   3.2
6402400119980423    .0
6402400119980424    .2
6402400119980425  12.0
6402400119980426  37.0
6402400119980427   9.4
6402400119980428   3.4
6402400119980429  13.8
6402400119980430    .8
6402400119980501   7.6
6402400119980502   3.0
6402400119980503   3.8
6402400119980504    .0
6402400119980505    .0
6402400119980506    .0
6402400119980507    .0
6402400119980508    .0
6402400119980509    .0
6402400119980510    .0
6402400119980511    .4
6402400119980512    .8
6402400119980513   1.0
6402400119980514    .0
6402400119980515   7.4
6402400119980516    .2
6402400119980517    .0
6402400119980518    .0
6402400119980519    .2
6402400119980520    .0
6402400119980521    .0
6402400119980522    .0
6402400119980523    .0
6402400119980524    .0
6402400119980525    .0
6402400119980526   1.5
6402400119980527   1.4
6402400119980528   3.8
6402400119980529   8.0
6402400119980530   2.8
6402400119980531   1.8
6402400119980601  10.4
6402400119980602    .0
6402400119980603    .0
6402400119980604  12.2
6402400119980605  12.2
6402400119980606   3.2
6402400119980607    .0
6402400119980608    .0
6402400119980609   7.0
6402400119980610   9.4
6402400119980611   5.6
6402400119980612    .4
6402400119980613   2.2
6402400119980614   4.0
6402400119980615   9.8
6402400119980616    .2
6402400119980617    .2
6402400119980618    .0
6402400119980619    .0
6402400119980620    .0
6402400119980621    .0
6402400119980622    .4
6402400119980623    .0
6402400119980624    .8
6402400119980625   3.0
6402400119980626    .0
6402400119980627    .0
6402400119980628    .0
6402400119980629   3.4
6402400119980630  14.6
6402400119980701   2.0
6402400119980702    .0
6402400119980703   3.0
6402400119980704    .0
6402400119980705    .0
6402400119980706  10.0
6402400119980707   7.6
6402400119980708    .0
6402400119980709    .0
6402400119980710    .4
6402400119980711   1.2
6402400119980712    .0
6402400119980713   3.0
6402400119980714    .0
6402400119980715    .0
6402400119980716    .0
6402400119980717    .0
6402400119980718    .0
6402400119980719    .0
6402400119980720   2.2
6402400119980721    .0
6402400119980722    .0
6402400119980723    .2
6402400119980724    .0
6402400119980725    .2
6402400119980726    .4
6402400119980727    .0
6402400119980728   2.2
6402400119980729    .0
6402400119980730   1.2
6402400119980731  10.8
6402400119980801   4.4
6402400119980802   1.4
6402400119980803    .4
6402400119980804    .0
6402400119980805    .2
6402400119980806    .2
6402400119980807    .2
6402400119980808    .0
6402400119980809    .0
6402400119980810    .0
6402400119980811    .0
6402400119980812    .0
6402400119980813    .0
6402400119980814    .0
6402400119980815  16.0
6402400119980816    .0
6402400119980817    .0
6402400119980818    .2
6402400119980819    .0
6402400119980820    .0
6402400119980821    .0
6402400119980822   1.0
6402400119980823    .8
6402400119980824    .2
6402400119980825    .4
6402400119980826    .0
6402400119980827    .0
6402400119980828    .0
6402400119980829    .0
6402400119980830    .0
6402400119980831   2.2
6402400119980901   1.0
6402400119980902    .4
6402400119980903    .0
6402400119980904  14.6
6402400119980905    .0
6402400119980906    .2
6402400119980907   7.6
6402400119980908    .0
6402400119980909    .0
6402400119980910   3.2
6402400119980911   9.4
6402400119980912   8.2
6402400119980913  13.0
6402400119980914   2.4
6402400119980915    .2
6402400119980916  10.0
6402400119980917    .0
6402400119980918    .2
6402400119980919    .0
6402400119980920    .0
6402400119980921    .2
6402400119980922   4.2
6402400119980923   6.6
6402400119980924   6.8
6402400119980925    .2
6402400119980926   1.2
6402400119980927   3.4
6402400119980928    .8
6402400119980929  23.4
6402400119980930   5.4
6402400119981001  31.6
6402400119981002  37.8
6402400119981003   3.6
6402400119981004   3.0
6402400119981005  11.6
6402400119981006  65.4
6402400119981007  17.2
6402400119981008  35.4
6402400119981009   5.6
6402400119981010   6.8
6402400119981011  20.2
6402400119981012   3.2
6402400119981013    .2
6402400119981014    .2
6402400119981015    .4
6402400119981016    .4
6402400119981017   9.2
6402400119981018   2.8
6402400119981019   2.8
6402400119981020    .0
6402400119981021    .2
6402400119981022    .0
6402400119981023    .6
6402400119981024   4.2
6402400119981025  18.8
6402400119981026  23.8
6402400119981027    .0
6402400119981028    .0
6402400119981029   4.0
6402400119981030    .0
6402400119981031    .4
6402400119981101  11.8
6402400119981102   7.0
6402400119981103  20.2
6402400119981104  25.2
6402400119981105   4.8
6402400119981106    .0
6402400119981107    .2
6402400119981108    .0
6402400119981109    .8
6402400119981110   8.0
6402400119981111   1.8
6402400119981112   4.8
6402400119981113   5.2
6402400119981114  19.0
6402400119981115   1.0
6402400119981116    .2
6402400119981117    .0
6402400119981118    .2
6402400119981119    .2
6402400119981120    .2
6402400119981121    .0
6402400119981122    .2
6402400119981123    .2
6402400119981124   6.2
6402400119981125  35.8
6402400119981126  10.6
6402400119981127  13.6
6402400119981128  13.6
6402400119981129   8.6
6402400119981130   3.0
6402400119981201    .0
6402400119981202    .0
6402400119981203    .6
6402400119981204    .6
6402400119981205    .8
6402400119981206   2.6
6402400119981207    .0
6402400119981208    .2
6402400119981209    .6
6402400119981210   8.6
6402400119981211   6.8
6402400119981212    .2
6402400119981213    .2
6402400119981214    .0
6402400119981215    .4
6402400119981216    .4
6402400119981217    .0
6402400119981218   2.2
6402400119981219   6.8
6402400119981220  17.8
6402400119981221    .0
6402400119981222    .2
6402400119981223   5.6
6402400119981224   1.4
6402400119981225    .2
6402400119981226    .0
6402400119981227    .0
6402400119981228    .0
6402400119981229    .0
6402400119981230  24.8
6402400119981231    .0
