6613600119940101    .6
6613600119940102    .0
6613600119940103    .0
6613600119940104    .0
6613600119940105    .0
6613600119940106   6.6
6613600119940107    .2
6613600119940108    .0
6613600119940109    .0
6613600119940110   1.0
6613600119940111    .0
6613600119940112    .0
6613600119940113    .0
6613600119940114    .0
6613600119940115    .6
6613600119940116    .4
6613600119940117    .0
6613600119940118    .0
6613600119940119    .0
6613600119940120    .0
6613600119940121    .0
6613600119940122    .0
6613600119940123    .0
6613600119940124    .0
6613600119940125    .0
6613600119940126    .0
6613600119940127    .0
6613600119940128    .0
6613600119940129    .0
6613600119940130    .0
6613600119940131    .0
6613600119940201    .0
6613600119940202    .0
6613600119940203   9.0
6613600119940204   9.8
6613600119940205    .0
6613600119940206    .0
6613600119940207    .0
6613600119940208    .0
6613600119940209    .0
6613600119940210    .0
6613600119940211    .0
6613600119940212    .4
6613600119940213    .0
6613600119940214    .0
6613600119940215   3.0
6613600119940216    .4
6613600119940217    .0
6613600119940218    .2
6613600119940219    .0
6613600119940220    .2
6613600119940221    .0
6613600119940222    .0
6613600119940223    .0
6613600119940224    .0
6613600119940225    .0
6613600119940226    .6
6613600119940227    .8
6613600119940228    .0
6613600119940301    .0
6613600119940302    .0
6613600119940303    .0
6613600119940304    .0
6613600119940305    .0
6613600119940306    .0
6613600119940307    .0
6613600119940308    .0
6613600119940309    .0
6613600119940310    .0
6613600119940311    .0
6613600119940312    .0
6613600119940313    .0
6613600119940314    .0
6613600119940315    .0
6613600119940316    .0
6613600119940317    .0
6613600119940318    .0
6613600119940319    .0
6613600119940320    .0
6613600119940321   3.0
6613600119940322    .0
6613600119940323    .0
6613600119940324    .0
6613600119940325    .0
6613600119940326    .2
6613600119940327    .0
6613600119940328    .0
6613600119940329    .0
6613600119940330    .0
6613600119940331    .0
6613600119940401    .2
6613600119940402   3.2
6613600119940403    .4
6613600119940404   3.0
6613600119940405   2.2
6613600119940406   2.0
6613600119940407   2.6
6613600119940408    .0
6613600119940409    .6
6613600119940410   7.6
6613600119940411    .4
6613600119940412    .0
6613600119940413    .0
6613600119940414    .0
6613600119940415    .0
6613600119940416    .0
6613600119940417    .0
6613600119940418    .0
6613600119940419    .6
6613600119940420  23.8
6613600119940421    .0
6613600119940422    .0
6613600119940423    .0
6613600119940424   7.0
6613600119940425    .0
6613600119940426    .0
6613600119940427    .0
6613600119940428    .0
6613600119940429    .0
6613600119940430    .0
6613600119940501    .0
6613600119940502    .0
6613600119940503    .0
6613600119940504    .0
6613600119940505    .0
6613600119940506    .0
6613600119940507    .2
6613600119940508   4.6
6613600119940509    .0
6613600119940510    .0
6613600119940511   1.8
6613600119940512    .0
6613600119940513   4.0
6613600119940514    .0
6613600119940515    .0
6613600119940516    .0
6613600119940517   1.6
6613600119940518    .0
6613600119940519    .0
6613600119940520    .0
6613600119940521    .0
6613600119940522    .0
6613600119940523    .2
6613600119940524   2.6
6613600119940525    .0
6613600119940526    .0
6613600119940527    .0
6613600119940528    .0
6613600119940529    .4
6613600119940530    .0
6613600119940531    .0
6613600119940601    .0
6613600119940602    .0
6613600119940603    .0
6613600119940604    .0
6613600119940605    .0
6613600119940606    .0
6613600119940607    .0
6613600119940608   2.2
6613600119940609    .0
6613600119940610    .0
6613600119940611    .0
6613600119940612    .0
6613600119940613    .0
6613600119940614    .0
6613600119940615    .0
6613600119940616    .0
6613600119940617    .0
6613600119940618    .0
6613600119940619    .0
6613600119940620    .0
6613600119940621    .0
6613600119940622    .0
6613600119940623    .0
6613600119940624    .0
6613600119940625   7.6
6613600119940626   7.4
6613600119940627    .0
6613600119940628    .0
6613600119940629    .0
6613600119940630    .0
6613600119940701    .0
6613600119940702    .0
6613600119940703    .0
6613600119940704    .0
6613600119940705    .0
6613600119940706    .0
6613600119940707    .0
6613600119940708    .0
6613600119940709    .0
6613600119940710    .0
6613600119940711    .0
6613600119940712    .0
6613600119940713    .0
6613600119940714    .0
6613600119940715    .0
6613600119940716    .0
6613600119940717    .0
6613600119940718    .0
6613600119940719    .0
6613600119940720    .0
6613600119940721    .0
6613600119940722    .0
6613600119940723    .0
6613600119940724    .0
6613600119940725    .0
6613600119940726    .0
6613600119940727    .0
6613600119940728    .0
6613600119940729    .4
6613600119940730    .0
6613600119940731   3.2
6613600119940801    .0
6613600119940802    .0
6613600119940803    .0
6613600119940804    .0
6613600119940805    .0
6613600119940806    .0
6613600119940807    .0
6613600119940808    .0
6613600119940809    .0
6613600119940810    .2
6613600119940811    .0
6613600119940812    .0
6613600119940813    .4
6613600119940814    .0
6613600119940815    .0
6613600119940816    .0
6613600119940817    .0
6613600119940818    .0
6613600119940819    .0
6613600119940820    .0
6613600119940821    .0
6613600119940822    .0
6613600119940823    .0
6613600119940824   1.8
6613600119940825    .0
6613600119940826    .0
6613600119940827    .0
6613600119940828    .0
6613600119940829    .0
6613600119940830   1.6
6613600119940831    .8
6613600119940901    .0
6613600119940902    .0
6613600119940903    .0
6613600119940904    .0
6613600119940905    .0
6613600119940906    .0
6613600119940907    .0
6613600119940908    .0
6613600119940909    .0
6613600119940910    .0
6613600119940911    .4
6613600119940912  14.2
6613600119940913   1.2
6613600119940914    .8
6613600119940915    .0
6613600119940916    .0
6613600119940917    .0
6613600119940918    .0
6613600119940919   1.6
6613600119940920  13.2
6613600119940921  15.2
6613600119940922  25.2
6613600119940923  13.6
6613600119940924    .0
6613600119940925    .0
6613600119940926    .0
6613600119940927    .0
6613600119940928    .0
6613600119940929  49.4
6613600119940930  18.4
6613600119941001    .0
6613600119941002    .0
6613600119941003    .0
6613600119941004    .0
6613600119941005    .0
6613600119941006    .0
6613600119941007    .0
6613600119941008    .0
6613600119941009   7.8
6613600119941010  41.4
6613600119941011  11.2
6613600119941012    .0
6613600119941013    .0
6613600119941014    .0
6613600119941015    .0
6613600119941016    .0
6613600119941017    .0
6613600119941018  26.8
6613600119941019  34.6
6613600119941020    .0
6613600119941021    .0
6613600119941022    .0
6613600119941023    .8
6613600119941024    .0
6613600119941025    .0
6613600119941026    .0
6613600119941027    .0
6613600119941028    .2
6613600119941029    .0
6613600119941030    .0
6613600119941031    .0
6613600119941101    .0
6613600119941102    .0
6613600119941103    .0
6613600119941104  13.0
6613600119941105    .0
6613600119941106    .0
6613600119941107    .0
6613600119941108    .0
6613600119941109    .0
6613600119941110    .0
6613600119941111    .0
6613600119941112    .8
6613600119941113    .0
6613600119941114    .0
6613600119941115    .0
6613600119941116    .0
6613600119941117    .0
6613600119941118    .0
6613600119941119    .0
6613600119941120    .0
6613600119941121    .0
6613600119941122    .0
6613600119941123    .0
6613600119941124    .0
6613600119941125    .0
6613600119941126    .0
6613600119941127    .0
6613600119941128    .0
6613600119941129    .2
6613600119941130    .0
6613600119941201    .0
6613600119941202   4.6
6613600119941203    .2
6613600119941204    .0
6613600119941205    .0
6613600119941206    .0
6613600119941207    .0
6613600119941208    .0
6613600119941209    .0
6613600119941210    .0
6613600119941211    .0
6613600119941212    .0
6613600119941213    .0
6613600119941214    .0
6613600119941215    .0
6613600119941216    .0
6613600119941217    .0
6613600119941218    .0
6613600119941219    .0
6613600119941220    .4
6613600119941221    .6
6613600119941222    .0
6613600119941223    .0
6613600119941224    .0
6613600119941225    .0
6613600119941226    .0
6613600119941227    .0
6613600119941228    .0
6613600119941229    .0
6613600119941230    .0
6613600119941231    .6
6613600119950101    .0
6613600119950102    .4
6613600119950103    .0
6613600119950104    .0
6613600119950105   6.8
6613600119950106   1.8
6613600119950107    .0
6613600119950108   3.0
6613600119950109    .4
6613600119950110    .0
6613600119950111   1.4
6613600119950112    .0
6613600119950113    .0
6613600119950114    .0
6613600119950115    .0
6613600119950116    .0
6613600119950117    .0
6613600119950118   2.8
6613600119950119    .0
6613600119950120    .0
6613600119950121    .0
6613600119950122    .0
6613600119950123    .0
6613600119950124    .0
6613600119950125    .0
6613600119950126    .4
6613600119950127    .0
6613600119950128    .0
6613600119950129    .0
6613600119950130    .0
6613600119950131    .0
6613600119950201    .0
6613600119950202    .0
6613600119950203    .0
6613600119950204    .0
6613600119950205    .0
6613600119950206    .0
6613600119950207    .0
6613600119950208    .0
6613600119950209    .0
6613600119950210    .0
6613600119950211    .0
6613600119950212    .0
6613600119950213    .6
6613600119950214    .4
6613600119950215    .0
6613600119950216    .0
6613600119950217    .0
6613600119950218    .0
6613600119950219    .0
6613600119950220    .0
6613600119950221    .0
6613600119950222    .0
6613600119950223    .0
6613600119950224    .0
6613600119950225   1.0
6613600119950226    .0
6613600119950227    .0
6613600119950228    .0
6613600119950301    .0
6613600119950302    .0
6613600119950303    .0
6613600119950304   1.0
6613600119950305   3.6
6613600119950306    .2
6613600119950307    .0
6613600119950308    .0
6613600119950309    .0
6613600119950310    .0
6613600119950311    .0
6613600119950312    .0
6613600119950313    .0
6613600119950314    .0
6613600119950315    .0
6613600119950316    .0
6613600119950317    .0
6613600119950318    .0
6613600119950319    .0
6613600119950320    .0
6613600119950321    .0
6613600119950322    .0
6613600119950323    .0
6613600119950324    .0
6613600119950325    .0
6613600119950326    .0
6613600119950327    .0
6613600119950328    .0
6613600119950329   1.6
6613600119950330    .0
6613600119950331    .0
6613600119950401    .0
6613600119950402    .0
6613600119950403    .0
6613600119950404    .0
6613600119950405    .0
6613600119950406    .0
6613600119950407    .0
6613600119950408    .0
6613600119950409    .0
6613600119950410    .0
6613600119950411    .0
6613600119950412    .0
6613600119950413    .0
6613600119950414    .0
6613600119950415    .0
6613600119950416    .4
6613600119950417    .0
6613600119950418    .0
6613600119950419    .0
6613600119950420    .0
6613600119950421    .0
6613600119950422    .0
6613600119950423    .0
6613600119950424    .2
6613600119950425    .0
6613600119950426    .0
6613600119950427    .0
6613600119950428   2.4
6613600119950429    .0
6613600119950430    .0
6613600119950501    .0
6613600119950502    .0
6613600119950503    .0
6613600119950504    .0
6613600119950505    .0
6613600119950506    .0
6613600119950507    .0
6613600119950508    .0
6613600119950509    .0
6613600119950510    .2
6613600119950511  15.0
6613600119950512    .6
6613600119950513   1.8
6613600119950514    .0
6613600119950515    .6
6613600119950516   3.2
6613600119950517    .0
6613600119950518    .2
6613600119950519    .0
6613600119950520    .0
6613600119950521    .0
6613600119950522    .0
6613600119950523    .0
6613600119950524    .0
6613600119950525   4.8
6613600119950526    .0
6613600119950527    .0
6613600119950528    .0
6613600119950529  11.4
6613600119950530    .0
6613600119950531    .4
6613600119950601    .0
6613600119950602    .0
6613600119950603    .0
6613600119950604    .0
6613600119950605    .0
6613600119950606    .0
6613600119950607    .0
6613600119950608    .0
6613600119950609    .2
6613600119950610   1.8
6613600119950611    .2
6613600119950612    .0
6613600119950613    .0
6613600119950614    .0
6613600119950615    .0
6613600119950616    .0
6613600119950617    .0
6613600119950618    .0
6613600119950619    .0
6613600119950620    .0
6613600119950621    .0
6613600119950622    .0
6613600119950623    .0
6613600119950624    .0
6613600119950625    .0
6613600119950626    .0
6613600119950627   4.4
6613600119950628    .0
6613600119950629    .0
6613600119950630    .0
6613600119950701    .0
6613600119950702    .0
6613600119950703   6.0
6613600119950704   4.6
6613600119950705   1.0
6613600119950706    .0
6613600119950707    .0
6613600119950708    .0
6613600119950709    .0
6613600119950710    .0
6613600119950711    .0
6613600119950712    .0
6613600119950713    .0
6613600119950714    .0
6613600119950715    .0
6613600119950716    .0
6613600119950717    .0
6613600119950718    .0
6613600119950719    .0
6613600119950720    .0
6613600119950721    .0
6613600119950722    .0
6613600119950723    .0
6613600119950724    .0
6613600119950725    .0
6613600119950726    .0
6613600119950727    .0
6613600119950728    .0
6613600119950729    .0
6613600119950730    .0
6613600119950731  18.4
6613600119950801    .0
6613600119950802    .0
6613600119950803    .0
6613600119950804   4.2
6613600119950805    .0
6613600119950806    .8
6613600119950807   2.0
6613600119950808    .0
6613600119950809    .0
6613600119950810   6.6
6613600119950811    .0
6613600119950812    .0
6613600119950813    .0
6613600119950814    .0
6613600119950815    .0
6613600119950816    .0
6613600119950817    .0
6613600119950818    .4
6613600119950819    .0
6613600119950820    .0
6613600119950821    .0
6613600119950822    .0
6613600119950823    .4
6613600119950824    .6
6613600119950825    .0
6613600119950826    .0
6613600119950827    .0
6613600119950828    .0
6613600119950829    .0
6613600119950830    .0
6613600119950831    .0
6613600119950901    .0
6613600119950902    .0
6613600119950903    .0
6613600119950904    .0
6613600119950905    .0
6613600119950906    .0
6613600119950907   1.8
6613600119950908    .0
6613600119950909    .0
6613600119950910    .0
6613600119950911    .2
6613600119950912   7.6
6613600119950913    .2
6613600119950914    .0
6613600119950915    .0
6613600119950916    .0
6613600119950917    .4
6613600119950918  37.4
6613600119950919    .8
6613600119950920   2.6
6613600119950921    .0
6613600119950922    .0
6613600119950923    .0
6613600119950924    .0
6613600119950925    .2
6613600119950926    .0
6613600119950927    .0
6613600119950928    .0
6613600119950929    .0
6613600119950930    .6
6613600119951001    .0
6613600119951002    .0
6613600119951003    .6
6613600119951004    .0
6613600119951005    .6
6613600119951006    .0
6613600119951007    .0
6613600119951008    .0
6613600119951009    .2
6613600119951010    .0
6613600119951011    .2
6613600119951012  10.8
6613600119951013  27.8
6613600119951014   1.8
6613600119951015    .0
6613600119951016    .0
6613600119951017    .0
6613600119951018    .2
6613600119951019    .0
6613600119951020    .0
6613600119951021    .0
6613600119951022    .0
6613600119951023    .0
6613600119951024    .0
6613600119951025    .0
6613600119951026    .0
6613600119951027    .0
6613600119951028    .8
6613600119951029   1.6
6613600119951030    .0
6613600119951031    .0
6613600119951101    .0
6613600119951102    .0
6613600119951103    .0
6613600119951104    .0
6613600119951105    .0
6613600119951106    .0
6613600119951107    .0
6613600119951108    .0
6613600119951109    .0
6613600119951110   1.8
6613600119951111    .0
6613600119951112    .0
6613600119951113    .0
6613600119951114    .0
6613600119951115    .0
6613600119951116    .0
6613600119951117    .0
6613600119951118    .0
6613600119951119    .0
6613600119951120    .0
6613600119951121   9.0
6613600119951122  42.0
6613600119951123    .0
6613600119951124    .0
6613600119951125  14.4
6613600119951126   4.0
6613600119951127    .0
6613600119951128    .0
6613600119951129   1.2
6613600119951130    .0
6613600119951201    .0
6613600119951202  14.2
6613600119951203   2.2
6613600119951204   8.2
6613600119951205    .0
6613600119951206    .0
6613600119951207   1.2
6613600119951208  27.4
6613600119951209  24.4
6613600119951210    .0
6613600119951211   1.8
6613600119951212    .0
6613600119951213    .0
6613600119951214    .0
6613600119951215  41.2
6613600119951216  22.4
6613600119951217    .0
6613600119951218    .0
6613600119951219    .0
6613600119951220    .0
6613600119951221    .0
6613600119951222    .0
6613600119951223    .0
6613600119951224    .4
6613600119951225    .0
6613600119951226   2.2
6613600119951227    .2
6613600119951228    .0
6613600119951229    .2
6613600119951230    .8
6613600119951231    .0
6613600119960101    .4
6613600119960102    .2
6613600119960103    .0
6613600119960104    .0
6613600119960105    .4
6613600119960106    .4
6613600119960107   3.2
6613600119960108    .0
6613600119960109  22.6
6613600119960110   2.0
6613600119960111    .4
6613600119960112  13.0
6613600119960113    .8
6613600119960114    .2
6613600119960115    .0
6613600119960116    .0
6613600119960117    .0
6613600119960118    .0
6613600119960119    .0
6613600119960120    .0
6613600119960121   6.6
6613600119960122  17.6
6613600119960123   5.8
6613600119960124  11.8
6613600119960125    .0
6613600119960126    .0
6613600119960127   1.6
6613600119960128  34.0
6613600119960129  27.4
6613600119960130   2.2
6613600119960131    .4
6613600119960201  38.0
6613600119960202   1.2
6613600119960203    .0
6613600119960204    .2
6613600119960205   3.0
6613600119960206   3.2
6613600119960207  14.8
6613600119960208   1.6
6613600119960209    .0
6613600119960210    .0
6613600119960211    .0
6613600119960212    .0
6613600119960213    .4
6613600119960214    .0
6613600119960215    .0
6613600119960216    .0
6613600119960217    .0
6613600119960218    .0
6613600119960219    .0
6613600119960220    .0
6613600119960221    .0
6613600119960222    .4
6613600119960223    .0
6613600119960224    .0
6613600119960225    .0
6613600119960226   1.0
6613600119960227    .2
6613600119960228    .0
6613600119960229    .0
6613600119960301    .0
6613600119960302    .0
6613600119960303    .0
6613600119960304    .0
6613600119960305    .0
6613600119960306   2.0
6613600119960307    .0
6613600119960308  11.6
6613600119960309   1.4
6613600119960310    .0
6613600119960311    .0
6613600119960312    .0
6613600119960313    .0
6613600119960314  24.4
6613600119960315  20.0
6613600119960316    .0
6613600119960317    .0
6613600119960318    .0
6613600119960319    .0
6613600119960320    .0
6613600119960321    .0
6613600119960322    .0
6613600119960323    .0
6613600119960324    .0
6613600119960325    .2
6613600119960326   5.0
6613600119960327    .0
6613600119960328    .0
6613600119960329    .0
6613600119960330    .0
6613600119960331    .0
6613600119960401    .8
6613600119960402    .0
6613600119960403    .0
6613600119960404    .0
6613600119960405    .0
6613600119960406    .0
6613600119960407    .0
6613600119960408    .0
6613600119960409    .0
6613600119960410    .0
6613600119960411    .0
6613600119960412    .0
6613600119960413    .0
6613600119960414    .6
6613600119960415    .0
6613600119960416   4.4
6613600119960417    .2
6613600119960418    .0
6613600119960419    .0
6613600119960420    .0
6613600119960421    .0
6613600119960422   3.8
6613600119960423    .0
6613600119960424    .0
6613600119960425    .0
6613600119960426   4.8
6613600119960427    .6
6613600119960428  17.2
6613600119960429   9.8
6613600119960430    .0
6613600119960501   9.0
6613600119960502   2.2
6613600119960503    .0
6613600119960504    .0
6613600119960505    .0
6613600119960506   2.4
6613600119960507    .0
6613600119960508    .2
6613600119960509   5.6
6613600119960510   7.0
6613600119960511   6.4
6613600119960512    .0
6613600119960513    .0
6613600119960514    .0
6613600119960515    .0
6613600119960516    .6
6613600119960517   1.0
6613600119960518    .0
6613600119960519    .0
6613600119960520    .0
6613600119960521    .0
6613600119960522    .0
6613600119960523    .0
6613600119960524    .0
6613600119960525    .0
6613600119960526    .0
6613600119960527    .0
6613600119960528    .0
6613600119960529    .0
6613600119960530    .0
6613600119960531    .0
6613600119960601   9.4
6613600119960602   1.6
6613600119960603    .0
6613600119960604    .0
6613600119960605    .0
6613600119960606    .0
6613600119960607    .0
6613600119960608    .0
6613600119960609    .0
6613600119960610    .0
6613600119960611    .0
6613600119960612    .0
6613600119960613    .0
6613600119960614    .0
6613600119960615    .0
6613600119960616    .0
6613600119960617    .0
6613600119960618    .0
6613600119960619    .0
6613600119960620    .0
6613600119960621   2.6
6613600119960622    .6
6613600119960623    .0
6613600119960624    .0
6613600119960625    .0
6613600119960626    .0
6613600119960627    .0
6613600119960628    .0
6613600119960629    .0
6613600119960630    .0
6613600119960701    .0
6613600119960702    .0
6613600119960703    .0
6613600119960704    .0
6613600119960705   4.2
6613600119960706    .0
6613600119960707   1.2
6613600119960708    .0
6613600119960709    .0
6613600119960710    .0
6613600119960711    .0
6613600119960712    .0
6613600119960713    .0
6613600119960714    .0
6613600119960715    .0
6613600119960716    .0
6613600119960717    .0
6613600119960718    .0
6613600119960719    .0
6613600119960720    .0
6613600119960721    .0
6613600119960722    .0
6613600119960723    .0
6613600119960724    .2
6613600119960725    .0
6613600119960726    .0
6613600119960727   9.8
6613600119960728    .0
6613600119960729   1.4
6613600119960730    .0
6613600119960731    .0
6613600119960801    .0
6613600119960802   4.8
6613600119960803    .0
6613600119960804    .0
6613600119960805    .0
6613600119960806    .0
6613600119960807   7.4
6613600119960808    .0
6613600119960809    .0
6613600119960810    .0
6613600119960811    .0
6613600119960812    .0
6613600119960813    .0
6613600119960814    .0
6613600119960815    .0
6613600119960816    .0
6613600119960817    .0
6613600119960818    .0
6613600119960819    .0
6613600119960820    .0
6613600119960821   6.6
6613600119960822    .0
6613600119960823   5.2
6613600119960824   2.6
6613600119960825    .0
6613600119960826   1.0
6613600119960827  11.4
6613600119960828    .0
6613600119960829    .0
6613600119960830    .0
6613600119960831    .0
6613600119960901    .0
6613600119960902    .0
6613600119960903    .0
6613600119960904    .0
6613600119960905    .0
6613600119960906    .0
6613600119960907    .0
6613600119960908    .0
6613600119960909    .0
6613600119960910    .0
6613600119960911    .0
6613600119960912    .0
6613600119960913    .0
6613600119960914    .0
6613600119960915    .0
6613600119960916    .0
6613600119960917   4.2
6613600119960918   2.0
6613600119960919   5.8
6613600119960920    .4
6613600119960921   3.6
6613600119960922   1.8
6613600119960923    .0
6613600119960924    .0
6613600119960925    .6
6613600119960926    .0
6613600119960927    .0
6613600119960928    .0
6613600119960929    .0
6613600119960930    .4
6613600119961001    .6
6613600119961002    .0
6613600119961003    .0
6613600119961004    .0
6613600119961005    .0
6613600119961006    .0
6613600119961007    .0
6613600119961008    .0
6613600119961009    .0
6613600119961010    .0
6613600119961011    .0
6613600119961012    .0
6613600119961013  10.6
6613600119961014  91.2
6613600119961015    .2
6613600119961016    .0
6613600119961017    .0
6613600119961018    .0
6613600119961019    .0
6613600119961020    .0
6613600119961021    .0
6613600119961022    .0
6613600119961023    .0
6613600119961024    .0
6613600119961025   1.0
6613600119961026    .0
6613600119961027    .0
6613600119961028    .0
6613600119961029    .0
6613600119961030    .0
6613600119961031    .0
6613600119961101    .0
6613600119961102    .0
6613600119961103    .0
6613600119961104    .0
6613600119961105    .0
6613600119961106    .0
6613600119961107    .0
6613600119961108    .0
6613600119961109    .0
6613600119961110    .0
6613600119961111    .2
6613600119961112   3.4
6613600119961113   5.2
6613600119961114    .0
6613600119961115    .2
6613600119961116  10.8
6613600119961117   5.8
6613600119961118    .0
6613600119961119   1.0
6613600119961120    .2
6613600119961121    .4
6613600119961122    .2
6613600119961123    .8
6613600119961124    .0
6613600119961125   7.4
6613600119961126   1.4
6613600119961127   4.6
6613600119961128    .0
6613600119961129    .0
6613600119961130   4.4
6613600119961201    .0
6613600119961202    .0
6613600119961203    .0
6613600119961204  19.4
6613600119961205   8.0
6613600119961206  31.0
6613600119961207  31.6
6613600119961208  60.0
6613600119961209  28.8
6613600119961210    .2
6613600119961211    .0
6613600119961212    .0
6613600119961213    .0
6613600119961214    .0
6613600119961215    .0
6613600119961216    .0
6613600119961217    .0
6613600119961218    .0
6613600119961219   1.2
6613600119961220    .0
6613600119961221    .0
6613600119961222    .2
6613600119961223    .0
6613600119961224  13.8
6613600119961225    .0
6613600119961226    .0
6613600119961227    .0
6613600119961228    .0
6613600119961229    .0
6613600119961230    .0
6613600119961231   1.2
6613600119970101   2.4
6613600119970102   3.2
6613600119970103   7.6
6613600119970104    .0
6613600119970105   9.4
6613600119970106    .4
6613600119970107    .0
6613600119970108   1.0
6613600119970109   2.4
6613600119970110    .0
6613600119970111    .0
6613600119970112    .0
6613600119970113    .0
6613600119970114    .0
6613600119970115    .0
6613600119970116    .0
6613600119970117   4.8
6613600119970118    .0
6613600119970119   1.2
6613600119970120    .0
6613600119970121    .0
6613600119970122    .0
6613600119970123   1.4
6613600119970124  15.6
6613600119970125    .0
6613600119970126    .0
6613600119970127    .0
6613600119970128    .2
6613600119970129    .2
6613600119970130    .0
6613600119970131    .0
6613600119970201    .0
6613600119970202   1.0
6613600119970203    .2
6613600119970204    .0
6613600119970205    .0
6613600119970206    .0
6613600119970207    .0
6613600119970208    .0
6613600119970209    .0
6613600119970210    .2
6613600119970211    .0
6613600119970212    .0
6613600119970213    .0
6613600119970214   5.4
6613600119970215    .2
6613600119970216    .0
6613600119970217    .0
6613600119970218    .0
6613600119970219    .0
6613600119970220    .0
6613600119970221    .0
6613600119970222    .0
6613600119970223    .0
6613600119970224    .0
6613600119970225    .0
6613600119970226    .0
6613600119970227    .0
6613600119970228    .0
6613600119970301    .0
6613600119970302    .0
6613600119970303    .0
6613600119970304    .0
6613600119970305    .0
6613600119970306    .0
6613600119970307    .0
6613600119970308    .0
6613600119970309    .0
6613600119970310    .0
6613600119970311    .0
6613600119970312    .0
6613600119970313    .0
6613600119970314    .0
6613600119970315    .0
6613600119970316    .0
6613600119970317    .0
6613600119970318    .0
6613600119970319    .0
6613600119970320    .0
6613600119970321    .0
6613600119970322    .0
6613600119970323    .0
6613600119970324    .0
6613600119970325    .0
6613600119970326    .0
6613600119970327    .0
6613600119970328    .0
6613600119970329    .0
6613600119970330    .0
6613600119970331    .0
6613600119970401    .0
6613600119970402    .0
6613600119970403    .0
6613600119970404    .0
6613600119970405    .0
6613600119970406    .0
6613600119970407    .2
6613600119970408    .0
6613600119970409    .0
6613600119970410    .0
6613600119970411    .0
6613600119970412    .0
6613600119970413    .0
6613600119970414    .0
6613600119970415    .0
6613600119970416    .0
6613600119970417    .6
6613600119970418   7.2
6613600119970419   5.0
6613600119970420   3.6
6613600119970421    .0
6613600119970422    .0
6613600119970423    .0
6613600119970424    .0
6613600119970425    .0
6613600119970426   2.8
6613600119970427    .0
6613600119970428    .6
6613600119970429    .0
6613600119970430    .0
6613600119970501    .0
6613600119970502    .0
6613600119970503   1.0
6613600119970504   2.6
6613600119970505   2.0
6613600119970506    .0
6613600119970507   2.8
6613600119970508    .0
6613600119970509    .0
6613600119970510    .0
6613600119970511    .8
6613600119970512   1.8
6613600119970513    .0
6613600119970514    .0
6613600119970515    .0
6613600119970516    .0
6613600119970517    .0
6613600119970518    .0
6613600119970519    .0
6613600119970520    .0
6613600119970521    .0
6613600119970522    .0
6613600119970523    .0
6613600119970524    .0
6613600119970525    .0
6613600119970526    .0
6613600119970527    .0
6613600119970528    .0
6613600119970529    .0
6613600119970530    .0
6613600119970531   2.8
6613600119970601  13.2
6613600119970602    .0
6613600119970603    .0
6613600119970604  27.2
6613600119970605    .0
6613600119970606    .0
6613600119970607    .0
6613600119970608    .0
6613600119970609    .0
6613600119970610    .0
6613600119970611    .0
6613600119970612    .0
6613600119970613    .0
6613600119970614    .0
6613600119970615    .0
6613600119970616    .2
6613600119970617    .0
6613600119970618    .0
6613600119970619    .0
6613600119970620    .0
6613600119970621   2.4
6613600119970622   2.0
6613600119970623    .0
6613600119970624    .0
6613600119970625    .0
6613600119970626   6.8
6613600119970627    .0
6613600119970628  25.2
6613600119970629    .0
6613600119970630   2.0
6613600119970701    .0
6613600119970702   2.4
6613600119970703   6.2
6613600119970704  17.2
6613600119970705    .0
6613600119970706    .0
6613600119970707    .0
6613600119970708    .0
6613600119970709    .4
6613600119970710    .8
6613600119970711    .0
6613600119970712    .0
6613600119970713    .0
6613600119970714    .0
6613600119970715    .0
6613600119970716    .0
6613600119970717    .0
6613600119970718    .0
6613600119970719    .0
6613600119970720    .0
6613600119970721    .0
6613600119970722    .6
6613600119970723    .0
6613600119970724    .0
6613600119970725    .0
6613600119970726    .0
6613600119970727    .0
6613600119970728    .0
6613600119970729    .0
6613600119970730    .0
6613600119970731    .0
6613600119970801    .0
6613600119970802    .0
6613600119970803    .0
6613600119970804    .2
6613600119970805    .0
6613600119970806   4.4
6613600119970807    .0
6613600119970808    .0
6613600119970809    .0
6613600119970810  13.8
6613600119970811  12.4
6613600119970812    .2
6613600119970813    .0
6613600119970814    .0
6613600119970815    .0
6613600119970816  20.0
6613600119970817    .0
6613600119970818    .0
6613600119970819    .0
6613600119970820    .0
6613600119970821    .0
6613600119970822    .0
6613600119970823    .0
6613600119970824    .0
6613600119970825   3.6
6613600119970826    .0
6613600119970827    .8
6613600119970828    .0
6613600119970829    .0
6613600119970830    .0
6613600119970831    .0
6613600119970901  12.4
6613600119970902    .0
6613600119970903    .0
6613600119970904    .0
6613600119970905    .0
6613600119970906    .0
6613600119970907    .0
6613600119970908    .0
6613600119970909    .0
6613600119970910    .0
6613600119970911    .0
6613600119970912    .0
6613600119970913   2.4
6613600119970914    .0
6613600119970915    .0
6613600119970916    .0
6613600119970917    .0
6613600119970918    .0
6613600119970919    .0
6613600119970920    .0
6613600119970921    .0
6613600119970922    .0
6613600119970923    .0
6613600119970924    .0
6613600119970925    .0
6613600119970926    .0
6613600119970927    .0
6613600119970928    .2
6613600119970929   1.0
6613600119970930    .0
6613600119971001    .0
6613600119971002    .0
6613600119971003    .0
6613600119971004    .0
6613600119971005    .0
6613600119971006    .6
6613600119971007    .2
6613600119971008    .0
6613600119971009    .0
6613600119971010    .0
6613600119971011    .0
6613600119971012    .2
6613600119971013    .6
6613600119971014    .0
6613600119971015    .0
6613600119971016    .0
6613600119971017    .0
6613600119971018    .0
6613600119971019    .0
6613600119971020    .0
6613600119971021    .0
6613600119971022    .0
6613600119971023  18.2
6613600119971024    .0
6613600119971025    .0
6613600119971026    .0
6613600119971027    .0
6613600119971028   3.8
6613600119971029    .0
6613600119971030    .0
6613600119971031    .0
6613600119971101    .0
6613600119971102    .0
6613600119971103   2.0
6613600119971104    .0
6613600119971105    .0
6613600119971106    .8
6613600119971107    .0
6613600119971108    .0
6613600119971109    .0
6613600119971110    .0
6613600119971111    .0
6613600119971112    .0
6613600119971113    .0
6613600119971114    .0
6613600119971115    .2
6613600119971116    .0
6613600119971117    .0
6613600119971118   3.0
6613600119971119    .8
6613600119971120    .0
6613600119971121    .6
6613600119971122    .0
6613600119971123    .0
6613600119971124    .0
6613600119971125   5.4
6613600119971126  79.4
6613600119971127    .4
6613600119971128    .6
6613600119971129    .6
6613600119971130    .0
6613600119971201    .0
6613600119971202   2.8
6613600119971203    .2
6613600119971204    .0
6613600119971205    .0
6613600119971206    .0
6613600119971207    .0
6613600119971208    .0
6613600119971209    .0
6613600119971210    .0
6613600119971211    .0
6613600119971212    .2
6613600119971213    .0
6613600119971214    .0
6613600119971215   5.6
6613600119971216  44.0
6613600119971217   1.0
6613600119971218   9.0
6613600119971219    .2
6613600119971220    .0
6613600119971221    .0
6613600119971222    .4
6613600119971223    .0
6613600119971224    .0
6613600119971225    .0
6613600119971226    .0
6613600119971227    .0
6613600119971228    .0
6613600119971229    .0
6613600119971230    .0
6613600119971231  12.4
6613600119980101    .0
6613600119980102   1.4
6613600119980103    .0
6613600119980104    .0
6613600119980105    .0
6613600119980106    .0
6613600119980107    .2
6613600119980108    .0
6613600119980109    .0
6613600119980110    .2
6613600119980111    .0
6613600119980112    .0
6613600119980113    .0
6613600119980114    .0
6613600119980115    .0
6613600119980116   7.2
6613600119980117    .0
6613600119980118    .0
6613600119980119    .2
6613600119980120    .0
6613600119980121    .0
6613600119980122    .0
6613600119980123    .0
6613600119980124    .0
6613600119980125    .0
6613600119980126    .0
6613600119980127    .8
6613600119980128   6.2
6613600119980129    .4
6613600119980130    .2
6613600119980131  19.2
6613600119980201    .0
6613600119980202   4.2
6613600119980203  33.8
6613600119980204    .0
6613600119980205    .0
6613600119980206    .2
6613600119980207    .0
6613600119980208    .2
6613600119980209    .0
6613600119980210    .4
6613600119980211    .4
6613600119980212    .0
6613600119980213    .2
6613600119980214    .4
6613600119980215    .2
6613600119980216    .0
6613600119980217    .0
6613600119980218    .2
6613600119980219    .2
6613600119980220    .2
6613600119980221    .0
6613600119980222    .4
6613600119980223   1.0
6613600119980224    .0
6613600119980225    .0
6613600119980226    .2
6613600119980227    .0
6613600119980228    .0
6613600119980301    .0
6613600119980302    .0
6613600119980303    .2
6613600119980304    .0
6613600119980305    .0
6613600119980306    .0
6613600119980307    .0
6613600119980308   1.6
6613600119980309    .2
6613600119980310    .6
6613600119980311   6.8
6613600119980312    .0
6613600119980313    .0
6613600119980314    .0
6613600119980315    .0
6613600119980316    .0
6613600119980317    .0
6613600119980318    .0
6613600119980319    .0
6613600119980320    .0
6613600119980321    .0
6613600119980322    .0
6613600119980323    .0
6613600119980324    .0
6613600119980325    .0
6613600119980326    .0
6613600119980327    .0
6613600119980328    .4
6613600119980329    .0
6613600119980330    .0
6613600119980331    .2
6613600119980401    .0
6613600119980402    .0
6613600119980403    .0
6613600119980404    .0
6613600119980405   8.4
6613600119980406    .0
6613600119980407    .0
6613600119980408   4.6
6613600119980409    .0
6613600119980410    .4
6613600119980411    .4
6613600119980412    .0
6613600119980413    .0
6613600119980414    .0
6613600119980415    .6
6613600119980416    .0
6613600119980417    .0
6613600119980418    .0
6613600119980419    .0
6613600119980420    .2
6613600119980421    .2
6613600119980422    .0
6613600119980423    .0
6613600119980424    .0
6613600119980425    .0
6613600119980426  20.4
6613600119980427    .2
6613600119980428    .0
6613600119980429   8.0
6613600119980430   2.4
6613600119980501    .2
6613600119980502   2.4
6613600119980503    .0
6613600119980504    .0
6613600119980505    .0
6613600119980506    .0
6613600119980507    .0
6613600119980508    .0
6613600119980509    .2
6613600119980510    .0
6613600119980511    .0
6613600119980512    .0
6613600119980513    .0
6613600119980514    .0
6613600119980515    .0
6613600119980516    .0
6613600119980517    .0
6613600119980518    .0
6613600119980519    .0
6613600119980520    .0
6613600119980521   1.4
6613600119980522    .0
6613600119980523    .0
6613600119980524    .0
6613600119980525    .0
6613600119980526    .0
6613600119980527    .6
6613600119980528   1.6
6613600119980529    .0
6613600119980530   1.0
6613600119980531    .2
6613600119980601    .0
6613600119980602    .0
6613600119980603    .2
6613600119980604    .0
6613600119980605    .6
6613600119980606  17.0
6613600119980607    .0
6613600119980608    .0
6613600119980609    .0
6613600119980610    .0
6613600119980611    .2
6613600119980612    .0
6613600119980613    .0
6613600119980614    .0
6613600119980615    .0
6613600119980616    .0
6613600119980617    .0
6613600119980618    .0
6613600119980619    .0
6613600119980620    .0
6613600119980621    .0
6613600119980622    .0
6613600119980623    .0
6613600119980624    .0
6613600119980625    .0
6613600119980626    .0
6613600119980627    .0
6613600119980628    .0
6613600119980629    .0
6613600119980630    .0
6613600119980701    .0
6613600119980702    .0
6613600119980703    .0
6613600119980704    .0
6613600119980705    .0
6613600119980706    .0
6613600119980707   3.8
6613600119980708    .0
6613600119980709    .0
6613600119980710    .0
6613600119980711    .0
6613600119980712    .0
6613600119980713    .2
6613600119980714    .0
6613600119980715    .0
6613600119980716    .0
6613600119980717    .0
6613600119980718    .0
6613600119980719    .0
6613600119980720    .0
6613600119980721    .0
6613600119980722    .0
6613600119980723    .0
6613600119980724    .0
6613600119980725    .0
6613600119980726    .0
6613600119980727    .0
6613600119980728    .0
6613600119980729    .0
6613600119980730    .0
6613600119980731    .0
6613600119980801   2.6
6613600119980802  11.0
6613600119980803  10.2
6613600119980804    .0
6613600119980805    .0
6613600119980806    .0
6613600119980807    .0
6613600119980808    .0
6613600119980809    .0
6613600119980810    .2
6613600119980811    .2
6613600119980812    .2
6613600119980813    .0
6613600119980814    .0
6613600119980815    .0
6613600119980816    .2
6613600119980817   5.0
6613600119980818   1.2
6613600119980819    .0
6613600119980820    .0
6613600119980821    .0
6613600119980822    .0
6613600119980823    .0
6613600119980824    .0
6613600119980825    .0
6613600119980826    .0
6613600119980827    .0
6613600119980828    .0
6613600119980829    .0
6613600119980830    .0
6613600119980831    .0
6613600119980901    .0
6613600119980902    .0
6613600119980903    .0
6613600119980904    .0
6613600119980905    .0
6613600119980906    .0
6613600119980907   1.0
6613600119980908    .0
6613600119980909    .0
6613600119980910   8.0
6613600119980911   3.0
6613600119980912    .4
6613600119980913    .8
6613600119980914    .6
6613600119980915    .0
6613600119980916    .0
6613600119980917    .0
6613600119980918    .0
6613600119980919    .0
6613600119980920    .0
6613600119980921    .6
6613600119980922    .0
6613600119980923   3.0
6613600119980924    .0
6613600119980925   4.0
6613600119980926    .8
6613600119980927    .0
6613600119980928    .0
6613600119980929   1.0
6613600119980930   1.7
6613600119981001   1.4
6613600119981002    .0
6613600119981003    .0
6613600119981004    .6
6613600119981005  16.0
6613600119981006   2.4
6613600119981007    .4
6613600119981008    .0
6613600119981009    .0
6613600119981010    .2
6613600119981011    .0
6613600119981012    .0
6613600119981013    .0
6613600119981014    .0
6613600119981015    .0
6613600119981016    .0
6613600119981017    .0
6613600119981018  11.0
6613600119981019    .0
6613600119981020    .0
6613600119981021    .0
6613600119981022    .2
6613600119981023    .0
6613600119981024    .0
6613600119981025    .0
6613600119981026    .0
6613600119981027    .0
6613600119981028    .0
6613600119981029    .0
6613600119981030    .0
6613600119981031    .0
6613600119981101    .0
6613600119981102    .0
6613600119981103    .0
6613600119981104    .8
6613600119981105    .0
6613600119981106    .0
6613600119981107    .0
6613600119981108    .2
6613600119981109    .0
6613600119981110    .0
6613600119981111    .6
6613600119981112    .4
6613600119981113   1.0
6613600119981114    .8
6613600119981115    .0
6613600119981116    .0
6613600119981117    .0
6613600119981118    .0
6613600119981119    .0
6613600119981120    .0
6613600119981121    .0
6613600119981122    .0
6613600119981123    .0
6613600119981124    .0
6613600119981125   1.4
6613600119981126    .0
6613600119981127    .2
6613600119981128   1.6
6613600119981129    .0
6613600119981130    .0
6613600119981201    .0
6613600119981202  36.8
6613600119981203  32.6
6613600119981204    .0
6613600119981205    .0
6613600119981206    .0
6613600119981207    .0
6613600119981208    .2
6613600119981209   5.4
6613600119981210   4.0
6613600119981211    .0
6613600119981212    .0
6613600119981213    .0
6613600119981214    .0
6613600119981215    .0
6613600119981216    .2
6613600119981217    .0
6613600119981218    .2
6613600119981219    .0
6613600119981220   4.4
6613600119981221    .0
6613600119981222    .0
6613600119981223    .0
6613600119981224    .0
6613600119981225    .0
6613600119981226    .0
6613600119981227    .0
6613600119981228    .2
6613600119981229    .0
6613600119981230  25.0
6613600119981231    .4
