6712400119940101   1.0
6712400119940102   5.6
6712400119940103   2.2
6712400119940104   2.0
6712400119940105    .8
6712400119940106   4.0
6712400119940107   1.2
6712400119940108    .0
6712400119940109    .0
6712400119940110    .0
6712400119940111    .6
6712400119940112    .0
6712400119940113   2.6
6712400119940114   2.0
6712400119940115    .0
6712400119940116   2.2
6712400119940117    .2
6712400119940118    .0
6712400119940119    .0
6712400119940120    .6
6712400119940121    .0
6712400119940122    .2
6712400119940123   1.4
6712400119940124   1.6
6712400119940125   4.4
6712400119940126   1.2
6712400119940127   3.8
6712400119940128   1.0
6712400119940129    .0
6712400119940130    .2
6712400119940131    .0
6712400119940201    .0
6712400119940202  10.8
6712400119940203   1.2
6712400119940204    .0
6712400119940205   4.8
6712400119940206  12.6
6712400119940207   3.0
6712400119940208   1.0
6712400119940209   1.4
6712400119940210    .4
6712400119940211    .0
6712400119940212    .0
6712400119940213    .0
6712400119940214    .0
6712400119940215    .0
6712400119940216    .0
6712400119940217    .0
6712400119940218    .0
6712400119940219    .0
6712400119940220   9.6
6712400119940221    .0
6712400119940222   2.4
6712400119940223    .8
6712400119940224   3.4
6712400119940225    .8
6712400119940226    .0
6712400119940227   7.2
6712400119940228    .6
6712400119940301   3.8
6712400119940302    .6
6712400119940303   1.2
6712400119940304    .0
6712400119940305    .6
6712400119940306    .0
6712400119940307    .2
6712400119940308    .0
6712400119940309    .6
6712400119940310    .8
6712400119940311    .0
6712400119940312    .6
6712400119940313    .2
6712400119940314    .0
6712400119940315    .6
6712400119940316    .6
6712400119940317   2.8
6712400119940318    .8
6712400119940319   3.6
6712400119940320   2.4
6712400119940321   1.8
6712400119940322    .0
6712400119940323    .0
6712400119940324    .0
6712400119940325   2.4
6712400119940326    .2
6712400119940327    .0
6712400119940328    .2
6712400119940329    .0
6712400119940330    .0
6712400119940331   1.8
6712400119940401   2.4
6712400119940402    .6
6712400119940403    .2
6712400119940404   5.0
6712400119940405   2.4
6712400119940406   1.2
6712400119940407   4.8
6712400119940408   2.8
6712400119940409   3.0
6712400119940410   1.0
6712400119940411  10.7
6712400119940412   1.8
6712400119940413   5.6
6712400119940414    .0
6712400119940415    .0
6712400119940416   1.4
6712400119940417   2.4
6712400119940418    .0
6712400119940419    .0
6712400119940420    .0
6712400119940421    .0
6712400119940422    .0
6712400119940423    .4
6712400119940424   1.4
6712400119940425    .0
6712400119940426    .0
6712400119940427    .2
6712400119940428    .0
6712400119940429    .0
6712400119940430    .0
6712400119940501    .0
6712400119940502    .0
6712400119940503    .0
6712400119940504  13.4
6712400119940505    .4
6712400119940506    .0
6712400119940507    .0
6712400119940508  24.4
6712400119940509   2.6
6712400119940510    .0
6712400119940511    .0
6712400119940512    .2
6712400119940513    .0
6712400119940514    .4
6712400119940515    .2
6712400119940516   2.8
6712400119940517    .2
6712400119940518  42.2
6712400119940519   2.0
6712400119940520   4.0
6712400119940521   1.6
6712400119940522   5.6
6712400119940523    .4
6712400119940524  13.0
6712400119940525    .0
6712400119940526   6.0
6712400119940527   1.0
6712400119940528   2.6
6712400119940529    .0
6712400119940530    .0
6712400119940531    .0
6712400119940601    .0
6712400119940602   3.0
6712400119940603   1.0
6712400119940604   6.2
6712400119940605    .6
6712400119940606    .2
6712400119940607    .0
6712400119940608  10.8
6712400119940609    .4
6712400119940610   5.2
6712400119940611    .0
6712400119940612    .0
6712400119940613    .0
6712400119940614    .0
6712400119940615    .0
6712400119940616    .0
6712400119940617    .0
6712400119940618    .0
6712400119940619   6.4
6712400119940620    .0
6712400119940621    .0
6712400119940622    .0
6712400119940623    .0
6712400119940624    .0
6712400119940625   4.2
6712400119940626    .0
6712400119940627  17.8
6712400119940628    .0
6712400119940629  22.4
6712400119940630    .0
6712400119940701    .0
6712400119940702    .0
6712400119940703    .0
6712400119940704    .0
6712400119940705   1.8
6712400119940706    .0
6712400119940707    .0
6712400119940708   2.0
6712400119940709    .0
6712400119940710    .0
6712400119940711    .0
6712400119940712    .0
6712400119940713    .0
6712400119940714   3.4
6712400119940715    .0
6712400119940716    .0
6712400119940717    .6
6712400119940718   2.2
6712400119940719  31.8
6712400119940720    .0
6712400119940721    .0
6712400119940722    .0
6712400119940723    .0
6712400119940724    .0
6712400119940725    .2
6712400119940726    .0
6712400119940727    .0
6712400119940728  15.0
6712400119940729    .0
6712400119940730    .8
6712400119940731   1.0
6712400119940801    .6
6712400119940802    .0
6712400119940803    .0
6712400119940804    .0
6712400119940805    .0
6712400119940806   5.8
6712400119940807    .4
6712400119940808    .2
6712400119940809    .4
6712400119940810  11.8
6712400119940811   4.2
6712400119940812    .0
6712400119940813   1.6
6712400119940814    .0
6712400119940815    .0
6712400119940816    .0
6712400119940817  10.8
6712400119940818    .0
6712400119940819  11.6
6712400119940820    .0
6712400119940821    .0
6712400119940822    .0
6712400119940823  11.8
6712400119940824    .0
6712400119940825   4.6
6712400119940826    .6
6712400119940827    .0
6712400119940828    .0
6712400119940829    .0
6712400119940830    .0
6712400119940831   3.4
6712400119940901    .0
6712400119940902    .0
6712400119940903    .0
6712400119940904    .0
6712400119940905   2.6
6712400119940906   4.8
6712400119940907  17.4
6712400119940908   4.2
6712400119940909   1.4
6712400119940910   1.0
6712400119940911   9.8
6712400119940912   6.0
6712400119940913    .4
6712400119940914   5.8
6712400119940915   2.4
6712400119940916    .2
6712400119940917   1.8
6712400119940918   5.4
6712400119940919    .0
6712400119940920   1.2
6712400119940921    .0
6712400119940922    .0
6712400119940923    .0
6712400119940924   4.0
6712400119940925    .2
6712400119940926   4.0
6712400119940927   1.8
6712400119940928    .0
6712400119940929    .0
6712400119940930    .0
6712400119941001   1.8
6712400119941002   4.6
6712400119941003  11.8
6712400119941004    .0
6712400119941005    .0
6712400119941006    .0
6712400119941007    .0
6712400119941008    .0
6712400119941009    .0
6712400119941010    .0
6712400119941011    .0
6712400119941012    .0
6712400119941013    .0
6712400119941014    .0
6712400119941015    .0
6712400119941016    .0
6712400119941017    .0
6712400119941018    .0
6712400119941019    .0
6712400119941020    .0
6712400119941021    .0
6712400119941022   3.6
6712400119941023    .6
6712400119941024   2.0
6712400119941025   4.6
6712400119941026   5.0
6712400119941027    .4
6712400119941028   4.4
6712400119941029    .2
6712400119941030    .0
6712400119941031    .6
6712400119941101    .0
6712400119941102    .0
6712400119941103    .0
6712400119941104    .0
6712400119941105    .0
6712400119941106    .0
6712400119941107    .4
6712400119941108    .0
6712400119941109   7.4
6712400119941110    .6
6712400119941111    .0
6712400119941112    .0
6712400119941113    .2
6712400119941114    .0
6712400119941115   2.6
6712400119941116    .0
6712400119941117   1.0
6712400119941118    .4
6712400119941119   2.0
6712400119941120    .0
6712400119941121    .0
6712400119941122    .0
6712400119941123    .0
6712400119941124    .0
6712400119941125    .0
6712400119941126   5.2
6712400119941127   3.0
6712400119941128    .0
6712400119941129    .0
6712400119941130    .0
6712400119941201    .0
6712400119941202    .0
6712400119941203    .4
6712400119941204   6.8
6712400119941205   3.4
6712400119941206    .0
6712400119941207    .0
6712400119941208    .4
6712400119941209  14.0
6712400119941210    .0
6712400119941211    .0
6712400119941212    .0
6712400119941213    .2
6712400119941214   6.0
6712400119941215    .0
6712400119941216    .6
6712400119941217    .0
6712400119941218    .0
6712400119941219    .8
6712400119941220   2.2
6712400119941221    .0
6712400119941222    .0
6712400119941223    .0
6712400119941224    .0
6712400119941225    .0
6712400119941226   1.0
6712400119941227   1.0
6712400119941228    .2
6712400119941229   2.6
6712400119941230    .4
6712400119941231   3.0
6712400119950101    .2
6712400119950102    .6
6712400119950103    .2
6712400119950104    .0
6712400119950105    .0
6712400119950106    .0
6712400119950107   1.2
6712400119950108   3.6
6712400119950109   1.4
6712400119950110   7.4
6712400119950111    .0
6712400119950112    .2
6712400119950113    .0
6712400119950114    .2
6712400119950115    .0
6712400119950116    .0
6712400119950117    .0
6712400119950118   8.6
6712400119950119    .0
6712400119950120    .0
6712400119950121   1.8
6712400119950122    .4
6712400119950123   5.2
6712400119950124   4.2
6712400119950125   2.6
6712400119950126   5.0
6712400119950127   1.2
6712400119950128   4.8
6712400119950129   1.8
6712400119950130   5.2
6712400119950131    .0
6712400119950201    .0
6712400119950202   1.2
6712400119950203    .0
6712400119950204   1.4
6712400119950205    .0
6712400119950206    .0
6712400119950207    .0
6712400119950208   3.0
6712400119950209   1.4
6712400119950210    .0
6712400119950211    .6
6712400119950212    .0
6712400119950213   8.0
6712400119950214    .0
6712400119950215   1.6
6712400119950216   5.8
6712400119950217   1.4
6712400119950218   1.4
6712400119950219    .0
6712400119950220    .0
6712400119950221   1.0
6712400119950222    .0
6712400119950223   1.0
6712400119950224   9.0
6712400119950225   7.0
6712400119950226    .0
6712400119950227    .0
6712400119950228    .0
6712400119950301    .0
6712400119950302    .4
6712400119950303   1.2
6712400119950304    .0
6712400119950305   2.6
6712400119950306   3.2
6712400119950307    .0
6712400119950308   1.0
6712400119950309    .0
6712400119950310    .0
6712400119950311    .0
6712400119950312    .0
6712400119950313    .0
6712400119950314    .0
6712400119950315   2.0
6712400119950316    .0
6712400119950317  15.0
6712400119950318   5.4
6712400119950319  15.2
6712400119950320    .2
6712400119950321   1.6
6712400119950322    .0
6712400119950323    .0
6712400119950324    .0
6712400119950325   4.4
6712400119950326   1.2
6712400119950327   6.2
6712400119950328    .4
6712400119950329   1.0
6712400119950330    .0
6712400119950331   6.6
6712400119950401    .2
6712400119950402    .0
6712400119950403    .0
6712400119950404    .0
6712400119950405    .0
6712400119950406    .0
6712400119950407    .0
6712400119950408    .0
6712400119950409    .0
6712400119950410    .8
6712400119950411    .0
6712400119950412    .0
6712400119950413    .0
6712400119950414    .0
6712400119950415   6.4
6712400119950416    .0
6712400119950417   2.0
6712400119950418   1.0
6712400119950419   8.2
6712400119950420    .0
6712400119950421    .0
6712400119950422    .0
6712400119950423    .0
6712400119950424    .2
6712400119950425    .8
6712400119950426  17.4
6712400119950427   1.0
6712400119950428    .0
6712400119950429   7.6
6712400119950430   5.6
6712400119950501    .0
6712400119950502    .0
6712400119950503    .0
6712400119950504    .0
6712400119950505    .0
6712400119950506    .0
6712400119950507    .0
6712400119950508   4.4
6712400119950509    .0
6712400119950510    .0
6712400119950511    .0
6712400119950512    .0
6712400119950513  25.8
6712400119950514    .0
6712400119950515   1.6
6712400119950516  18.2
6712400119950517   1.0
6712400119950518   6.6
6712400119950519    .0
6712400119950520    .2
6712400119950521    .0
6712400119950522    .0
6712400119950523    .0
6712400119950524    .0
6712400119950525   7.2
6712400119950526   9.4
6712400119950527  13.4
6712400119950528    .0
6712400119950529  19.2
6712400119950530   9.8
6712400119950531   8.8
6712400119950601   6.0
6712400119950602    .4
6712400119950603   3.4
6712400119950604   5.0
6712400119950605   3.0
6712400119950606   7.2
6712400119950607   3.2
6712400119950608   1.2
6712400119950609    .0
6712400119950610    .0
6712400119950611    .0
6712400119950612   6.4
6712400119950613  12.0
6712400119950614   2.2
6712400119950615    .2
6712400119950616   2.4
6712400119950617   1.2
6712400119950618    .8
6712400119950619    .0
6712400119950620  17.4
6712400119950621   1.0
6712400119950622    .0
6712400119950623    .0
6712400119950624    .4
6712400119950625    .0
6712400119950626    .0
6712400119950627    .0
6712400119950628    .0
6712400119950629    .0
6712400119950630    .0
6712400119950701   1.2
6712400119950702   8.0
6712400119950703  15.2
6712400119950704    .0
6712400119950705    .0
6712400119950706    .0
6712400119950707    .0
6712400119950708    .0
6712400119950709    .0
6712400119950710    .0
6712400119950711    .0
6712400119950712   1.0
6712400119950713    .0
6712400119950714  26.8
6712400119950715  15.2
6712400119950716   6.2
6712400119950717    .0
6712400119950718    .0
6712400119950719    .0
6712400119950720    .0
6712400119950721    .0
6712400119950722  33.2
6712400119950723    .0
6712400119950724    .0
6712400119950725    .0
6712400119950726   5.0
6712400119950727  18.2
6712400119950728   1.4
6712400119950729    .0
6712400119950730    .0
6712400119950731    .0
6712400119950801    .0
6712400119950802    .0
6712400119950803    .0
6712400119950804    .0
6712400119950805    .0
6712400119950806   1.0
6712400119950807   7.6
6712400119950808    .0
6712400119950809    .0
6712400119950810    .0
6712400119950811    .0
6712400119950812    .0
6712400119950813   1.4
6712400119950814   6.8
6712400119950815    .0
6712400119950816    .0
6712400119950817    .0
6712400119950818    .0
6712400119950819    .0
6712400119950820    .0
6712400119950821    .0
6712400119950822    .0
6712400119950823   2.6
6712400119950824   7.4
6712400119950825   4.6
6712400119950826    .4
6712400119950827  15.4
6712400119950828   7.6
6712400119950829    .8
6712400119950830   1.4
6712400119950831    .0
6712400119950901    .0
6712400119950902    .0
6712400119950903   7.6
6712400119950904    .4
6712400119950905   1.0
6712400119950906    .8
6712400119950907   5.0
6712400119950908    .4
6712400119950909    .8
6712400119950910    .8
6712400119950911    .8
6712400119950912   9.6
6712400119950913  18.2
6712400119950914    .0
6712400119950915    .4
6712400119950916   3.6
6712400119950917    .0
6712400119950918    .0
6712400119950919  28.0
6712400119950920   6.4
6712400119950921    .2
6712400119950922    .0
6712400119950923    .0
6712400119950924   9.0
6712400119950925    .0
6712400119950926    .0
6712400119950927   1.8
6712400119950928    .0
6712400119950929    .0
6712400119950930    .0
6712400119951001   1.8
6712400119951002   5.4
6712400119951003  11.4
6712400119951004    .0
6712400119951005   3.6
6712400119951006    .0
6712400119951007    .0
6712400119951008    .0
6712400119951009    .0
6712400119951010    .0
6712400119951011    .0
6712400119951012    .0
6712400119951013    .2
6712400119951014    .0
6712400119951015    .0
6712400119951016    .0
6712400119951017    .0
6712400119951018    .0
6712400119951019    .0
6712400119951020    .2
6712400119951021    .0
6712400119951022    .0
6712400119951023    .0
6712400119951024    .0
6712400119951025    .2
6712400119951026    .0
6712400119951027   2.4
6712400119951028  16.2
6712400119951029   1.8
6712400119951030    .2
6712400119951031    .0
6712400119951101   8.2
6712400119951102    .4
6712400119951103    .6
6712400119951104    .0
6712400119951105    .0
6712400119951106    .0
6712400119951107    .0
6712400119951108    .0
6712400119951109    .0
6712400119951110    .0
6712400119951111    .0
6712400119951112    .0
6712400119951113    .2
6712400119951114    .0
6712400119951115   3.8
6712400119951116    .6
6712400119951117   3.0
6712400119951118    .0
6712400119951119    .6
6712400119951120    .6
6712400119951121    .0
6712400119951122    .0
6712400119951123    .0
6712400119951124    .0
6712400119951125    .0
6712400119951126    .0
6712400119951127   6.4
6712400119951128    .0
6712400119951129    .0
6712400119951130    .0
6712400119951201    .0
6712400119951202    .6
6712400119951203    .4
6712400119951204    .0
6712400119951205    .0
6712400119951206    .0
6712400119951207    .0
6712400119951208    .4
6712400119951209    .0
6712400119951210    .0
6712400119951211    .0
6712400119951212    .0
6712400119951213    .0
6712400119951214    .0
6712400119951215    .0
6712400119951216    .0
6712400119951217   3.6
6712400119951218    .0
6712400119951219    .0
6712400119951220   2.4
6712400119951221   2.4
6712400119951222   3.0
6712400119951223   2.2
6712400119951224   7.6
6712400119951225   2.2
6712400119951226    .0
6712400119951227    .2
6712400119951228    .0
6712400119951229    .4
6712400119951230   6.2
6712400119951231    .2
6712400119960101    .0
6712400119960102    .0
6712400119960103    .0
6712400119960104    .0
6712400119960105    .0
6712400119960106   1.8
6712400119960107    .2
6712400119960108    .0
6712400119960109   1.0
6712400119960110    .0
6712400119960111    .6
6712400119960112    .0
6712400119960113    .0
6712400119960114    .0
6712400119960115    .0
6712400119960116    .0
6712400119960117    .0
6712400119960118    .0
6712400119960119    .0
6712400119960120    .0
6712400119960121    .0
6712400119960122    .0
6712400119960123   1.0
6712400119960124    .0
6712400119960125    .0
6712400119960126   3.2
6712400119960127    .4
6712400119960128    .0
6712400119960129    .0
6712400119960130    .0
6712400119960131    .0
6712400119960201    .0
6712400119960202   1.2
6712400119960203    .2
6712400119960204    .0
6712400119960205    .0
6712400119960206    .0
6712400119960207    .0
6712400119960208   1.6
6712400119960209    .0
6712400119960210   1.0
6712400119960211   1.2
6712400119960212  11.6
6712400119960213   1.4
6712400119960214    .2
6712400119960215    .6
6712400119960216   2.2
6712400119960217   1.8
6712400119960218   1.8
6712400119960219   3.4
6712400119960220    .0
6712400119960221    .0
6712400119960222    .0
6712400119960223    .0
6712400119960224    .0
6712400119960225    .0
6712400119960226    .0
6712400119960227    .0
6712400119960228    .0
6712400119960229    .0
6712400119960301    .8
6712400119960302    .0
6712400119960303    .0
6712400119960304    .0
6712400119960305    .0
6712400119960306    .0
6712400119960307    .0
6712400119960308    .0
6712400119960309    .0
6712400119960310    .0
6712400119960311    .0
6712400119960312    .0
6712400119960313    .0
6712400119960314    .0
6712400119960315    .0
6712400119960316    .0
6712400119960317    .0
6712400119960318    .0
6712400119960319    .0
6712400119960320   1.8
6712400119960321   2.0
6712400119960322   6.8
6712400119960323    .0
6712400119960324    .0
6712400119960325   1.8
6712400119960326   2.4
6712400119960327    .0
6712400119960328    .0
6712400119960329    .2
6712400119960330    .2
6712400119960331    .0
6712400119960401    .0
6712400119960402    .0
6712400119960403    .0
6712400119960404    .6
6712400119960405    .0
6712400119960406    .0
6712400119960407    .0
6712400119960408    .0
6712400119960409    .0
6712400119960410   2.8
6712400119960411   5.2
6712400119960412   3.2
6712400119960413    .2
6712400119960414    .0
6712400119960415    .0
6712400119960416    .0
6712400119960417    .0
6712400119960418    .0
6712400119960419    .0
6712400119960420    .0
6712400119960421    .0
6712400119960422    .0
6712400119960423   6.2
6712400119960424   4.2
6712400119960425    .0
6712400119960426    .0
6712400119960427   1.2
6712400119960428   1.8
6712400119960429    .0
6712400119960430    .0
6712400119960501   4.8
6712400119960502   9.8
6712400119960503   2.8
6712400119960504    .0
6712400119960505    .0
6712400119960506    .0
6712400119960507  12.2
6712400119960508    .0
6712400119960509    .0
6712400119960510    .0
6712400119960511    .0
6712400119960512    .8
6712400119960513   2.2
6712400119960514    .8
6712400119960515   4.2
6712400119960516   2.2
6712400119960517  18.2
6712400119960518  14.6
6712400119960519   6.8
6712400119960520    .0
6712400119960521   2.8
6712400119960522    .0
6712400119960523    .0
6712400119960524   7.0
6712400119960525  11.2
6712400119960526   4.2
6712400119960527   5.0
6712400119960528    .0
6712400119960529    .0
6712400119960530    .0
6712400119960531    .2
6712400119960601  15.6
6712400119960602    .4
6712400119960603    .0
6712400119960604    .0
6712400119960605    .0
6712400119960606    .0
6712400119960607    .2
6712400119960608  34.8
6712400119960609    .0
6712400119960610    .0
6712400119960611    .0
6712400119960612    .4
6712400119960613    .0
6712400119960614    .0
6712400119960615    .0
6712400119960616    .0
6712400119960617    .0
6712400119960618    .0
6712400119960619    .6
6712400119960620   8.6
6712400119960621  22.0
6712400119960622   6.0
6712400119960623   3.2
6712400119960624    .0
6712400119960625    .0
6712400119960626    .0
6712400119960627    .0
6712400119960628    .0
6712400119960629    .6
6712400119960630   4.6
6712400119960701   1.4
6712400119960702    .0
6712400119960703    .2
6712400119960704    .4
6712400119960705  17.2
6712400119960706   1.2
6712400119960707  27.6
6712400119960708   3.2
6712400119960709   1.6
6712400119960710   2.6
6712400119960711    .0
6712400119960712    .0
6712400119960713    .0
6712400119960714    .0
6712400119960715    .0
6712400119960716    .0
6712400119960717    .0
6712400119960718    .0
6712400119960719    .0
6712400119960720    .0
6712400119960721    .0
6712400119960722    .0
6712400119960723    .2
6712400119960724    .0
6712400119960725    .0
6712400119960726    .0
6712400119960727    .0
6712400119960728  30.0
6712400119960729    .6
6712400119960730    .0
6712400119960731    .0
6712400119960801    .0
6712400119960802    .0
6712400119960803    .0
6712400119960804    .0
6712400119960805    .6
6712400119960806   7.6
6712400119960807    .0
6712400119960808    .0
6712400119960809    .0
6712400119960810  11.0
6712400119960811   1.4
6712400119960812    .2
6712400119960813   8.0
6712400119960814    .0
6712400119960815    .6
6712400119960816    .2
6712400119960817    .0
6712400119960818    .0
6712400119960819    .0
6712400119960820   1.2
6712400119960821    .2
6712400119960822   1.6
6712400119960823    .4
6712400119960824    .0
6712400119960825    .0
6712400119960826   2.6
6712400119960827    .8
6712400119960828    .0
6712400119960829    .6
6712400119960830    .0
6712400119960831   3.4
6712400119960901    .0
6712400119960902    .0
6712400119960903    .2
6712400119960904    .0
6712400119960905    .0
6712400119960906    .0
6712400119960907    .0
6712400119960908    .0
6712400119960909    .0
6712400119960910    .0
6712400119960911    .0
6712400119960912   2.6
6712400119960913    .0
6712400119960914   1.0
6712400119960915    .0
6712400119960916    .0
6712400119960917    .0
6712400119960918    .0
6712400119960919    .0
6712400119960920   5.0
6712400119960921    .0
6712400119960922   8.8
6712400119960923   1.4
6712400119960924   1.8
6712400119960925    .0
6712400119960926    .0
6712400119960927    .2
6712400119960928    .0
6712400119960929    .0
6712400119960930    .0
6712400119961001   5.0
6712400119961002    .0
6712400119961003    .0
6712400119961004   5.0
6712400119961005   3.2
6712400119961006    .0
6712400119961007    .0
6712400119961008    .0
6712400119961009    .0
6712400119961010    .0
6712400119961011    .0
6712400119961012    .0
6712400119961013    .0
6712400119961014    .0
6712400119961015  16.0
6712400119961016  13.4
6712400119961017    .0
6712400119961018   1.0
6712400119961019   2.6
6712400119961020   8.0
6712400119961021   1.2
6712400119961022    .0
6712400119961023    .0
6712400119961024    .2
6712400119961025    .0
6712400119961026    .2
6712400119961027    .0
6712400119961028    .0
6712400119961029    .6
6712400119961030    .0
6712400119961031    .2
6712400119961101    .0
6712400119961102    .0
6712400119961103    .2
6712400119961104    .0
6712400119961105    .2
6712400119961106   4.2
6712400119961107   4.6
6712400119961108    .0
6712400119961109    .0
6712400119961110   6.2
6712400119961111   9.2
6712400119961112  37.2
6712400119961113   4.6
6712400119961114    .0
6712400119961115    .0
6712400119961116    .0
6712400119961117    .0
6712400119961118  15.6
6712400119961119   2.2
6712400119961120   3.6
6712400119961121   1.6
6712400119961122    .0
6712400119961123    .8
6712400119961124    .0
6712400119961125   3.0
6712400119961126    .8
6712400119961127    .0
6712400119961128    .2
6712400119961129   6.2
6712400119961130   5.0
6712400119961201    .8
6712400119961202   3.8
6712400119961203    .0
6712400119961204    .2
6712400119961205    .0
6712400119961206    .0
6712400119961207    .0
6712400119961208    .0
6712400119961209    .0
6712400119961210    .0
6712400119961211    .0
6712400119961212    .6
6712400119961213   1.8
6712400119961214    .0
6712400119961215    .0
6712400119961216    .0
6712400119961217   3.4
6712400119961218    .0
6712400119961219   3.0
6712400119961220  13.4
6712400119961221   3.8
6712400119961222  10.0
6712400119961223  11.2
6712400119961224    .4
6712400119961225    .0
6712400119961226    .0
6712400119961227    .0
6712400119961228    .0
6712400119961229    .2
6712400119961230   1.6
6712400119961231    .0
6712400119970101    .0
6712400119970102    .6
6712400119970103    .0
6712400119970104   4.2
6712400119970105    .0
6712400119970106    .0
6712400119970107    .0
6712400119970108    .0
6712400119970109    .0
6712400119970110    .0
6712400119970111    .0
6712400119970112    .0
6712400119970113    .0
6712400119970114    .0
6712400119970115    .0
6712400119970116    .0
6712400119970117    .0
6712400119970118   1.8
6712400119970119   7.0
6712400119970120    .0
6712400119970121    .0
6712400119970122   5.8
6712400119970123   1.0
6712400119970124    .0
6712400119970125    .0
6712400119970126    .4
6712400119970127    .0
6712400119970128    .0
6712400119970129    .0
6712400119970130    .0
6712400119970131    .0
6712400119970201    .0
6712400119970202    .0
6712400119970203    .0
6712400119970204    .0
6712400119970205   1.4
6712400119970206    .0
6712400119970207    .0
6712400119970208    .0
6712400119970209    .0
6712400119970210   4.4
6712400119970211   1.6
6712400119970212    .4
6712400119970213   6.0
6712400119970214  17.4
6712400119970215    .2
6712400119970216    .0
6712400119970217    .2
6712400119970218   4.0
6712400119970219    .0
6712400119970220    .0
6712400119970221    .4
6712400119970222    .0
6712400119970223    .2
6712400119970224    .0
6712400119970225   8.2
6712400119970226   4.0
6712400119970227    .0
6712400119970228    .0
6712400119970301    .0
6712400119970302    .0
6712400119970303    .2
6712400119970304    .4
6712400119970305   6.0
6712400119970306    .0
6712400119970307    .0
6712400119970308    .0
6712400119970309    .0
6712400119970310    .0
6712400119970311    .0
6712400119970312    .0
6712400119970313    .0
6712400119970314   1.6
6712400119970315    .4
6712400119970316    .0
6712400119970317    .0
6712400119970318    .0
6712400119970319   2.2
6712400119970320   1.8
6712400119970321    .4
6712400119970322    .0
6712400119970323   1.4
6712400119970324   1.4
6712400119970325    .4
6712400119970326   1.2
6712400119970327   1.2
6712400119970328    .2
6712400119970329    .2
6712400119970330    .8
6712400119970331    .0
6712400119970401    .0
6712400119970402    .0
6712400119970403    .8
6712400119970404   1.6
6712400119970405    .0
6712400119970406    .4
6712400119970407    .0
6712400119970408    .0
6712400119970409    .0
6712400119970410    .0
6712400119970411    .0
6712400119970412    .0
6712400119970413    .0
6712400119970414    .0
6712400119970415    .0
6712400119970416    .0
6712400119970417    .0
6712400119970418    .0
6712400119970419   1.4
6712400119970420    .0
6712400119970421    .0
6712400119970422    .0
6712400119970423    .0
6712400119970424    .0
6712400119970425    .8
6712400119970426  11.6
6712400119970427   1.4
6712400119970428    .0
6712400119970429   4.4
6712400119970430   2.2
6712400119970501    .0
6712400119970502    .0
6712400119970503    .4
6712400119970504    .4
6712400119970505   3.6
6712400119970506   7.4
6712400119970507   1.0
6712400119970508   2.4
6712400119970509   7.2
6712400119970510    .0
6712400119970511   4.8
6712400119970512    .4
6712400119970513    .0
6712400119970514    .0
6712400119970515   2.4
6712400119970516    .0
6712400119970517    .6
6712400119970518   2.2
6712400119970519    .0
6712400119970520    .6
6712400119970521   3.8
6712400119970522    .4
6712400119970523   4.2
6712400119970524    .0
6712400119970525    .0
6712400119970526    .0
6712400119970527    .0
6712400119970528    .0
6712400119970529    .0
6712400119970530    .0
6712400119970531    .0
6712400119970601    .0
6712400119970602   1.8
6712400119970603   2.0
6712400119970604    .0
6712400119970605    .8
6712400119970606    .0
6712400119970607  16.6
6712400119970608   7.4
6712400119970609    .0
6712400119970610    .0
6712400119970611   9.2
6712400119970612    .0
6712400119970613   8.4
6712400119970614   7.4
6712400119970615    .0
6712400119970616   4.4
6712400119970617   7.4
6712400119970618    .0
6712400119970619    .2
6712400119970620   2.2
6712400119970621  19.2
6712400119970622   4.4
6712400119970623   2.4
6712400119970624  15.6
6712400119970625   3.6
6712400119970626   2.4
6712400119970627    .0
6712400119970628    .0
6712400119970629   9.0
6712400119970630    .6
6712400119970701    .0
6712400119970702   3.2
6712400119970703   1.0
6712400119970704    .2
6712400119970705   5.8
6712400119970706    .0
6712400119970707    .0
6712400119970708    .0
6712400119970709    .0
6712400119970710    .0
6712400119970711    .0
6712400119970712    .0
6712400119970713    .6
6712400119970714  15.4
6712400119970715    .0
6712400119970716    .0
6712400119970717   1.0
6712400119970718   4.6
6712400119970719   9.6
6712400119970720    .0
6712400119970721    .0
6712400119970722    .0
6712400119970723    .2
6712400119970724   6.0
6712400119970725    .8
6712400119970726    .0
6712400119970727    .6
6712400119970728    .0
6712400119970729    .0
6712400119970730    .0
6712400119970731   2.0
6712400119970801   1.6
6712400119970802   1.0
6712400119970803    .0
6712400119970804    .0
6712400119970805    .0
6712400119970806   6.6
6712400119970807    .2
6712400119970808   1.8
6712400119970809    .0
6712400119970810    .0
6712400119970811    .0
6712400119970812    .0
6712400119970813    .0
6712400119970814   5.6
6712400119970815    .0
6712400119970816    .0
6712400119970817    .0
6712400119970818    .0
6712400119970819    .2
6712400119970820    .0
6712400119970821    .0
6712400119970822    .0
6712400119970823    .0
6712400119970824    .0
6712400119970825    .0
6712400119970826    .0
6712400119970827   8.2
6712400119970828   8.0
6712400119970829    .4
6712400119970830   1.8
6712400119970831    .0
6712400119970901   3.2
6712400119970902   6.6
6712400119970903    .0
6712400119970904    .0
6712400119970905   8.8
6712400119970906   2.2
6712400119970907    .0
6712400119970908    .2
6712400119970909    .0
6712400119970910    .0
6712400119970911    .0
6712400119970912  12.8
6712400119970913   4.8
6712400119970914    .0
6712400119970915    .0
6712400119970916    .0
6712400119970917    .2
6712400119970918    .0
6712400119970919   2.6
6712400119970920    .0
6712400119970921    .0
6712400119970922    .0
6712400119970923    .0
6712400119970924    .0
6712400119970925    .0
6712400119970926    .0
6712400119970927    .0
6712400119970928    .0
6712400119970929    .0
6712400119970930    .0
6712400119971001    .0
6712400119971002    .0
6712400119971003    .0
6712400119971004    .0
6712400119971005    .0
6712400119971006    .0
6712400119971007   1.8
6712400119971008    .0
6712400119971009    .2
6712400119971010   9.6
6712400119971011   4.0
6712400119971012   3.4
6712400119971013    .8
6712400119971014   5.2
6712400119971015   4.4
6712400119971016   1.6
6712400119971017    .0
6712400119971018    .0
6712400119971019    .0
6712400119971020    .0
6712400119971021    .0
6712400119971022    .0
6712400119971023    .0
6712400119971024    .0
6712400119971025    .0
6712400119971026    .0
6712400119971027    .0
6712400119971028    .0
6712400119971029    .0
6712400119971030    .0
6712400119971031    .0
6712400119971101    .0
6712400119971102    .0
6712400119971103    .0
6712400119971104   6.2
6712400119971105  20.6
6712400119971106   2.6
6712400119971107    .0
6712400119971108    .6
6712400119971109   3.6
6712400119971110    .6
6712400119971111   3.6
6712400119971112   9.8
6712400119971113    .0
6712400119971114    .0
6712400119971115   1.0
6712400119971116    .0
6712400119971117    .0
6712400119971118    .0
6712400119971119   3.6
6712400119971120   1.6
6712400119971121    .0
6712400119971122    .0
6712400119971123    .0
6712400119971124    .0
6712400119971125    .0
6712400119971126    .0
6712400119971127    .0
6712400119971128   2.4
6712400119971129    .8
6712400119971130   2.0
6712400119971201    .2
6712400119971202   4.4
6712400119971203   1.6
6712400119971204    .0
6712400119971205    .0
6712400119971206    .0
6712400119971207    .0
6712400119971208    .0
6712400119971209    .6
6712400119971210   1.2
6712400119971211   3.8
6712400119971212   3.2
6712400119971213    .0
6712400119971214   4.8
6712400119971215    .0
6712400119971216    .0
6712400119971217   3.6
6712400119971218   3.4
6712400119971219   3.8
6712400119971220  19.0
6712400119971221  27.2
6712400119971222    .0
6712400119971223    .2
6712400119971224    .8
6712400119971225    .2
6712400119971226    .8
6712400119971227   1.8
6712400119971228    .0
6712400119971229    .0
6712400119971230    .0
6712400119971231    .0
6712400119980101   2.8
6712400119980102   2.4
6712400119980103   2.0
6712400119980104   1.2
6712400119980105   3.4
6712400119980106   1.0
6712400119980107    .6
6712400119980108    .0
6712400119980109    .0
6712400119980110    .0
6712400119980111    .0
6712400119980112    .0
6712400119980113    .0
6712400119980114   1.6
6712400119980115    .0
6712400119980116    .6
6712400119980117    .0
6712400119980118   5.2
6712400119980119   4.2
6712400119980120    .4
6712400119980121    .0
6712400119980122    .0
6712400119980123    .0
6712400119980124    .8
6712400119980125    .0
6712400119980126    .0
6712400119980127    .0
6712400119980128    .0
6712400119980129    .0
6712400119980130    .0
6712400119980131    .0
6712400119980201    .0
6712400119980202    .0
6712400119980203    .0
6712400119980204    .0
6712400119980205    .0
6712400119980206    .0
6712400119980207    .2
6712400119980208    .0
6712400119980209    .0
6712400119980210    .0
6712400119980211    .0
6712400119980212    .0
6712400119980213    .0
6712400119980214    .0
6712400119980215    .0
6712400119980216    .0
6712400119980217    .0
6712400119980218    .0
6712400119980219    .0
6712400119980220    .0
6712400119980221   4.0
6712400119980222  17.2
6712400119980223    .0
6712400119980224    .4
6712400119980225    .2
6712400119980226    .0
6712400119980227    .0
6712400119980228   6.6
6712400119980301    .0
6712400119980302    .2
6712400119980303    .0
6712400119980304   2.2
6712400119980305    .0
6712400119980306    .2
6712400119980307   1.4
6712400119980308   1.4
6712400119980309    .0
6712400119980310    .0
6712400119980311    .6
6712400119980312    .2
6712400119980313    .0
6712400119980314    .0
6712400119980315   4.4
6712400119980316    .0
6712400119980317    .0
6712400119980318    .0
6712400119980319    .0
6712400119980320    .4
6712400119980321    .0
6712400119980322    .6
6712400119980323   4.0
6712400119980324    .0
6712400119980325    .0
6712400119980326    .6
6712400119980327    .0
6712400119980328    .0
6712400119980329    .0
6712400119980330    .0
6712400119980331    .0
6712400119980401    .4
6712400119980402   2.4
6712400119980403   2.4
6712400119980404   1.0
6712400119980405    .0
6712400119980406   5.6
6712400119980407   4.6
6712400119980408   9.0
6712400119980409   5.0
6712400119980410   4.2
6712400119980411   2.0
6712400119980412   5.4
6712400119980413   7.5
6712400119980414    .0
6712400119980415   1.4
6712400119980416    .0
6712400119980417   1.0
6712400119980418   5.6
6712400119980419    .0
6712400119980420    .4
6712400119980421    .0
6712400119980422    .0
6712400119980423   2.0
6712400119980424    .0
6712400119980425   7.0
6712400119980426  13.2
6712400119980427   4.0
6712400119980428    .2
6712400119980429    .0
6712400119980430    .0
6712400119980501   7.8
6712400119980502   2.2
6712400119980503    .0
6712400119980504    .0
6712400119980505    .0
6712400119980506    .8
6712400119980507    .0
6712400119980508    .0
6712400119980509    .0
6712400119980510    .0
6712400119980511    .0
6712400119980512    .0
6712400119980513    .0
6712400119980514    .0
6712400119980515    .0
6712400119980516    .0
6712400119980517    .0
6712400119980518    .0
6712400119980519    .0
6712400119980520    .0
6712400119980521    .0
6712400119980522    .0
6712400119980523    .0
6712400119980524    .0
6712400119980525   4.0
6712400119980526    .8
6712400119980527   4.4
6712400119980528  20.6
6712400119980529    .0
6712400119980530   1.8
6712400119980531  13.8
6712400119980601    .2
6712400119980602   8.4
6712400119980603    .0
6712400119980604    .0
6712400119980605    .0
6712400119980606  15.6
6712400119980607  13.0
6712400119980608   1.0
6712400119980609    .0
6712400119980610  13.8
6712400119980611   2.6
6712400119980612    .8
6712400119980613   1.4
6712400119980614  13.4
6712400119980615   4.2
6712400119980616   2.8
6712400119980617    .2
6712400119980618    .0
6712400119980619    .0
6712400119980620    .0
6712400119980621    .6
6712400119980622    .0
6712400119980623    .0
6712400119980624    .0
6712400119980625   3.4
6712400119980626   1.8
6712400119980627  10.0
6712400119980628    .0
6712400119980629    .0
6712400119980630    .0
6712400119980701    .0
6712400119980702   4.4
6712400119980703    .0
6712400119980704    .0
6712400119980705    .0
6712400119980706    .0
6712400119980707    .0
6712400119980708    .0
6712400119980709    .0
6712400119980710    .6
6712400119980711    .0
6712400119980712    .0
6712400119980713   1.4
6712400119980714    .0
6712400119980715    .0
6712400119980716   2.6
6712400119980717    .4
6712400119980718    .2
6712400119980719   6.2
6712400119980720   2.0
6712400119980721   4.6
6712400119980722    .0
6712400119980723    .6
6712400119980724    .2
6712400119980725    .0
6712400119980726    .0
6712400119980727    .2
6712400119980728    .4
6712400119980729   3.6
6712400119980730   1.4
6712400119980731    .0
6712400119980801   2.8
6712400119980802  13.8
6712400119980803   1.0
6712400119980804    .0
6712400119980805    .0
6712400119980806    .0
6712400119980807    .0
6712400119980808    .0
6712400119980809    .0
6712400119980810    .0
6712400119980811    .0
6712400119980812   1.6
6712400119980813   1.2
6712400119980814    .0
6712400119980815    .0
6712400119980816    .0
6712400119980817    .0
6712400119980818    .0
6712400119980819    .0
6712400119980820    .0
6712400119980821   2.6
6712400119980822   4.4
6712400119980823   1.4
6712400119980824   2.8
6712400119980825    .0
6712400119980826    .0
6712400119980827    .0
6712400119980828    .0
6712400119980829    .0
6712400119980830    .0
6712400119980831    .0
6712400119980901    .0
6712400119980902   5.0
6712400119980903   5.4
6712400119980904   9.0
6712400119980905   1.0
6712400119980906    .2
6712400119980907   3.2
6712400119980908    .0
6712400119980909    .0
6712400119980910  14.6
6712400119980911  11.8
6712400119980912   1.6
6712400119980913   1.4
6712400119980914    .8
6712400119980915    .6
6712400119980916   2.0
6712400119980917    .0
6712400119980918    .0
6712400119980919    .0
6712400119980920    .0
6712400119980921    .0
6712400119980922    .2
6712400119980923    .0
6712400119980924    .0
6712400119980925    .2
6712400119980926   7.8
6712400119980927    .8
6712400119980928   1.6
6712400119980929   2.0
6712400119980930  14.2
6712400119981001    .4
6712400119981002    .0
6712400119981003   1.6
6712400119981004   2.2
6712400119981005    .2
6712400119981006   1.6
6712400119981007    .6
6712400119981008    .2
6712400119981009    .0
6712400119981010    .2
6712400119981011   3.4
6712400119981012    .8
6712400119981013    .0
6712400119981014    .2
6712400119981015   7.4
6712400119981016    .4
6712400119981017   9.6
6712400119981018    .2
6712400119981019    .0
6712400119981020    .0
6712400119981021    .0
6712400119981022    .0
6712400119981023   2.6
6712400119981024  13.2
6712400119981025   3.2
6712400119981026    .6
6712400119981027    .2
6712400119981028  15.4
6712400119981029   6.8
6712400119981030   5.2
6712400119981031   4.0
6712400119981101    .6
6712400119981102   1.2
6712400119981103   3.6
6712400119981104   3.2
6712400119981105    .0
6712400119981106   1.0
6712400119981107    .0
6712400119981108    .0
6712400119981109   1.6
6712400119981110   2.6
6712400119981111   1.4
6712400119981112   2.4
6712400119981113    .2
6712400119981114  10.4
6712400119981115  10.0
6712400119981116   1.0
6712400119981117    .0
6712400119981118    .0
6712400119981119    .9
6712400119981120    .0
6712400119981121    .0
6712400119981122    .0
6712400119981123    .0
6712400119981124    .0
6712400119981125    .0
6712400119981126   2.4
6712400119981127    .6
6712400119981128    .0
6712400119981129   2.8
6712400119981130    .0
6712400119981201    .0
6712400119981202    .0
6712400119981203    .0
6712400119981204   1.6
6712400119981205   1.8
6712400119981206    .0
6712400119981207    .0
6712400119981208    .0
6712400119981209   3.6
6712400119981210   5.8
6712400119981211   3.2
6712400119981212   3.6
6712400119981213    .0
6712400119981214    .0
6712400119981215    .0
6712400119981216    .0
6712400119981217    .0
6712400119981218    .4
6712400119981219    .8
6712400119981220   1.6
6712400119981221    .0
6712400119981222    .0
6712400119981223    .0
6712400119981224    .0
6712400119981225    .0
6712400119981226    .0
6712400119981227    .0
6712400119981228    .2
6712400119981229    .0
6712400119981230    .0
6712400119981231    .0
