6829700119940101    .2
6829700119940102   6.0
6829700119940103   6.6
6829700119940104   3.4
6829700119940105    .2
6829700119940106    .8
6829700119940107   1.2
6829700119940108    .0
6829700119940109    .0
6829700119940110    .0
6829700119940111   1.0
6829700119940112    .0
6829700119940113   8.8
6829700119940114   1.4
6829700119940115    .0
6829700119940116   7.6
6829700119940117   2.3
6829700119940118    .0
6829700119940119    .0
6829700119940120    .0
6829700119940121    .0
6829700119940122    .0
6829700119940123   2.8
6829700119940124    .8
6829700119940125   3.8
6829700119940126   1.0
6829700119940127   6.0
6829700119940128    .0
6829700119940129    .0
6829700119940130    .0
6829700119940131    .0
6829700119940201    .0
6829700119940202   1.8
6829700119940203    .6
6829700119940204    .0
6829700119940205   9.2
6829700119940206   1.8
6829700119940207   5.8
6829700119940208   4.6
6829700119940209    .2
6829700119940210    .0
6829700119940211    .4
6829700119940212    .0
6829700119940213    .0
6829700119940214    .0
6829700119940215    .0
6829700119940216    .0
6829700119940217    .0
6829700119940218    .0
6829700119940219    .0
6829700119940220   5.4
6829700119940221    .2
6829700119940222   2.0
6829700119940223    .8
6829700119940224   4.8
6829700119940225    .2
6829700119940226    .0
6829700119940227   4.8
6829700119940228   1.0
6829700119940301   4.4
6829700119940302   1.4
6829700119940303    .6
6829700119940304    .0
6829700119940305    .4
6829700119940306    .2
6829700119940307    .0
6829700119940308    .6
6829700119940309    .0
6829700119940310    .0
6829700119940311    .0
6829700119940312   1.6
6829700119940313    .4
6829700119940314    .0
6829700119940315    .0
6829700119940316    .0
6829700119940317   2.8
6829700119940318    .0
6829700119940319   3.6
6829700119940320    .4
6829700119940321   1.0
6829700119940322    .2
6829700119940323    .0
6829700119940324    .0
6829700119940325   1.6
6829700119940326   1.4
6829700119940327    .0
6829700119940328    .0
6829700119940329    .0
6829700119940330    .0
6829700119940331   1.8
6829700119940401  10.0
6829700119940402    .8
6829700119940403    .0
6829700119940404   5.4
6829700119940405   2.4
6829700119940406    .2
6829700119940407   9.0
6829700119940408   1.6
6829700119940409   7.4
6829700119940410   1.0
6829700119940411   6.8
6829700119940412    .6
6829700119940413   8.6
6829700119940414   2.2
6829700119940415    .2
6829700119940416    .0
6829700119940417  14.6
6829700119940418    .0
6829700119940419    .0
6829700119940420    .8
6829700119940421    .2
6829700119940422    .0
6829700119940423    .2
6829700119940424    .0
6829700119940425   1.4
6829700119940426    .0
6829700119940427    .4
6829700119940428    .0
6829700119940429    .0
6829700119940430    .0
6829700119940501    .0
6829700119940502    .0
6829700119940503    .8
6829700119940504   4.4
6829700119940505   2.2
6829700119940506    .0
6829700119940507    .0
6829700119940508  31.4
6829700119940509   4.4
6829700119940510    .0
6829700119940511  13.4
6829700119940512   9.0
6829700119940513    .0
6829700119940514   3.6
6829700119940515    .0
6829700119940516   2.2
6829700119940517  14.8
6829700119940518  53.2
6829700119940519   4.4
6829700119940520   4.8
6829700119940521   8.6
6829700119940522   1.4
6829700119940523    .0
6829700119940524   7.0
6829700119940525    .0
6829700119940526   5.6
6829700119940527   1.8
6829700119940528    .8
6829700119940529    .0
6829700119940530    .0
6829700119940531    .0
6829700119940601    .0
6829700119940602   3.6
6829700119940603   4.4
6829700119940604   2.6
6829700119940605    .0
6829700119940606   1.4
6829700119940607    .0
6829700119940608  13.8
6829700119940609    .0
6829700119940610   2.2
6829700119940611   3.2
6829700119940612    .0
6829700119940613    .0
6829700119940614    .0
6829700119940615    .0
6829700119940616    .0
6829700119940617    .0
6829700119940618    .0
6829700119940619    .0
6829700119940620    .0
6829700119940621    .0
6829700119940622    .0
6829700119940623    .0
6829700119940624    .0
6829700119940625   3.6
6829700119940626    .0
6829700119940627    .0
6829700119940628    .0
6829700119940629    .0
6829700119940630    .0
6829700119940701    .0
6829700119940702    .0
6829700119940703    .0
6829700119940704    .4
6829700119940705    .0
6829700119940706    .0
6829700119940707    .0
6829700119940708   1.6
6829700119940709    .0
6829700119940710    .0
6829700119940711    .0
6829700119940712    .0
6829700119940713    .0
6829700119940714  38.2
6829700119940715    .0
6829700119940716    .0
6829700119940717    .0
6829700119940718    .0
6829700119940719   5.4
6829700119940720   1.0
6829700119940721    .0
6829700119940722    .0
6829700119940723    .0
6829700119940724    .0
6829700119940725    .0
6829700119940726    .0
6829700119940727    .0
6829700119940728    .0
6829700119940729   2.0
6829700119940730    .2
6829700119940731   4.4
6829700119940801    .8
6829700119940802    .0
6829700119940803    .0
6829700119940804    .0
6829700119940805    .0
6829700119940806    .0
6829700119940807   2.2
6829700119940808   1.8
6829700119940809    .0
6829700119940810   9.8
6829700119940811   8.2
6829700119940812    .0
6829700119940813    .0
6829700119940814    .0
6829700119940815    .0
6829700119940816    .8
6829700119940817   2.2
6829700119940818   1.0
6829700119940819    .0
6829700119940820    .0
6829700119940821  11.2
6829700119940822    .0
6829700119940823  32.6
6829700119940824   1.0
6829700119940825    .0
6829700119940826   4.0
6829700119940827    .0
6829700119940828    .0
6829700119940829    .0
6829700119940830    .4
6829700119940831  21.2
6829700119940901    .0
6829700119940902  10.4
6829700119940903    .0
6829700119940904    .0
6829700119940905    .0
6829700119940906   6.6
6829700119940907  24.4
6829700119940908  18.6
6829700119940909   3.0
6829700119940910   1.2
6829700119940911   3.2
6829700119940912   2.4
6829700119940913    .0
6829700119940914   4.6
6829700119940915   3.6
6829700119940916   1.0
6829700119940917    .0
6829700119940918   1.0
6829700119940919    .0
6829700119940920   3.4
6829700119940921    .6
6829700119940922    .0
6829700119940923    .0
6829700119940924    .6
6829700119940925    .0
6829700119940926   1.2
6829700119940927   1.0
6829700119940928    .0
6829700119940929    .0
6829700119940930    .6
6829700119941001   3.4
6829700119941002   7.2
6829700119941003   5.0
6829700119941004    .2
6829700119941005    .0
6829700119941006    .0
6829700119941007    .0
6829700119941008    .0
6829700119941009    .0
6829700119941010    .0
6829700119941011    .0
6829700119941012    .0
6829700119941013    .0
6829700119941014    .0
6829700119941015    .0
6829700119941016    .0
6829700119941017    .0
6829700119941018    .0
6829700119941019    .0
6829700119941020    .0
6829700119941021    .0
6829700119941022  10.2
6829700119941023   1.8
6829700119941024   1.2
6829700119941025  13.8
6829700119941026   2.2
6829700119941027    .0
6829700119941028   6.2
6829700119941029   2.8
6829700119941030    .2
6829700119941031   1.4
6829700119941101    .0
6829700119941102    .0
6829700119941103    .0
6829700119941104    .0
6829700119941105    .0
6829700119941106   1.0
6829700119941107    .0
6829700119941108    .0
6829700119941109   9.2
6829700119941110   5.8
6829700119941111    .0
6829700119941112    .0
6829700119941113    .0
6829700119941114    .0
6829700119941115   4.2
6829700119941116    .0
6829700119941117    .2
6829700119941118   1.8
6829700119941119   2.8
6829700119941120    .0
6829700119941121    .0
6829700119941122    .0
6829700119941123    .0
6829700119941124    .0
6829700119941125    .0
6829700119941126    .8
6829700119941127    .0
6829700119941128    .0
6829700119941129    .0
6829700119941130    .0
6829700119941201    .0
6829700119941202    .0
6829700119941203    .4
6829700119941204   5.0
6829700119941205   9.0
6829700119941206    .0
6829700119941207   2.2
6829700119941208   4.0
6829700119941209  31.6
6829700119941210    .2
6829700119941211    .0
6829700119941212    .0
6829700119941213    .0
6829700119941214    .2
6829700119941215    .0
6829700119941216   1.0
6829700119941217    .0
6829700119941218    .2
6829700119941219    .4
6829700119941220    .4
6829700119941221    .0
6829700119941222    .0
6829700119941223    .0
6829700119941224    .0
6829700119941225    .0
6829700119941226   1.2
6829700119941227   4.4
6829700119941228    .2
6829700119941229   6.0
6829700119941230  13.0
6829700119941231   4.2
6829700119950101   2.2
6829700119950102   1.0
6829700119950103    .0
6829700119950104    .0
6829700119950105    .0
6829700119950106    .2
6829700119950107    .6
6829700119950108   1.6
6829700119950109   1.6
6829700119950110  11.8
6829700119950111   2.0
6829700119950112   1.0
6829700119950113    .0
6829700119950114    .0
6829700119950115    .0
6829700119950116    .0
6829700119950117    .0
6829700119950118   8.8
6829700119950119    .0
6829700119950120   6.4
6829700119950121   3.0
6829700119950122   2.0
6829700119950123  13.0
6829700119950124   7.2
6829700119950125   5.6
6829700119950126   6.2
6829700119950127   2.4
6829700119950128   5.2
6829700119950129   2.8
6829700119950130   9.4
6829700119950131    .0
6829700119950201    .0
6829700119950202    .0
6829700119950203    .0
6829700119950204   1.4
6829700119950205    .0
6829700119950206    .2
6829700119950207    .0
6829700119950208   4.2
6829700119950209   1.2
6829700119950210   2.6
6829700119950211    .6
6829700119950212    .6
6829700119950213   9.2
6829700119950214    .0
6829700119950215   8.8
6829700119950216   2.2
6829700119950217  11.8
6829700119950218   3.8
6829700119950219    .0
6829700119950220    .0
6829700119950221    .4
6829700119950222    .0
6829700119950223   2.0
6829700119950224  11.8
6829700119950225  13.6
6829700119950226   2.8
6829700119950227    .2
6829700119950228    .0
6829700119950301    .0
6829700119950302    .6
6829700119950303   1.4
6829700119950304    .0
6829700119950305   5.2
6829700119950306   3.4
6829700119950307    .2
6829700119950308   1.2
6829700119950309    .0
6829700119950310    .0
6829700119950311    .0
6829700119950312    .0
6829700119950313    .0
6829700119950314    .0
6829700119950315   3.8
6829700119950316    .0
6829700119950317   6.4
6829700119950318   3.6
6829700119950319  31.8
6829700119950320    .4
6829700119950321   2.2
6829700119950322    .0
6829700119950323    .0
6829700119950324    .0
6829700119950325    .0
6829700119950326   3.6
6829700119950327  13.0
6829700119950328   2.4
6829700119950329   1.0
6829700119950330    .0
6829700119950331   1.8
6829700119950401   5.2
6829700119950402    .0
6829700119950403    .0
6829700119950404    .0
6829700119950405    .0
6829700119950406    .0
6829700119950407    .0
6829700119950408    .0
6829700119950409    .0
6829700119950410    .0
6829700119950411    .0
6829700119950412   4.4
6829700119950413    .0
6829700119950414    .0
6829700119950415   4.0
6829700119950416   1.2
6829700119950417    .0
6829700119950418    .8
6829700119950419   2.6
6829700119950420    .0
6829700119950421    .0
6829700119950422    .0
6829700119950423    .0
6829700119950424    .0
6829700119950425   6.2
6829700119950426   5.4
6829700119950427   2.2
6829700119950428    .0
6829700119950429   6.0
6829700119950430    .0
6829700119950501    .0
6829700119950502    .0
6829700119950503    .0
6829700119950504    .0
6829700119950505    .0
6829700119950506    .0
6829700119950507    .0
6829700119950508   4.4
6829700119950509    .0
6829700119950510    .0
6829700119950511    .0
6829700119950512   4.8
6829700119950513  29.0
6829700119950514    .0
6829700119950515   4.0
6829700119950516  12.6
6829700119950517   7.2
6829700119950518  12.4
6829700119950519    .4
6829700119950520    .0
6829700119950521    .0
6829700119950522    .0
6829700119950523    .0
6829700119950524    .0
6829700119950525    .8
6829700119950526  20.2
6829700119950527    .0
6829700119950528    .0
6829700119950529  14.0
6829700119950530  32.2
6829700119950531  42.2
6829700119950601  11.2
6829700119950602    .0
6829700119950603   5.8
6829700119950604   1.2
6829700119950605    .4
6829700119950606    .0
6829700119950607    .0
6829700119950608   6.4
6829700119950609    .0
6829700119950610   2.2
6829700119950611   1.2
6829700119950612    .0
6829700119950613   1.8
6829700119950614    .0
6829700119950615    .0
6829700119950616    .0
6829700119950617   1.6
6829700119950618    .4
6829700119950619    .4
6829700119950620    .0
6829700119950621   8.0
6829700119950622    .0
6829700119950623    .0
6829700119950624    .0
6829700119950625    .0
6829700119950626    .0
6829700119950627    .0
6829700119950628    .0
6829700119950629    .0
6829700119950630    .0
6829700119950701   3.0
6829700119950702  19.4
6829700119950703  15.2
6829700119950704    .0
6829700119950705    .0
6829700119950706    .0
6829700119950707    .0
6829700119950708    .0
6829700119950709    .0
6829700119950710    .0
6829700119950711    .0
6829700119950712    .0
6829700119950713    .0
6829700119950714   2.0
6829700119950715    .6
6829700119950716   5.8
6829700119950717    .0
6829700119950718    .0
6829700119950719    .0
6829700119950720    .0
6829700119950721    .0
6829700119950722  12.0
6829700119950723    .0
6829700119950724    .0
6829700119950725    .0
6829700119950726   1.8
6829700119950727    .2
6829700119950728    .0
6829700119950729    .0
6829700119950730    .0
6829700119950731    .0
6829700119950801    .0
6829700119950802    .0
6829700119950803    .0
6829700119950804    .0
6829700119950805    .0
6829700119950806   5.6
6829700119950807   3.6
6829700119950808    .2
6829700119950809    .2
6829700119950810    .0
6829700119950811  13.6
6829700119950812   2.6
6829700119950813   1.0
6829700119950814    .0
6829700119950815    .0
6829700119950816    .0
6829700119950817    .0
6829700119950818    .0
6829700119950819    .2
6829700119950820    .6
6829700119950821    .0
6829700119950822    .0
6829700119950823  10.6
6829700119950824   4.0
6829700119950825   6.8
6829700119950826    .0
6829700119950827  20.2
6829700119950828   6.8
6829700119950829   2.0
6829700119950830    .4
6829700119950831    .0
6829700119950901    .0
6829700119950902    .0
6829700119950903   5.2
6829700119950904    .2
6829700119950905    .0
6829700119950906    .0
6829700119950907   8.0
6829700119950908   5.8
6829700119950909    .8
6829700119950910    .6
6829700119950911    .0
6829700119950912  13.6
6829700119950913  30.8
6829700119950914   2.0
6829700119950915    .0
6829700119950916   2.2
6829700119950917    .0
6829700119950918    .0
6829700119950919  10.4
6829700119950920   6.0
6829700119950921    .0
6829700119950922    .0
6829700119950923    .0
6829700119950924   1.8
6829700119950925    .2
6829700119950926    .0
6829700119950927   5.4
6829700119950928    .0
6829700119950929    .0
6829700119950930    .4
6829700119951001    .0
6829700119951002    .0
6829700119951003   1.2
6829700119951004    .4
6829700119951005   3.0
6829700119951006    .0
6829700119951007    .0
6829700119951008    .0
6829700119951009    .0
6829700119951010    .0
6829700119951011    .0
6829700119951012    .0
6829700119951013    .0
6829700119951014    .0
6829700119951015    .0
6829700119951016    .0
6829700119951017    .0
6829700119951018    .0
6829700119951019    .0
6829700119951020    .0
6829700119951021    .0
6829700119951022    .0
6829700119951023    .0
6829700119951024    .0
6829700119951025   1.6
6829700119951026    .0
6829700119951027   3.2
6829700119951028   1.8
6829700119951029    .6
6829700119951030    .0
6829700119951031    .0
6829700119951101   6.0
6829700119951102    .0
6829700119951103   1.6
6829700119951104    .2
6829700119951105    .0
6829700119951106    .0
6829700119951107    .0
6829700119951108    .0
6829700119951109    .0
6829700119951110    .2
6829700119951111    .0
6829700119951112    .0
6829700119951113   2.4
6829700119951114    .0
6829700119951115   7.4
6829700119951116  40.0
6829700119951117   4.2
6829700119951118    .8
6829700119951119    .0
6829700119951120    .0
6829700119951121    .0
6829700119951122    .0
6829700119951123    .0
6829700119951124    .0
6829700119951125    .0
6829700119951126    .0
6829700119951127   4.8
6829700119951128    .2
6829700119951129    .0
6829700119951130    .0
6829700119951201    .0
6829700119951202    .2
6829700119951203    .6
6829700119951204    .0
6829700119951205    .6
6829700119951206    .0
6829700119951207    .2
6829700119951208    .0
6829700119951209    .0
6829700119951210    .0
6829700119951211    .0
6829700119951212    .0
6829700119951213    .2
6829700119951214   2.6
6829700119951215    .0
6829700119951216    .0
6829700119951217   2.2
6829700119951218    .6
6829700119951219    .0
6829700119951220   5.0
6829700119951221   2.4
6829700119951222   5.6
6829700119951223   2.0
6829700119951224  34.0
6829700119951225  12.4
6829700119951226   6.6
6829700119951227    .0
6829700119951228    .0
6829700119951229    .4
6829700119951230  10.2
6829700119951231   4.4
6829700119960101    .0
6829700119960102    .0
6829700119960103    .0
6829700119960104    .0
6829700119960105    .0
6829700119960106   2.6
6829700119960107   3.2
6829700119960108    .0
6829700119960109    .2
6829700119960110    .0
6829700119960111    .0
6829700119960112    .0
6829700119960113    .0
6829700119960114    .0
6829700119960115    .0
6829700119960116    .0
6829700119960117    .0
6829700119960118    .0
6829700119960119    .0
6829700119960120    .0
6829700119960121    .0
6829700119960122    .0
6829700119960123    .0
6829700119960124    .0
6829700119960125    .0
6829700119960126   1.4
6829700119960127    .0
6829700119960128    .0
6829700119960129    .0
6829700119960130    .0
6829700119960131    .0
6829700119960201    .0
6829700119960202    .2
6829700119960203    .0
6829700119960204    .0
6829700119960205    .0
6829700119960206    .4
6829700119960207   1.2
6829700119960208   1.2
6829700119960209    .0
6829700119960210    .6
6829700119960211   2.0
6829700119960212   8.2
6829700119960213    .6
6829700119960214    .0
6829700119960215    .0
6829700119960216   1.2
6829700119960217   5.4
6829700119960218   5.0
6829700119960219    .8
6829700119960220    .0
6829700119960221    .0
6829700119960222    .2
6829700119960223    .0
6829700119960224    .0
6829700119960225    .0
6829700119960226    .0
6829700119960227    .0
6829700119960228    .0
6829700119960229    .0
6829700119960301    .4
6829700119960302    .0
6829700119960303    .0
6829700119960304    .0
6829700119960305    .0
6829700119960306    .0
6829700119960307    .0
6829700119960308    .0
6829700119960309    .0
6829700119960310    .0
6829700119960311    .0
6829700119960312    .0
6829700119960313    .0
6829700119960314    .0
6829700119960315    .0
6829700119960316    .0
6829700119960317    .0
6829700119960318    .0
6829700119960319    .0
6829700119960320   1.2
6829700119960321   5.2
6829700119960322   2.4
6829700119960323    .0
6829700119960324    .0
6829700119960325    .4
6829700119960326   1.8
6829700119960327   2.6
6829700119960328    .0
6829700119960329    .2
6829700119960330    .8
6829700119960331    .0
6829700119960401    .0
6829700119960402    .0
6829700119960403    .0
6829700119960404    .0
6829700119960405    .0
6829700119960406    .0
6829700119960407    .0
6829700119960408    .0
6829700119960409    .0
6829700119960410   3.6
6829700119960411   3.4
6829700119960412   3.8
6829700119960413   1.2
6829700119960414    .0
6829700119960415    .0
6829700119960416    .0
6829700119960417    .0
6829700119960418    .0
6829700119960419    .0
6829700119960420    .0
6829700119960421    .0
6829700119960422    .0
6829700119960423   4.6
6829700119960424    .0
6829700119960425    .6
6829700119960426    .0
6829700119960427    .0
6829700119960428    .6
6829700119960429  23.8
6829700119960430    .2
6829700119960501  12.4
6829700119960502   7.8
6829700119960503   5.6
6829700119960504    .0
6829700119960505    .0
6829700119960506    .0
6829700119960507   2.6
6829700119960508    .0
6829700119960509    .0
6829700119960510    .0
6829700119960511    .0
6829700119960512   7.6
6829700119960513   3.8
6829700119960514    .8
6829700119960515    .6
6829700119960516    .8
6829700119960517   6.0
6829700119960518    .4
6829700119960519  11.2
6829700119960520   1.2
6829700119960521    .8
6829700119960522    .0
6829700119960523    .0
6829700119960524   3.4
6829700119960525   5.0
6829700119960526   2.0
6829700119960527   2.4
6829700119960528    .0
6829700119960529    .0
6829700119960530    .0
6829700119960531    .0
6829700119960601  17.0
6829700119960602    .0
6829700119960603    .0
6829700119960604    .0
6829700119960605    .0
6829700119960606    .0
6829700119960607    .0
6829700119960608   2.2
6829700119960609    .0
6829700119960610    .0
6829700119960611    .0
6829700119960612  18.4
6829700119960613    .0
6829700119960614    .0
6829700119960615    .0
6829700119960616    .0
6829700119960617    .0
6829700119960618    .0
6829700119960619    .0
6829700119960620   3.2
6829700119960621   9.8
6829700119960622   3.2
6829700119960623    .2
6829700119960624    .0
6829700119960625    .0
6829700119960626    .0
6829700119960627    .0
6829700119960628    .0
6829700119960629   1.2
6829700119960630   3.6
6829700119960701    .6
6829700119960702    .2
6829700119960703    .2
6829700119960704    .6
6829700119960705  12.6
6829700119960706    .8
6829700119960707  49.7
6829700119960708   8.0
6829700119960709   2.0
6829700119960710   3.0
6829700119960711    .0
6829700119960712    .0
6829700119960713    .0
6829700119960714    .0
6829700119960715    .0
6829700119960716    .0
6829700119960717    .0
6829700119960718    .2
6829700119960719    .0
6829700119960720    .0
6829700119960721    .0
6829700119960722    .0
6829700119960723   5.4
6829700119960724    .0
6829700119960725    .0
6829700119960726    .0
6829700119960727    .0
6829700119960728    .0
6829700119960729    .0
6829700119960730    .0
6829700119960731    .0
6829700119960801   1.6
6829700119960802   4.6
6829700119960803   4.8
6829700119960804    .0
6829700119960805   2.4
6829700119960806  16.2
6829700119960807    .6
6829700119960808    .0
6829700119960809    .2
6829700119960810  18.4
6829700119960811   5.4
6829700119960812   2.2
6829700119960813   1.6
6829700119960814    .0
6829700119960815   1.0
6829700119960816    .0
6829700119960817    .0
6829700119960818    .0
6829700119960819    .0
6829700119960820    .0
6829700119960821    .6
6829700119960822    .0
6829700119960823   3.0
6829700119960824    .2
6829700119960825    .6
6829700119960826   1.2
6829700119960827   4.8
6829700119960828   1.0
6829700119960829    .0
6829700119960830    .0
6829700119960831    .0
6829700119960901    .0
6829700119960902    .0
6829700119960903    .0
6829700119960904    .2
6829700119960905    .0
6829700119960906    .0
6829700119960907    .0
6829700119960908    .0
6829700119960909    .0
6829700119960910    .0
6829700119960911    .0
6829700119960912   1.0
6829700119960913   1.6
6829700119960914   9.2
6829700119960915    .2
6829700119960916    .0
6829700119960917    .0
6829700119960918    .2
6829700119960919    .0
6829700119960920   8.8
6829700119960921    .0
6829700119960922  13.8
6829700119960923    .8
6829700119960924    .8
6829700119960925    .0
6829700119960926    .0
6829700119960927    .2
6829700119960928    .0
6829700119960929    .0
6829700119960930    .0
6829700119961001   2.0
6829700119961002    .0
6829700119961003    .0
6829700119961004   6.0
6829700119961005    .2
6829700119961006    .0
6829700119961007    .0
6829700119961008    .2
6829700119961009    .0
6829700119961010    .0
6829700119961011    .0
6829700119961012    .2
6829700119961013    .0
6829700119961014    .0
6829700119961015  21.2
6829700119961016  22.8
6829700119961017   2.2
6829700119961018   2.2
6829700119961019   5.8
6829700119961020   5.4
6829700119961021    .8
6829700119961022    .0
6829700119961023    .0
6829700119961024    .0
6829700119961025   1.2
6829700119961026    .0
6829700119961027    .0
6829700119961028    .8
6829700119961029   4.4
6829700119961030    .0
6829700119961031    .8
6829700119961101    .0
6829700119961102    .0
6829700119961103    .0
6829700119961104   3.4
6829700119961105   3.8
6829700119961106    .4
6829700119961107   7.2
6829700119961108    .0
6829700119961109    .0
6829700119961110   3.8
6829700119961111   1.4
6829700119961112  16.6
6829700119961113  11.6
6829700119961114    .2
6829700119961115    .0
6829700119961116    .0
6829700119961117    .0
6829700119961118   8.0
6829700119961119    .6
6829700119961120   1.0
6829700119961121   1.6
6829700119961122    .0
6829700119961123   4.0
6829700119961124    .0
6829700119961125   4.6
6829700119961126    .2
6829700119961127  12.4
6829700119961128   1.2
6829700119961129  15.8
6829700119961130   6.0
6829700119961201    .2
6829700119961202   3.6
6829700119961203    .0
6829700119961204    .0
6829700119961205    .0
6829700119961206    .0
6829700119961207    .0
6829700119961208    .0
6829700119961209    .0
6829700119961210    .0
6829700119961211    .0
6829700119961212    .8
6829700119961213  14.6
6829700119961214   1.0
6829700119961215    .0
6829700119961216    .0
6829700119961217    .0
6829700119961218    .8
6829700119961219   5.0
6829700119961220   3.8
6829700119961221  10.8
6829700119961222   8.0
6829700119961223  17.6
6829700119961224    .2
6829700119961225    .0
6829700119961226    .0
6829700119961227    .0
6829700119961228    .0
6829700119961229    .0
6829700119961230   1.4
6829700119961231    .0
6829700119970101    .2
6829700119970102    .2
6829700119970103    .0
6829700119970104   4.0
6829700119970105    .0
6829700119970106    .0
6829700119970107    .0
6829700119970108    .0
6829700119970109   1.4
6829700119970110    .0
6829700119970111    .0
6829700119970112    .0
6829700119970113    .0
6829700119970114    .0
6829700119970115    .0
6829700119970116    .0
6829700119970117    .0
6829700119970118    .0
6829700119970119   9.0
6829700119970120    .0
6829700119970121    .2
6829700119970122  14.8
6829700119970123    .0
6829700119970124    .0
6829700119970125    .4
6829700119970126    .2
6829700119970127    .0
6829700119970128    .0
6829700119970129    .0
6829700119970130    .0
6829700119970131    .0
6829700119970201    .0
6829700119970202    .0
6829700119970203    .0
6829700119970204    .0
6829700119970205   2.0
6829700119970206    .0
6829700119970207    .0
6829700119970208    .0
6829700119970209    .0
6829700119970210    .4
6829700119970211   3.0
6829700119970212    .4
6829700119970213   7.6
6829700119970214  12.8
6829700119970215   4.2
6829700119970216    .0
6829700119970217    .0
6829700119970218   9.2
6829700119970219   1.6
6829700119970220    .8
6829700119970221    .0
6829700119970222    .0
6829700119970223    .8
6829700119970224   1.6
6829700119970225   7.0
6829700119970226  15.6
6829700119970227    .2
6829700119970228    .0
6829700119970301    .0
6829700119970302    .0
6829700119970303    .0
6829700119970304    .2
6829700119970305    .2
6829700119970306    .0
6829700119970307    .0
6829700119970308    .0
6829700119970309    .0
6829700119970310    .0
6829700119970311    .0
6829700119970312    .0
6829700119970313    .0
6829700119970314    .6
6829700119970315    .8
6829700119970316    .0
6829700119970317    .0
6829700119970318    .2
6829700119970319   3.2
6829700119970320    .0
6829700119970321    .0
6829700119970322    .0
6829700119970323    .8
6829700119970324    .0
6829700119970325   2.2
6829700119970326    .0
6829700119970327    .2
6829700119970328   1.4
6829700119970329    .6
6829700119970330    .0
6829700119970331    .0
6829700119970401    .0
6829700119970402    .0
6829700119970403    .2
6829700119970404    .2
6829700119970405    .2
6829700119970406   2.2
6829700119970407    .0
6829700119970408    .0
6829700119970409    .0
6829700119970410    .0
6829700119970411   2.0
6829700119970412    .0
6829700119970413    .0
6829700119970414    .0
6829700119970415    .0
6829700119970416    .0
6829700119970417    .0
6829700119970418    .0
6829700119970419   6.2
6829700119970420   1.2
6829700119970421    .0
6829700119970422    .0
6829700119970423    .0
6829700119970424    .0
6829700119970425   3.0
6829700119970426   7.8
6829700119970427    .4
6829700119970428   4.6
6829700119970429   4.0
6829700119970430   4.8
6829700119970501    .0
6829700119970502    .0
6829700119970503    .2
6829700119970504    .0
6829700119970505   6.6
6829700119970506   3.2
6829700119970507   1.4
6829700119970508    .0
6829700119970509  11.6
6829700119970510    .0
6829700119970511    .4
6829700119970512   1.4
6829700119970513    .2
6829700119970514    .0
6829700119970515    .0
6829700119970516   2.8
6829700119970517    .2
6829700119970518   1.6
6829700119970519   5.0
6829700119970520   7.6
6829700119970521   1.6
6829700119970522    .4
6829700119970523    .0
6829700119970524    .2
6829700119970525    .0
6829700119970526    .0
6829700119970527    .0
6829700119970528    .0
6829700119970529    .0
6829700119970530    .0
6829700119970531    .0
6829700119970601    .0
6829700119970602    .0
6829700119970603    .4
6829700119970604    .0
6829700119970605    .0
6829700119970606    .0
6829700119970607   5.6
6829700119970608    .0
6829700119970609    .0
6829700119970610    .0
6829700119970611  16.0
6829700119970612   2.4
6829700119970613   3.8
6829700119970614    .0
6829700119970615    .0
6829700119970616   6.0
6829700119970617    .0
6829700119970618    .0
6829700119970619    .2
6829700119970620   3.4
6829700119970621  30.2
6829700119970622   2.6
6829700119970623   2.2
6829700119970624   4.4
6829700119970625   3.2
6829700119970626  16.8
6829700119970627    .2
6829700119970628    .0
6829700119970629  16.6
6829700119970630   1.2
6829700119970701    .2
6829700119970702   4.8
6829700119970703   4.2
6829700119970704   4.4
6829700119970705  51.2
6829700119970706   3.6
6829700119970707    .2
6829700119970708    .2
6829700119970709    .0
6829700119970710    .0
6829700119970711    .4
6829700119970712    .0
6829700119970713    .2
6829700119970714  10.8
6829700119970715    .0
6829700119970716    .2
6829700119970717    .6
6829700119970718  12.4
6829700119970719    .6
6829700119970720    .2
6829700119970721    .2
6829700119970722    .6
6829700119970723   4.6
6829700119970724   3.4
6829700119970725   2.4
6829700119970726    .2
6829700119970727    .0
6829700119970728    .0
6829700119970729    .0
6829700119970730    .0
6829700119970731   2.2
6829700119970801   4.4
6829700119970802   1.6
6829700119970803    .2
6829700119970804    .2
6829700119970805   1.2
6829700119970806   7.6
6829700119970807   1.0
6829700119970808  12.8
6829700119970809    .2
6829700119970810    .0
6829700119970811    .0
6829700119970812    .2
6829700119970813    .0
6829700119970814    .0
6829700119970815    .0
6829700119970816    .0
6829700119970817    .2
6829700119970818    .0
6829700119970819    .0
6829700119970820    .0
6829700119970821    .0
6829700119970822    .0
6829700119970823    .0
6829700119970824    .0
6829700119970825   9.2
6829700119970826    .2
6829700119970827   4.4
6829700119970828  12.6
6829700119970829   1.0
6829700119970830    .8
6829700119970831    .0
6829700119970901    .4
6829700119970902  22.4
6829700119970903    .6
6829700119970904    .2
6829700119970905   2.2
6829700119970906  10.2
6829700119970907    .2
6829700119970908    .2
6829700119970909    .0
6829700119970910    .0
6829700119970911    .2
6829700119970912  19.2
6829700119970913    .8
6829700119970914    .0
6829700119970915    .2
6829700119970916    .4
6829700119970917    .2
6829700119970918    .2
6829700119970919    .2
6829700119970920    .0
6829700119970921    .2
6829700119970922    .2
6829700119970923    .2
6829700119970924    .0
6829700119970925    .2
6829700119970926    .2
6829700119970927    .4
6829700119970928    .2
6829700119970929    .2
6829700119970930    .0
6829700119971001    .0
6829700119971002    .0
6829700119971003    .0
6829700119971004    .0
6829700119971005    .2
6829700119971006    .0
6829700119971007  13.2
6829700119971008    .0
6829700119971009    .0
6829700119971010   8.4
6829700119971011  13.6
6829700119971012   6.2
6829700119971013   2.4
6829700119971014   3.2
6829700119971015   3.8
6829700119971016    .0
6829700119971017    .0
6829700119971018    .0
6829700119971019    .4
6829700119971020    .0
6829700119971021    .0
6829700119971022    .0
6829700119971023    .0
6829700119971024    .0
6829700119971025    .0
6829700119971026    .0
6829700119971027    .0
6829700119971028    .0
6829700119971029    .0
6829700119971030    .0
6829700119971031    .0
6829700119971101    .0
6829700119971102    .0
6829700119971103    .0
6829700119971104   5.8
6829700119971105   5.8
6829700119971106   2.0
6829700119971107    .0
6829700119971108   3.2
6829700119971109   8.2
6829700119971110   3.6
6829700119971111    .4
6829700119971112  11.4
6829700119971113    .0
6829700119971114    .0
6829700119971115   4.6
6829700119971116    .2
6829700119971117    .0
6829700119971118    .0
6829700119971119   6.0
6829700119971120   2.6
6829700119971121    .0
6829700119971122    .0
6829700119971123    .0
6829700119971124    .0
6829700119971125    .0
6829700119971126    .0
6829700119971127    .0
6829700119971128   3.6
6829700119971129    .8
6829700119971130   2.4
6829700119971201   3.2
6829700119971202   4.0
6829700119971203   2.2
6829700119971204    .0
6829700119971205    .0
6829700119971206    .0
6829700119971207    .0
6829700119971208    .0
6829700119971209    .2
6829700119971210   3.6
6829700119971211  14.4
6829700119971212   1.8
6829700119971213    .0
6829700119971214   2.6
6829700119971215    .2
6829700119971216   1.2
6829700119971217    .2
6829700119971218   2.2
6829700119971219   3.8
6829700119971220  20.4
6829700119971221  20.6
6829700119971222    .4
6829700119971223    .2
6829700119971224    .6
6829700119971225   2.4
6829700119971226   1.2
6829700119971227    .0
6829700119971228    .0
6829700119971229    .0
6829700119971230    .0
6829700119971231   2.4
6829700119980101   3.0
6829700119980102   1.8
6829700119980103   4.2
6829700119980104   9.2
6829700119980105  11.0
6829700119980106   1.8
6829700119980107    .0
6829700119980108    .0
6829700119980109    .0
6829700119980110    .0
6829700119980111    .0
6829700119980112    .0
6829700119980113    .0
6829700119980114    .0
6829700119980115   1.4
6829700119980116   9.4
6829700119980117    .0
6829700119980118   3.4
6829700119980119   4.4
6829700119980120   2.4
6829700119980121    .0
6829700119980122    .0
6829700119980123    .0
6829700119980124    .8
6829700119980125    .0
6829700119980126    .0
6829700119980127    .0
6829700119980128    .0
6829700119980129    .0
6829700119980130    .0
6829700119980131    .0
6829700119980201    .0
6829700119980202    .0
6829700119980203    .0
6829700119980204    .0
6829700119980205    .0
6829700119980206    .0
6829700119980207    .6
6829700119980208    .0
6829700119980209    .0
6829700119980210    .0
6829700119980211    .0
6829700119980212    .0
6829700119980213    .0
6829700119980214    .0
6829700119980215    .0
6829700119980216    .0
6829700119980217    .0
6829700119980218    .0
6829700119980219    .0
6829700119980220    .0
6829700119980221   2.2
6829700119980222  12.4
6829700119980223    .2
6829700119980224    .0
6829700119980225    .0
6829700119980226    .2
6829700119980227    .0
6829700119980228   5.0
6829700119980301    .0
6829700119980302    .0
6829700119980303    .0
6829700119980304   7.0
6829700119980305    .2
6829700119980306    .2
6829700119980307  15.4
6829700119980308   7.6
6829700119980309    .4
6829700119980310    .0
6829700119980311   1.6
6829700119980312   2.0
6829700119980313    .0
6829700119980314    .0
6829700119980315   1.0
6829700119980316    .4
6829700119980317    .0
6829700119980318    .0
6829700119980319    .0
6829700119980320   1.4
6829700119980321    .6
6829700119980322    .0
6829700119980323   5.4
6829700119980324    .0
6829700119980325    .0
6829700119980326    .0
6829700119980327    .0
6829700119980328    .0
6829700119980329    .0
6829700119980330    .0
6829700119980331    .0
6829700119980401    .0
6829700119980402   5.8
6829700119980403   9.2
6829700119980404   4.2
6829700119980405    .0
6829700119980406   8.0
6829700119980407  12.2
6829700119980408   1.2
6829700119980409   1.0
6829700119980410   3.6
6829700119980411  20.6
6829700119980412   2.3
6829700119980413   5.8
6829700119980414    .1
6829700119980415   4.0
6829700119980416    .0
6829700119980417   5.6
6829700119980418   4.4
6829700119980419   1.4
6829700119980420   5.6
6829700119980421    .0
6829700119980422    .0
6829700119980423    .0
6829700119980424    .0
6829700119980425   1.8
6829700119980426   1.0
6829700119980427    .2
6829700119980428   1.0
6829700119980429    .0
6829700119980430    .0
6829700119980501   2.4
6829700119980502   6.2
6829700119980503    .0
6829700119980504    .0
6829700119980505    .0
6829700119980506    .0
6829700119980507    .2
6829700119980508    .0
6829700119980509    .0
6829700119980510    .0
6829700119980511    .0
6829700119980512    .0
6829700119980513    .0
6829700119980514    .0
6829700119980515    .0
6829700119980516    .0
6829700119980517    .0
6829700119980518    .0
6829700119980519    .0
6829700119980520    .0
6829700119980521   6.0
6829700119980522    .0
6829700119980523    .0
6829700119980524    .0
6829700119980525    .2
6829700119980526   2.0
6829700119980527   8.0
6829700119980528   5.0
6829700119980529    .6
6829700119980530   5.4
6829700119980531   8.6
6829700119980601    .0
6829700119980602   1.0
6829700119980603    .0
6829700119980604    .0
6829700119980605    .0
6829700119980606   9.6
6829700119980607  10.6
6829700119980608    .0
6829700119980609    .0
6829700119980610  13.0
6829700119980611    .4
6829700119980612   3.0
6829700119980613    .2
6829700119980614    .6
6829700119980615    .8
6829700119980616   1.4
6829700119980617    .0
6829700119980618    .0
6829700119980619    .0
6829700119980620    .0
6829700119980621    .0
6829700119980622    .0
6829700119980623    .0
6829700119980624    .0
6829700119980625  10.4
6829700119980626    .0
6829700119980627   4.6
6829700119980628    .0
6829700119980629    .0
6829700119980630   3.0
6829700119980701   7.6
6829700119980702   9.0
6829700119980703   4.4
6829700119980704    .0
6829700119980705    .0
6829700119980706    .0
6829700119980707    .0
6829700119980708    .0
6829700119980709    .0
6829700119980710    .2
6829700119980711   2.0
6829700119980712    .0
6829700119980713   2.2
6829700119980714    .0
6829700119980715    .0
6829700119980716   2.8
6829700119980717    .0
6829700119980718    .0
6829700119980719    .0
6829700119980720    .0
6829700119980721    .0
6829700119980722    .0
6829700119980723    .0
6829700119980724   2.8
6829700119980725    .0
6829700119980726   5.4
6829700119980727  18.6
6829700119980728    .4
6829700119980729    .0
6829700119980730   1.4
6829700119980731    .0
6829700119980801   9.0
6829700119980802  17.2
6829700119980803    .0
6829700119980804    .0
6829700119980805    .0
6829700119980806    .2
6829700119980807    .2
6829700119980808    .0
6829700119980809    .0
6829700119980810    .0
6829700119980811    .0
6829700119980812   4.0
6829700119980813    .2
6829700119980814    .0
6829700119980815    .0
6829700119980816    .0
6829700119980817    .0
6829700119980818  10.6
6829700119980819    .2
6829700119980820    .0
6829700119980821   6.2
6829700119980822  11.2
6829700119980823    .2
6829700119980824  10.8
6829700119980825    .2
6829700119980826    .0
6829700119980827    .2
6829700119980828    .0
6829700119980829    .0
6829700119980830    .0
6829700119980831    .0
6829700119980901    .2
6829700119980902   4.0
6829700119980903   8.6
6829700119980904  18.8
6829700119980905   5.2
6829700119980906    .0
6829700119980907   3.8
6829700119980908    .0
6829700119980909    .4
6829700119980910  28.2
6829700119980911  17.2
6829700119980912   1.8
6829700119980913    .6
6829700119980914   2.2
6829700119980915   1.8
6829700119980916   3.2
6829700119980917   2.6
6829700119980918    .0
6829700119980919    .0
6829700119980920    .0
6829700119980921    .0
6829700119980922    .2
6829700119980923    .0
6829700119980924    .0
6829700119980925    .0
6829700119980926   1.4
6829700119980927   1.0
6829700119980928  12.8
6829700119980929   1.6
6829700119980930  21.2
6829700119981001   2.8
6829700119981002    .0
6829700119981003   1.6
6829700119981004   6.0
6829700119981005    .0
6829700119981006   2.0
6829700119981007   3.0
6829700119981008    .0
6829700119981009    .2
6829700119981010    .2
6829700119981011    .6
6829700119981012    .4
6829700119981013    .0
6829700119981014    .2
6829700119981015    .6
6829700119981016    .2
6829700119981017   9.8
6829700119981018    .0
6829700119981019    .0
6829700119981020    .0
6829700119981021    .0
6829700119981022    .0
6829700119981023   9.6
6829700119981024   6.6
6829700119981025   4.2
6829700119981026   6.6
6829700119981027    .0
6829700119981028    .0
6829700119981029  12.4
6829700119981030  10.2
6829700119981031   6.0
6829700119981101    .0
6829700119981102   6.6
6829700119981103  11.8
6829700119981104    .8
6829700119981105    .0
6829700119981106    .0
6829700119981107    .0
6829700119981108    .0
6829700119981109   1.2
6829700119981110  18.2
6829700119981111    .0
6829700119981112   1.4
6829700119981113    .0
6829700119981114   7.2
6829700119981115   5.3
6829700119981116   1.8
6829700119981117    .0
6829700119981118    .0
6829700119981119    .0
6829700119981120    .0
6829700119981121    .0
6829700119981122    .0
6829700119981123    .0
6829700119981124    .0
6829700119981125    .0
6829700119981126   3.6
6829700119981127   1.0
6829700119981128    .0
6829700119981129   5.6
6829700119981130    .0
6829700119981201    .0
6829700119981202    .0
6829700119981203    .0
6829700119981204    .0
6829700119981205    .6
6829700119981206    .0
6829700119981207    .0
6829700119981208    .0
6829700119981209   3.6
6829700119981210   2.8
6829700119981211   3.4
6829700119981212   9.8
6829700119981213    .0
6829700119981214    .0
6829700119981215    .0
6829700119981216    .0
6829700119981217    .0
6829700119981218    .0
6829700119981219    .4
6829700119981220   1.0
6829700119981221    .0
6829700119981222    .0
6829700119981223    .0
6829700119981224    .4
6829700119981225    .0
6829700119981226    .0
6829700119981227    .0
6829700119981228    .0
6829700119981229    .0
6829700119981230    .0
6829700119981231    .0
