6902900119940101   2.6
6902900119940102  12.8
6902900119940103    .2
6902900119940104    .0
6902900119940105    .0
6902900119940106  33.8
6902900119940107  23.2
6902900119940108    .0
6902900119940109    .0
6902900119940110  30.2
6902900119940111    .0
6902900119940112    .0
6902900119940113    .0
6902900119940114   3.4
6902900119940115   1.4
6902900119940116    .8
6902900119940117    .0
6902900119940118    .0
6902900119940119    .0
6902900119940120    .2
6902900119940121    .0
6902900119940122    .0
6902900119940123   1.2
6902900119940124   6.0
6902900119940125   4.6
6902900119940126    .2
6902900119940127   1.0
6902900119940128    .0
6902900119940129    .0
6902900119940130    .2
6902900119940131    .0
6902900119940201    .0
6902900119940202    .4
6902900119940203    .2
6902900119940204   1.4
6902900119940205    .8
6902900119940206   1.0
6902900119940207   2.6
6902900119940208   1.0
6902900119940209   3.2
6902900119940210   1.8
6902900119940211    .0
6902900119940212    .0
6902900119940213   2.0
6902900119940214    .0
6902900119940215    .8
6902900119940216    .0
6902900119940217    .0
6902900119940218    .0
6902900119940219    .4
6902900119940220   2.6
6902900119940221    .0
6902900119940222    .0
6902900119940223   7.0
6902900119940224    .4
6902900119940225    .0
6902900119940226    .0
6902900119940227    .0
6902900119940228    .0
6902900119940301    .1
6902900119940302   3.6
6902900119940303   3.0
6902900119940304    .0
6902900119940305    .0
6902900119940306    .4
6902900119940307    .0
6902900119940308    .0
6902900119940309    .0
6902900119940310    .0
6902900119940311    .0
6902900119940312    .6
6902900119940313   1.0
6902900119940314    .0
6902900119940315    .0
6902900119940316    .0
6902900119940317    .0
6902900119940318    .0
6902900119940319    .0
6902900119940320    .0
6902900119940321   6.2
6902900119940322    .0
6902900119940323    .0
6902900119940324    .0
6902900119940325   3.8
6902900119940326    .8
6902900119940327    .0
6902900119940328    .0
6902900119940329    .0
6902900119940330    .0
6902900119940331    .4
6902900119940401   3.4
6902900119940402   1.4
6902900119940403    .4
6902900119940404  12.4
6902900119940405   3.0
6902900119940406   6.0
6902900119940407  14.0
6902900119940408    .2
6902900119940409   3.6
6902900119940410    .0
6902900119940411    .0
6902900119940412  14.4
6902900119940413    .0
6902900119940414   1.6
6902900119940415    .0
6902900119940416    .6
6902900119940417    .2
6902900119940418    .0
6902900119940419    .4
6902900119940420    .4
6902900119940421   6.0
6902900119940422    .0
6902900119940423    .0
6902900119940424  18.4
6902900119940425   4.0
6902900119940426    .0
6902900119940427    .2
6902900119940428    .0
6902900119940429    .0
6902900119940430    .0
6902900119940501    .0
6902900119940502    .0
6902900119940503   5.0
6902900119940504   4.6
6902900119940505    .0
6902900119940506    .0
6902900119940507   2.0
6902900119940508  10.0
6902900119940509   1.2
6902900119940510    .0
6902900119940511   3.2
6902900119940512   2.4
6902900119940513   6.8
6902900119940514   2.6
6902900119940515    .0
6902900119940516   3.4
6902900119940517   5.6
6902900119940518   9.8
6902900119940519   7.0
6902900119940520   1.2
6902900119940521   2.6
6902900119940522   1.4
6902900119940523    .2
6902900119940524   4.2
6902900119940525   1.6
6902900119940526   4.2
6902900119940527    .0
6902900119940528   5.8
6902900119940529   1.2
6902900119940530    .0
6902900119940531    .0
6902900119940601    .0
6902900119940602   9.4
6902900119940603    .1
6902900119940604    .0
6902900119940605    .0
6902900119940606    .0
6902900119940607    .0
6902900119940608  17.8
6902900119940609    .0
6902900119940610    .0
6902900119940611    .0
6902900119940612    .0
6902900119940613    .0
6902900119940614    .0
6902900119940615    .0
6902900119940616    .0
6902900119940617    .0
6902900119940618    .0
6902900119940619  35.8
6902900119940620    .0
6902900119940621    .0
6902900119940622    .0
6902900119940623    .0
6902900119940624    .0
6902900119940625    .2
6902900119940626   9.0
6902900119940627   1.6
6902900119940628    .0
6902900119940629    .0
6902900119940630    .0
6902900119940701    .0
6902900119940702    .0
6902900119940703    .0
6902900119940704   2.8
6902900119940705    .0
6902900119940706    .0
6902900119940707    .0
6902900119940708    .4
6902900119940709    .0
6902900119940710    .0
6902900119940711    .0
6902900119940712    .0
6902900119940713    .0
6902900119940714   8.9
6902900119940715    .0
6902900119940716    .0
6902900119940717    .0
6902900119940718  15.4
6902900119940719  22.2
6902900119940720   2.8
6902900119940721    .0
6902900119940722    .0
6902900119940723    .0
6902900119940724    .0
6902900119940725    .0
6902900119940726    .0
6902900119940727    .0
6902900119940728    .0
6902900119940729    .6
6902900119940730    .0
6902900119940731   2.2
6902900119940801    .0
6902900119940802    .0
6902900119940803    .0
6902900119940804    .0
6902900119940805    .0
6902900119940806    .0
6902900119940807    .2
6902900119940808    .6
6902900119940809    .0
6902900119940810  28.4
6902900119940811    .2
6902900119940812    .0
6902900119940813   2.6
6902900119940814    .0
6902900119940815    .0
6902900119940816    .0
6902900119940817    .4
6902900119940818    .2
6902900119940819    .0
6902900119940820    .0
6902900119940821    .0
6902900119940822    .0
6902900119940823   6.4
6902900119940824    .0
6902900119940825   4.0
6902900119940826    .2
6902900119940827    .0
6902900119940828    .0
6902900119940829    .0
6902900119940830    .4
6902900119940831  10.0
6902900119940901    .0
6902900119940902    .0
6902900119940903    .0
6902900119940904    .0
6902900119940905    .0
6902900119940906    .0
6902900119940907  20.6
6902900119940908  20.4
6902900119940909    .0
6902900119940910    .8
6902900119940911    .0
6902900119940912  38.4
6902900119940913  20.2
6902900119940914  10.0
6902900119940915   3.2
6902900119940916  25.0
6902900119940917    .2
6902900119940918    .0
6902900119940919    .0
6902900119940920  14.2
6902900119940921   3.0
6902900119940922   1.8
6902900119940923   6.8
6902900119940924    .0
6902900119940925    .0
6902900119940926   7.8
6902900119940927    .0
6902900119940928    .0
6902900119940929   4.8
6902900119940930   1.0
6902900119941001    .0
6902900119941002   3.2
6902900119941003   1.4
6902900119941004    .0
6902900119941005    .0
6902900119941006    .0
6902900119941007    .0
6902900119941008    .0
6902900119941009    .0
6902900119941010    .0
6902900119941011    .0
6902900119941012    .0
6902900119941013    .0
6902900119941014    .0
6902900119941015    .0
6902900119941016    .0
6902900119941017    .0
6902900119941018    .0
6902900119941019   1.8
6902900119941020  27.4
6902900119941021   2.0
6902900119941022   9.2
6902900119941023    .6
6902900119941024    .4
6902900119941025    .2
6902900119941026    .2
6902900119941027  10.6
6902900119941028  10.2
6902900119941029    .0
6902900119941030    .0
6902900119941031    .0
6902900119941101    .0
6902900119941102    .0
6902900119941103    .0
6902900119941104   3.6
6902900119941105  52.4
6902900119941106    .0
6902900119941107    .8
6902900119941108    .0
6902900119941109  11.6
6902900119941110   9.4
6902900119941111   2.2
6902900119941112    .4
6902900119941113    .0
6902900119941114    .0
6902900119941115    .6
6902900119941116    .0
6902900119941117    .6
6902900119941118  12.6
6902900119941119   3.6
6902900119941120    .0
6902900119941121    .0
6902900119941122    .0
6902900119941123    .0
6902900119941124    .0
6902900119941125    .0
6902900119941126    .0
6902900119941127    .0
6902900119941128    .0
6902900119941129    .0
6902900119941130    .0
6902900119941201    .0
6902900119941202    .0
6902900119941203    .0
6902900119941204    .2
6902900119941205   3.2
6902900119941206    .0
6902900119941207    .8
6902900119941208    .4
6902900119941209   3.2
6902900119941210    .0
6902900119941211    .0
6902900119941212    .0
6902900119941213    .0
6902900119941214    .2
6902900119941215    .0
6902900119941216    .0
6902900119941217    .0
6902900119941218   1.8
6902900119941219   3.4
6902900119941220   1.2
6902900119941221    .0
6902900119941222    .0
6902900119941223    .0
6902900119941224    .0
6902900119941225    .0
6902900119941226    .8
6902900119941227   2.4
6902900119941228   1.2
6902900119941229   1.2
6902900119941230   5.6
6902900119941231    .4
6902900119950101    .6
6902900119950102    .2
6902900119950103    .0
6902900119950104    .0
6902900119950105    .6
6902900119950106   6.6
6902900119950107    .0
6902900119950108   3.6
6902900119950109    .4
6902900119950110   3.0
6902900119950111   5.8
6902900119950112    .4
6902900119950113    .0
6902900119950114    .0
6902900119950115    .0
6902900119950116    .0
6902900119950117    .0
6902900119950118  16.2
6902900119950119    .0
6902900119950120   7.4
6902900119950121    .6
6902900119950122    .0
6902900119950123   8.0
6902900119950124   1.8
6902900119950125    .0
6902900119950126  12.8
6902900119950127    .4
6902900119950128    .2
6902900119950129   9.0
6902900119950130   3.2
6902900119950131    .0
6902900119950201   2.6
6902900119950202   4.0
6902900119950203    .0
6902900119950204   1.0
6902900119950205    .4
6902900119950206    .0
6902900119950207    .0
6902900119950208   5.8
6902900119950209   2.0
6902900119950210   9.4
6902900119950211   5.8
6902900119950212    .0
6902900119950213   6.6
6902900119950214   1.0
6902900119950215   4.8
6902900119950216    .0
6902900119950217  22.8
6902900119950218   4.0
6902900119950219    .0
6902900119950220    .0
6902900119950221   5.6
6902900119950222    .0
6902900119950223   1.4
6902900119950224  11.0
6902900119950225  14.0
6902900119950226   1.0
6902900119950227    .0
6902900119950228    .0
6902900119950301    .0
6902900119950302    .0
6902900119950303   9.0
6902900119950304    .0
6902900119950305   5.0
6902900119950306   1.2
6902900119950307    .0
6902900119950308   3.8
6902900119950309    .0
6902900119950310    .0
6902900119950311    .0
6902900119950312    .0
6902900119950313    .0
6902900119950314    .0
6902900119950315   1.2
6902900119950316    .0
6902900119950317    .6
6902900119950318   5.2
6902900119950319   3.4
6902900119950320    .0
6902900119950321    .0
6902900119950322    .0
6902900119950323    .0
6902900119950324    .0
6902900119950325    .0
6902900119950326    .2
6902900119950327   4.6
6902900119950328   2.6
6902900119950329   6.0
6902900119950330    .0
6902900119950331    .0
6902900119950401    .0
6902900119950402    .0
6902900119950403    .0
6902900119950404    .0
6902900119950405    .0
6902900119950406    .0
6902900119950407    .0
6902900119950408    .0
6902900119950409    .0
6902900119950410    .0
6902900119950411    .0
6902900119950412    .0
6902900119950413    .0
6902900119950414    .0
6902900119950415   1.6
6902900119950416    .0
6902900119950417    .0
6902900119950418    .0
6902900119950419   9.6
6902900119950420   3.8
6902900119950421  40.4
6902900119950422  10.8
6902900119950423  27.8
6902900119950424   1.4
6902900119950425   7.6
6902900119950426   5.4
6902900119950427    .0
6902900119950428    .0
6902900119950429   4.6
6902900119950430    .0
6902900119950501    .0
6902900119950502    .0
6902900119950503    .0
6902900119950504    .0
6902900119950505    .0
6902900119950506    .0
6902900119950507    .0
6902900119950508    .0
6902900119950509    .0
6902900119950510    .0
6902900119950511    .2
6902900119950512  17.4
6902900119950513  16.6
6902900119950514    .0
6902900119950515  11.0
6902900119950516   8.4
6902900119950517   3.6
6902900119950518   7.2
6902900119950519    .0
6902900119950520    .0
6902900119950521    .0
6902900119950522    .0
6902900119950523    .0
6902900119950524    .0
6902900119950525  24.4
6902900119950526   6.8
6902900119950527    .0
6902900119950528    .0
6902900119950529   1.4
6902900119950530   5.2
6902900119950531  13.4
6902900119950601    .0
6902900119950602    .0
6902900119950603   2.4
6902900119950604    .4
6902900119950605    .0
6902900119950606    .0
6902900119950607    .0
6902900119950608   5.8
6902900119950609    .0
6902900119950610    .2
6902900119950611    .0
6902900119950612   1.4
6902900119950613   3.0
6902900119950614    .0
6902900119950615    .0
6902900119950616    .0
6902900119950617   2.4
6902900119950618   2.0
6902900119950619    .0
6902900119950620    .0
6902900119950621    .0
6902900119950622    .0
6902900119950623    .0
6902900119950624    .0
6902900119950625    .0
6902900119950626    .0
6902900119950627    .0
6902900119950628    .0
6902900119950629    .0
6902900119950630    .0
6902900119950701   2.0
6902900119950702   5.4
6902900119950703   2.2
6902900119950704    .0
6902900119950705    .0
6902900119950706    .0
6902900119950707    .0
6902900119950708    .0
6902900119950709    .0
6902900119950710    .0
6902900119950711   3.0
6902900119950712    .0
6902900119950713    .0
6902900119950714   1.6
6902900119950715   2.2
6902900119950716    .2
6902900119950717    .0
6902900119950718    .0
6902900119950719    .0
6902900119950720    .0
6902900119950721    .0
6902900119950722    .0
6902900119950723    .0
6902900119950724    .0
6902900119950725    .0
6902900119950726   1.6
6902900119950727    .0
6902900119950728    .0
6902900119950729    .0
6902900119950730    .0
6902900119950731    .8
6902900119950801    .0
6902900119950802    .0
6902900119950803    .0
6902900119950804    .0
6902900119950805    .0
6902900119950806   4.2
6902900119950807    .8
6902900119950808  20.2
6902900119950809    .0
6902900119950810    .0
6902900119950811    .0
6902900119950812    .0
6902900119950813    .0
6902900119950814    .0
6902900119950815    .0
6902900119950816    .0
6902900119950817    .0
6902900119950818    .0
6902900119950819    .0
6902900119950820    .0
6902900119950821    .0
6902900119950822    .0
6902900119950823  21.8
6902900119950824   2.4
6902900119950825    .0
6902900119950826    .0
6902900119950827   3.0
6902900119950828    .0
6902900119950829    .0
6902900119950830    .0
6902900119950831    .0
6902900119950901    .0
6902900119950902    .0
6902900119950903    .0
6902900119950904    .0
6902900119950905    .0
6902900119950906    .0
6902900119950907  32.2
6902900119950908   1.6
6902900119950909    .0
6902900119950910   9.2
6902900119950911   5.4
6902900119950912  47.2
6902900119950913   7.0
6902900119950914    .0
6902900119950915    .6
6902900119950916   2.8
6902900119950917   1.2
6902900119950918  20.2
6902900119950919   5.6
6902900119950920   8.6
6902900119950921    .2
6902900119950922    .0
6902900119950923    .0
6902900119950924  11.0
6902900119950925    .2
6902900119950926    .0
6902900119950927    .0
6902900119950928    .0
6902900119950929    .0
6902900119950930    .0
6902900119951001    .0
6902900119951002   4.6
6902900119951003    .6
6902900119951004  30.2
6902900119951005  39.8
6902900119951006    .0
6902900119951007    .0
6902900119951008    .0
6902900119951009    .0
6902900119951010    .0
6902900119951011    .0
6902900119951012    .0
6902900119951013    .0
6902900119951014    .0
6902900119951015    .0
6902900119951016    .0
6902900119951017    .0
6902900119951018    .0
6902900119951019    .0
6902900119951020    .0
6902900119951021    .0
6902900119951022    .0
6902900119951023    .0
6902900119951024    .0
6902900119951025    .6
6902900119951026    .0
6902900119951027   6.4
6902900119951028   5.2
6902900119951029   1.0
6902900119951030  11.6
6902900119951031    .0
6902900119951101    .0
6902900119951102    .0
6902900119951103    .0
6902900119951104    .0
6902900119951105    .0
6902900119951106    .0
6902900119951107    .0
6902900119951108    .0
6902900119951109    .0
6902900119951110    .6
6902900119951111    .0
6902900119951112  11.4
6902900119951113  10.8
6902900119951114    .2
6902900119951115   4.2
6902900119951116   1.0
6902900119951117   3.0
6902900119951118    .0
6902900119951119    .0
6902900119951120    .0
6902900119951121    .0
6902900119951122   2.4
6902900119951123    .0
6902900119951124    .0
6902900119951125    .0
6902900119951126  18.4
6902900119951127   6.8
6902900119951128    .0
6902900119951129    .0
6902900119951130    .0
6902900119951201    .0
6902900119951202   1.2
6902900119951203    .2
6902900119951204    .0
6902900119951205    .0
6902900119951206    .0
6902900119951207   5.0
6902900119951208    .2
6902900119951209    .0
6902900119951210    .0
6902900119951211    .0
6902900119951212    .0
6902900119951213    .0
6902900119951214    .8
6902900119951215   1.0
6902900119951216   9.6
6902900119951217  19.2
6902900119951218    .4
6902900119951219    .0
6902900119951220    .0
6902900119951221    .0
6902900119951222    .4
6902900119951223   3.0
6902900119951224    .2
6902900119951225    .4
6902900119951226   7.8
6902900119951227    .0
6902900119951228   4.8
6902900119951229   2.4
6902900119951230   7.6
6902900119951231   2.6
6902900119960101   4.6
6902900119960102    .6
6902900119960103    .0
6902900119960104    .0
6902900119960105  11.4
6902900119960106   6.4
6902900119960107   3.2
6902900119960108    .0
6902900119960109   1.0
6902900119960110    .4
6902900119960111    .0
6902900119960112   7.8
6902900119960113    .0
6902900119960114    .0
6902900119960115    .0
6902900119960116    .0
6902900119960117    .0
6902900119960118    .0
6902900119960119    .0
6902900119960120    .0
6902900119960121    .0
6902900119960122    .0
6902900119960123    .2
6902900119960124    .2
6902900119960125    .0
6902900119960126    .8
6902900119960127    .0
6902900119960128   1.6
6902900119960129    .0
6902900119960130    .0
6902900119960131    .0
6902900119960201    .4
6902900119960202  16.6
6902900119960203    .2
6902900119960204    .0
6902900119960205    .0
6902900119960206   6.6
6902900119960207   5.0
6902900119960208    .0
6902900119960209   2.2
6902900119960210    .0
6902900119960211   1.2
6902900119960212  10.4
6902900119960213   1.6
6902900119960214    .0
6902900119960215    .0
6902900119960216    .0
6902900119960217    .0
6902900119960218   2.0
6902900119960219   2.0
6902900119960220    .2
6902900119960221    .0
6902900119960222    .0
6902900119960223    .0
6902900119960224    .0
6902900119960225    .0
6902900119960226    .0
6902900119960227    .8
6902900119960228    .0
6902900119960229    .0
6902900119960301    .0
6902900119960302    .0
6902900119960303    .0
6902900119960304    .0
6902900119960305    .0
6902900119960306    .0
6902900119960307    .0
6902900119960308    .0
6902900119960309    .0
6902900119960310    .0
6902900119960311    .0
6902900119960312    .0
6902900119960313    .0
6902900119960314  12.2
6902900119960315   1.0
6902900119960316   3.6
6902900119960317   6.4
6902900119960318    .4
6902900119960319    .0
6902900119960320    .0
6902900119960321   1.2
6902900119960322    .0
6902900119960323    .0
6902900119960324    .0
6902900119960325    .0
6902900119960326   8.8
6902900119960327    .6
6902900119960328    .0
6902900119960329    .0
6902900119960330    .0
6902900119960331    .0
6902900119960401  15.2
6902900119960402    .0
6902900119960403    .0
6902900119960404    .0
6902900119960405    .0
6902900119960406    .0
6902900119960407    .0
6902900119960408    .0
6902900119960409    .0
6902900119960410    .0
6902900119960411   2.2
6902900119960412    .0
6902900119960413   1.8
6902900119960414    .0
6902900119960415    .0
6902900119960416    .0
6902900119960417   4.4
6902900119960418    .0
6902900119960419    .0
6902900119960420    .0
6902900119960421    .0
6902900119960422    .0
6902900119960423  13.4
6902900119960424    .0
6902900119960425    .0
6902900119960426    .0
6902900119960427    .0
6902900119960428   3.2
6902900119960429  25.4
6902900119960430    .0
6902900119960501   5.4
6902900119960502  11.4
6902900119960503   2.6
6902900119960504    .0
6902900119960505    .0
6902900119960506    .0
6902900119960507    .2
6902900119960508   8.0
6902900119960509   5.2
6902900119960510    .0
6902900119960511    .0
6902900119960512   4.0
6902900119960513    .0
6902900119960514    .0
6902900119960515    .0
6902900119960516    .0
6902900119960517    .0
6902900119960518  44.8
6902900119960519   5.4
6902900119960520    .0
6902900119960521   1.8
6902900119960522    .2
6902900119960523    .0
6902900119960524   2.2
6902900119960525   4.0
6902900119960526    .8
6902900119960527    .2
6902900119960528    .0
6902900119960529    .0
6902900119960530    .0
6902900119960531    .0
6902900119960601  13.8
6902900119960602  19.2
6902900119960603    .0
6902900119960604    .0
6902900119960605    .0
6902900119960606    .0
6902900119960607    .0
6902900119960608    .0
6902900119960609    .0
6902900119960610    .0
6902900119960611    .0
6902900119960612    .0
6902900119960613    .0
6902900119960614    .0
6902900119960615    .0
6902900119960616    .0
6902900119960617    .0
6902900119960618    .0
6902900119960619    .0
6902900119960620    .4
6902900119960621  22.4
6902900119960622    .4
6902900119960623    .4
6902900119960624    .0
6902900119960625    .0
6902900119960626    .0
6902900119960627    .0
6902900119960628    .0
6902900119960629    .0
6902900119960630    .0
6902900119960701    .0
6902900119960702    .0
6902900119960703    .0
6902900119960704   4.0
6902900119960705  41.8
6902900119960706    .2
6902900119960707  48.4
6902900119960708   3.6
6902900119960709    .0
6902900119960710    .2
6902900119960711    .0
6902900119960712    .0
6902900119960713    .0
6902900119960714    .0
6902900119960715    .0
6902900119960716    .0
6902900119960717    .0
6902900119960718    .0
6902900119960719    .0
6902900119960720    .0
6902900119960721    .0
6902900119960722    .0
6902900119960723  17.4
6902900119960724   2.4
6902900119960725    .0
6902900119960726    .0
6902900119960727    .4
6902900119960728   2.4
6902900119960729   2.3
6902900119960730    .0
6902900119960731    .0
6902900119960801    .0
6902900119960802   2.6
6902900119960803    .0
6902900119960804    .0
6902900119960805    .0
6902900119960806   2.0
6902900119960807    .2
6902900119960808    .0
6902900119960809    .0
6902900119960810  17.4
6902900119960811    .4
6902900119960812    .0
6902900119960813    .2
6902900119960814    .0
6902900119960815    .0
6902900119960816    .0
6902900119960817    .0
6902900119960818    .0
6902900119960819    .0
6902900119960820   2.4
6902900119960821  16.0
6902900119960822    .2
6902900119960823   2.4
6902900119960824    .0
6902900119960825    .0
6902900119960826    .0
6902900119960827   2.6
6902900119960828    .0
6902900119960829    .2
6902900119960830    .0
6902900119960831    .0
6902900119960901    .0
6902900119960902    .0
6902900119960903    .0
6902900119960904    .0
6902900119960905    .0
6902900119960906    .0
6902900119960907    .0
6902900119960908    .0
6902900119960909    .0
6902900119960910    .0
6902900119960911    .0
6902900119960912    .0
6902900119960913    .2
6902900119960914    .0
6902900119960915    .0
6902900119960916    .0
6902900119960917    .0
6902900119960918    .4
6902900119960919  13.2
6902900119960920    .0
6902900119960921  11.4
6902900119960922    .0
6902900119960923    .2
6902900119960924    .0
6902900119960925    .8
6902900119960926    .0
6902900119960927   1.0
6902900119960928    .2
6902900119960929    .0
6902900119960930    .0
6902900119961001   7.8
6902900119961002    .0
6902900119961003    .0
6902900119961004   1.0
6902900119961005    .8
6902900119961006    .0
6902900119961007    .0
6902900119961008    .0
6902900119961009    .0
6902900119961010    .0
6902900119961011    .2
6902900119961012    .0
6902900119961013    .0
6902900119961014   5.0
6902900119961015  21.6
6902900119961016   5.2
6902900119961017    .4
6902900119961018   1.4
6902900119961019   1.4
6902900119961020   2.0
6902900119961021    .6
6902900119961022    .0
6902900119961023    .0
6902900119961024    .0
6902900119961025    .0
6902900119961026    .0
6902900119961027    .2
6902900119961028    .4
6902900119961029   1.0
6902900119961030    .0
6902900119961031    .0
6902900119961101    .2
6902900119961102    .2
6902900119961103    .2
6902900119961104  15.6
6902900119961105    .2
6902900119961106    .0
6902900119961107   3.4
6902900119961108    .2
6902900119961109    .0
6902900119961110   1.6
6902900119961111  19.0
6902900119961112  70.8
6902900119961113   1.2
6902900119961114    .4
6902900119961115   2.0
6902900119961116    .0
6902900119961117  19.6
6902900119961118  26.8
6902900119961119    .2
6902900119961120    .8
6902900119961121  15.0
6902900119961122    .0
6902900119961123    .4
6902900119961124    .8
6902900119961125  22.6
6902900119961126   2.2
6902900119961127   5.0
6902900119961128    .0
6902900119961129   7.4
6902900119961130   2.6
6902900119961201    .0
6902900119961202    .0
6902900119961203    .2
6902900119961204    .0
6902900119961205    .0
6902900119961206    .0
6902900119961207    .0
6902900119961208    .0
6902900119961209    .0
6902900119961210    .0
6902900119961211    .0
6902900119961212   5.2
6902900119961213  10.8
6902900119961214    .4
6902900119961215    .0
6902900119961216    .0
6902900119961217    .0
6902900119961218   1.4
6902900119961219  41.2
6902900119961220    .0
6902900119961221    .8
6902900119961222   9.4
6902900119961223  11.6
6902900119961224    .0
6902900119961225    .0
6902900119961226    .0
6902900119961227    .0
6902900119961228    .0
6902900119961229    .0
6902900119961230    .0
6902900119961231   3.4
6902900119970101    .0
6902900119970102  17.0
6902900119970103   5.0
6902900119970104   1.2
6902900119970105    .6
6902900119970106    .0
6902900119970107    .0
6902900119970108  12.6
6902900119970109   1.2
6902900119970110    .0
6902900119970111    .0
6902900119970112    .0
6902900119970113    .0
6902900119970114    .0
6902900119970115    .0
6902900119970116    .0
6902900119970117    .8
6902900119970118    .0
6902900119970119  14.0
6902900119970120  20.0
6902900119970121    .0
6902900119970122    .0
6902900119970123    .0
6902900119970124    .0
6902900119970125    .0
6902900119970126    .0
6902900119970127    .0
6902900119970128    .0
6902900119970129    .0
6902900119970130    .0
6902900119970131    .0
6902900119970201    .0
6902900119970202    .0
6902900119970203    .0
6902900119970204    .2
6902900119970205   3.0
6902900119970206    .0
6902900119970207    .0
6902900119970208    .0
6902900119970209    .0
6902900119970210    .2
6902900119970211    .8
6902900119970212    .0
6902900119970213   4.4
6902900119970214   4.8
6902900119970215   1.2
6902900119970216    .0
6902900119970217    .0
6902900119970218    .2
6902900119970219    .0
6902900119970220    .0
6902900119970221    .0
6902900119970222    .0
6902900119970223   1.0
6902900119970224    .4
6902900119970225    .0
6902900119970226   5.2
6902900119970227    .0
6902900119970228    .0
6902900119970301    .0
6902900119970302    .0
6902900119970303    .0
6902900119970304    .0
6902900119970305    .0
6902900119970306    .2
6902900119970307    .0
6902900119970308    .0
6902900119970309    .0
6902900119970310    .0
6902900119970311    .0
6902900119970312    .0
6902900119970313    .0
6902900119970314   2.8
6902900119970315    .0
6902900119970316    .0
6902900119970317    .0
6902900119970318    .2
6902900119970319   2.2
6902900119970320    .0
6902900119970321    .0
6902900119970322    .0
6902900119970323    .2
6902900119970324    .0
6902900119970325    .0
6902900119970326    .0
6902900119970327    .0
6902900119970328    .0
6902900119970329    .0
6902900119970330    .0
6902900119970331    .0
6902900119970401    .0
6902900119970402    .0
6902900119970403    .0
6902900119970404    .0
6902900119970405    .0
6902900119970406    .0
6902900119970407    .0
6902900119970408    .0
6902900119970409    .0
6902900119970410    .0
6902900119970411    .0
6902900119970412    .0
6902900119970413    .0
6902900119970414    .0
6902900119970415    .0
6902900119970416    .0
6902900119970417    .0
6902900119970418    .0
6902900119970419    .0
6902900119970420    .0
6902900119970421    .0
6902900119970422    .0
6902900119970423    .0
6902900119970424    .0
6902900119970425   1.6
6902900119970426  16.0
6902900119970427   3.4
6902900119970428    .6
6902900119970429   2.2
6902900119970430    .0
6902900119970501    .0
6902900119970502    .0
6902900119970503    .2
6902900119970504    .6
6902900119970505  17.2
6902900119970506   5.2
6902900119970507   4.2
6902900119970508    .0
6902900119970509   8.0
6902900119970510    .0
6902900119970511  25.6
6902900119970512   9.0
6902900119970513    .6
6902900119970514   1.0
6902900119970515  10.6
6902900119970516    .0
6902900119970517    .1
6902900119970518    .0
6902900119970519   1.2
6902900119970520   5.4
6902900119970521   3.0
6902900119970522   3.8
6902900119970523    .0
6902900119970524    .0
6902900119970525    .0
6902900119970526    .0
6902900119970527    .0
6902900119970528    .0
6902900119970529    .0
6902900119970530    .0
6902900119970531    .0
6902900119970601   9.2
6902900119970602    .0
6902900119970603    .0
6902900119970604   1.8
6902900119970605   5.8
6902900119970606    .0
6902900119970607    .2
6902900119970608    .0
6902900119970609    .0
6902900119970610    .0
6902900119970611   2.2
6902900119970612    .4
6902900119970613   6.0
6902900119970614   4.8
6902900119970615    .0
6902900119970616   2.6
6902900119970617    .0
6902900119970618    .0
6902900119970619   1.0
6902900119970620   2.2
6902900119970621  57.4
6902900119970622   3.0
6902900119970623   6.4
6902900119970624    .4
6902900119970625   1.0
6902900119970626   1.2
6902900119970627    .0
6902900119970628   3.0
6902900119970629   3.0
6902900119970630  63.4
6902900119970701    .6
6902900119970702   7.6
6902900119970703   6.2
6902900119970704    .8
6902900119970705   1.0
6902900119970706    .0
6902900119970707    .0
6902900119970708    .0
6902900119970709    .0
6902900119970710    .0
6902900119970711    .0
6902900119970712    .0
6902900119970713    .0
6902900119970714   1.4
6902900119970715    .0
6902900119970716    .0
6902900119970717  15.2
6902900119970718  14.8
6902900119970719    .0
6902900119970720    .0
6902900119970721    .0
6902900119970722    .0
6902900119970723    .8
6902900119970724   4.4
6902900119970725   3.6
6902900119970726   2.8
6902900119970727    .0
6902900119970728    .0
6902900119970729    .0
6902900119970730    .0
6902900119970731    .0
6902900119970801    .0
6902900119970802    .0
6902900119970803    .0
6902900119970804    .0
6902900119970805    .0
6902900119970806    .0
6902900119970807    .0
6902900119970808    .0
6902900119970809    .0
6902900119970810    .0
6902900119970811    .0
6902900119970812    .0
6902900119970813    .0
6902900119970814    .0
6902900119970815    .0
6902900119970816    .2
6902900119970817    .0
6902900119970818    .0
6902900119970819    .0
6902900119970820    .0
6902900119970821    .0
6902900119970822    .0
6902900119970823    .0
6902900119970824    .0
6902900119970825    .0
6902900119970826    .0
6902900119970827  20.6
6902900119970828  16.0
6902900119970829    .2
6902900119970830    .4
6902900119970831    .0
6902900119970901   2.8
6902900119970902    .0
6902900119970903    .0
6902900119970904    .0
6902900119970905    .0
6902900119970906    .0
6902900119970907    .0
6902900119970908    .0
6902900119970909    .0
6902900119970910    .0
6902900119970911    .0
6902900119970912  19.6
6902900119970913   1.6
6902900119970914    .0
6902900119970915    .0
6902900119970916    .2
6902900119970917    .0
6902900119970918    .0
6902900119970919    .0
6902900119970920    .2
6902900119970921    .0
6902900119970922    .0
6902900119970923    .0
6902900119970924    .0
6902900119970925    .0
6902900119970926    .0
6902900119970927    .0
6902900119970928    .0
6902900119970929    .0
6902900119970930    .2
6902900119971001    .0
6902900119971002    .0
6902900119971003    .0
6902900119971004    .0
6902900119971005    .0
6902900119971006   6.8
6902900119971007   3.4
6902900119971008    .0
6902900119971009    .0
6902900119971010  10.2
6902900119971011    .6
6902900119971012   3.8
6902900119971013    .8
6902900119971014    .6
6902900119971015   8.4
6902900119971016    .6
6902900119971017    .0
6902900119971018    .0
6902900119971019    .0
6902900119971020    .0
6902900119971021    .0
6902900119971022   2.8
6902900119971023    .0
6902900119971024    .0
6902900119971025    .0
6902900119971026    .0
6902900119971027    .0
6902900119971028    .0
6902900119971029    .0
6902900119971030    .0
6902900119971031    .0
6902900119971101    .0
6902900119971102    .0
6902900119971103    .2
6902900119971104  14.8
6902900119971105   2.6
6902900119971106  12.4
6902900119971107    .8
6902900119971108   2.4
6902900119971109    .0
6902900119971110   8.8
6902900119971111  27.2
6902900119971112   3.2
6902900119971113    .0
6902900119971114    .0
6902900119971115    .0
6902900119971116    .6
6902900119971117    .0
6902900119971118    .0
6902900119971119   4.8
6902900119971120   1.0
6902900119971121    .0
6902900119971122    .0
6902900119971123    .0
6902900119971124    .2
6902900119971125    .0
6902900119971126    .0
6902900119971127    .0
6902900119971128   4.4
6902900119971129   3.0
6902900119971130   2.6
6902900119971201    .6
6902900119971202   2.2
6902900119971203    .2
6902900119971204    .0
6902900119971205    .0
6902900119971206    .0
6902900119971207    .0
6902900119971208   1.0
6902900119971209    .0
6902900119971210   3.2
6902900119971211   3.8
6902900119971212   1.0
6902900119971213    .0
6902900119971214    .2
6902900119971215    .0
6902900119971216    .0
6902900119971217    .4
6902900119971218  21.8
6902900119971219  12.2
6902900119971220   6.4
6902900119971221    .0
6902900119971222    .0
6902900119971223    .2
6902900119971224    .4
6902900119971225   5.4
6902900119971226    .4
6902900119971227   1.4
6902900119971228    .4
6902900119971229    .0
6902900119971230    .0
6902900119971231    .0
6902900119980101   2.2
6902900119980102   2.6
6902900119980103   3.6
6902900119980104    .2
6902900119980105   2.2
6902900119980106   3.2
6902900119980107    .0
6902900119980108    .0
6902900119980109    .0
6902900119980110    .0
6902900119980111    .0
6902900119980112    .0
6902900119980113   1.4
6902900119980114    .2
6902900119980115  12.6
6902900119980116   8.4
6902900119980117    .0
6902900119980118   7.8
6902900119980119    .6
6902900119980120    .2
6902900119980121    .0
6902900119980122    .0
6902900119980123    .0
6902900119980124    .0
6902900119980125   3.4
6902900119980126    .0
6902900119980127    .0
6902900119980128    .0
6902900119980129    .0
6902900119980130    .0
6902900119980131    .0
6902900119980201    .0
6902900119980202    .0
6902900119980203    .0
6902900119980204    .0
6902900119980205    .0
6902900119980206    .0
6902900119980207    .2
6902900119980208    .0
6902900119980209    .0
6902900119980210    .0
6902900119980211    .0
6902900119980212    .0
6902900119980213    .0
6902900119980214    .0
6902900119980215    .0
6902900119980216    .0
6902900119980217    .0
6902900119980218    .0
6902900119980219    .0
6902900119980220    .0
6902900119980221   9.4
6902900119980222  11.6
6902900119980223    .0
6902900119980224    .0
6902900119980225    .0
6902900119980226    .0
6902900119980227    .0
6902900119980228    .4
6902900119980301    .0
6902900119980302    .0
6902900119980303    .0
6902900119980304   5.0
6902900119980305    .0
6902900119980306    .0
6902900119980307    .0
6902900119980308   9.4
6902900119980309    .2
6902900119980310    .4
6902900119980311  11.2
6902900119980312    .0
6902900119980313    .0
6902900119980314    .0
6902900119980315    .0
6902900119980316    .0
6902900119980317    .0
6902900119980318    .0
6902900119980319    .0
6902900119980320    .0
6902900119980321    .0
6902900119980322    .0
6902900119980323    .4
6902900119980324    .0
6902900119980325    .0
6902900119980326    .0
6902900119980327    .0
6902900119980328    .0
6902900119980329    .0
6902900119980330    .0
6902900119980331    .0
6902900119980401   3.8
6902900119980402   4.2
6902900119980403  11.4
6902900119980404   1.4
6902900119980405   2.0
6902900119980406    .0
6902900119980407   2.6
6902900119980408    .2
6902900119980409  41.6
6902900119980410   2.2
6902900119980411   2.2
6902900119980412   7.8
6902900119980413   2.8
6902900119980414    .4
6902900119980415  14.2
6902900119980416    .0
6902900119980417   4.6
6902900119980418   2.2
6902900119980419   1.0
6902900119980420   2.6
6902900119980421    .0
6902900119980422    .0
6902900119980423    .0
6902900119980424    .0
6902900119980425    .0
6902900119980426  15.2
6902900119980427  24.8
6902900119980428    .0
6902900119980429   2.2
6902900119980430    .4
6902900119980501   3.8
6902900119980502    .0
6902900119980503    .0
6902900119980504    .0
6902900119980505    .0
6902900119980506    .0
6902900119980507    .0
6902900119980508    .0
6902900119980509    .0
6902900119980510    .0
6902900119980511    .0
6902900119980512    .0
6902900119980513    .0
6902900119980514    .0
6902900119980515    .0
6902900119980516    .0
6902900119980517    .0
6902900119980518    .0
6902900119980519    .0
6902900119980520    .0
6902900119980521    .0
6902900119980522    .0
6902900119980523    .0
6902900119980524    .0
6902900119980525    .0
6902900119980526    .2
6902900119980527  24.8
6902900119980528  30.0
6902900119980529    .0
6902900119980530    .2
6902900119980531  18.8
6902900119980601    .0
6902900119980602   6.8
6902900119980603    .6
6902900119980604    .0
6902900119980605    .0
6902900119980606   1.6
6902900119980607    .0
6902900119980608    .0
6902900119980609    .2
6902900119980610  18.6
6902900119980611    .6
6902900119980612   2.2
6902900119980613    .8
6902900119980614   6.6
6902900119980615   6.2
6902900119980616    .0
6902900119980617    .0
6902900119980618    .0
6902900119980619    .0
6902900119980620    .0
6902900119980621    .0
6902900119980622    .0
6902900119980623    .0
6902900119980624    .0
6902900119980625    .2
6902900119980626   4.8
6902900119980627   1.4
6902900119980628    .0
6902900119980629    .0
6902900119980630    .0
6902900119980701   9.0
6902900119980702  14.0
6902900119980703   6.0
6902900119980704    .0
6902900119980705    .0
6902900119980706    .2
6902900119980707   1.6
6902900119980708    .0
6902900119980709    .0
6902900119980710    .0
6902900119980711    .0
6902900119980712    .0
6902900119980713   3.6
6902900119980714    .0
6902900119980715    .0
6902900119980716    .0
6902900119980717    .0
6902900119980718    .0
6902900119980719    .0
6902900119980720    .0
6902900119980721    .0
6902900119980722    .0
6902900119980723    .0
6902900119980724    .0
6902900119980725    .0
6902900119980726    .4
6902900119980727   6.2
6902900119980728    .0
6902900119980729    .0
6902900119980730    .0
6902900119980731    .4
6902900119980801  21.2
6902900119980802   7.4
6902900119980803    .0
6902900119980804    .0
6902900119980805    .0
6902900119980806    .0
6902900119980807    .0
6902900119980808    .0
6902900119980809    .0
6902900119980810    .0
6902900119980811    .0
6902900119980812   1.6
6902900119980813    .0
6902900119980814    .0
6902900119980815    .0
6902900119980816    .0
6902900119980817    .0
6902900119980818    .0
6902900119980819    .0
6902900119980820    .0
6902900119980821    .4
6902900119980822    .4
6902900119980823    .0
6902900119980824    .6
6902900119980825    .0
6902900119980826    .0
6902900119980827    .0
6902900119980828    .0
6902900119980829    .0
6902900119980830    .0
6902900119980831    .0
6902900119980901    .0
6902900119980902   2.0
6902900119980903    .0
6902900119980904  35.0
6902900119980905    .8
6902900119980906    .0
6902900119980907   3.8
6902900119980908    .0
6902900119980909    .0
6902900119980910  27.2
6902900119980911  15.4
6902900119980912   1.4
6902900119980913   7.8
6902900119980914   1.2
6902900119980915   2.4
6902900119980916    .0
6902900119980917    .0
6902900119980918    .0
6902900119980919    .0
6902900119980920    .0
6902900119980921    .0
6902900119980922    .0
6902900119980923    .0
6902900119980924    .0
6902900119980925   2.0
6902900119980926   8.6
6902900119980927    .2
6902900119980928  10.4
6902900119980929  10.4
6902900119980930  10.8
6902900119981001   5.6
6902900119981002  11.2
6902900119981003   1.6
6902900119981004   3.8
6902900119981005   7.0
6902900119981006  14.0
6902900119981007    .0
6902900119981008    .0
6902900119981009    .0
6902900119981010   2.2
6902900119981011   2.6
6902900119981012    .0
6902900119981013    .2
6902900119981014    .0
6902900119981015    .0
6902900119981016    .0
6902900119981017   2.6
6902900119981018    .0
6902900119981019    .0
6902900119981020    .0
6902900119981021    .0
6902900119981022    .0
6902900119981023   3.6
6902900119981024   6.8
6902900119981025   4.0
6902900119981026   3.0
6902900119981027    .0
6902900119981028    .0
6902900119981029   5.2
6902900119981030   2.8
6902900119981031    .2
6902900119981101   3.2
6902900119981102    .0
6902900119981103  13.0
6902900119981104   3.8
6902900119981105    .0
6902900119981106    .0
6902900119981107    .0
6902900119981108    .0
6902900119981109   1.4
6902900119981110  11.2
6902900119981111    .0
6902900119981112   1.6
6902900119981113    .8
6902900119981114   2.6
6902900119981115    .4
6902900119981116    .4
6902900119981117    .0
6902900119981118    .0
6902900119981119    .0
6902900119981120    .0
6902900119981121    .0
6902900119981122    .0
6902900119981123    .0
6902900119981124    .0
6902900119981125   5.8
6902900119981126   2.0
6902900119981127   5.2
6902900119981128   4.8
6902900119981129   4.2
6902900119981130    .2
6902900119981201    .0
6902900119981202    .0
6902900119981203    .0
6902900119981204    .0
6902900119981205   1.2
6902900119981206    .4
6902900119981207    .0
6902900119981208    .0
6902900119981209    .0
6902900119981210  13.8
6902900119981211    .6
6902900119981212   1.0
6902900119981213    .0
6902900119981214    .0
6902900119981215    .0
6902900119981216    .0
6902900119981217    .0
6902900119981218    .6
6902900119981219    .2
6902900119981220  11.2
6902900119981221    .0
6902900119981222    .0
6902900119981223    .0
6902900119981224   4.2
6902900119981225    .0
6902900119981226    .0
6902900119981227    .0
6902900119981228    .0
6902900119981229    .0
6902900119981230    .0
6902900119981231    .0
