7047300119940101   3.2
7047300119940102   8.8
7047300119940103  11.2
7047300119940104   3.0
7047300119940105   4.2
7047300119940106  32.8
7047300119940107   3.8
7047300119940108    .0
7047300119940109    .0
7047300119940110   4.8
7047300119940111   3.8
7047300119940112   2.0
7047300119940113  16.4
7047300119940114   6.6
7047300119940115   1.0
7047300119940116   6.4
7047300119940117    .0
7047300119940118    .0
7047300119940119    .0
7047300119940120    .2
7047300119940121    .0
7047300119940122    .0
7047300119940123   9.4
7047300119940124   9.4
7047300119940125   8.0
7047300119940126   2.8
7047300119940127  12.8
7047300119940128    .0
7047300119940129    .0
7047300119940130   1.0
7047300119940131    .0
7047300119940201  12.4
7047300119940202  13.6
7047300119940203   8.8
7047300119940204    .0
7047300119940205   3.4
7047300119940206   6.4
7047300119940207   1.0
7047300119940208    .4
7047300119940209   4.2
7047300119940210    .6
7047300119940211    .0
7047300119940212    .0
7047300119940213    .0
7047300119940214    .2
7047300119940215    .0
7047300119940216    .0
7047300119940217    .0
7047300119940218    .0
7047300119940219    .0
7047300119940220  11.6
7047300119940221    .4
7047300119940222   4.8
7047300119940223   5.0
7047300119940224   7.6
7047300119940225    .2
7047300119940226    .0
7047300119940227  24.4
7047300119940228    .4
7047300119940301   4.2
7047300119940302   3.4
7047300119940303   4.0
7047300119940304    .0
7047300119940305   1.4
7047300119940306    .0
7047300119940307    .0
7047300119940308    .4
7047300119940309    .0
7047300119940310    .0
7047300119940311    .0
7047300119940312   7.4
7047300119940313   3.8
7047300119940314    .0
7047300119940315   6.2
7047300119940316   1.2
7047300119940317   4.6
7047300119940318    .0
7047300119940319  13.4
7047300119940320   7.6
7047300119940321   1.8
7047300119940322    .0
7047300119940323    .0
7047300119940324    .0
7047300119940325   1.4
7047300119940326    .0
7047300119940327    .0
7047300119940328    .6
7047300119940329    .0
7047300119940330    .0
7047300119940331   3.6
7047300119940401   7.8
7047300119940402   7.4
7047300119940403    .0
7047300119940404  12.6
7047300119940405   7.0
7047300119940406   4.2
7047300119940407   9.8
7047300119940408   8.8
7047300119940409   5.0
7047300119940410   2.8
7047300119940411   2.4
7047300119940412   5.4
7047300119940413   4.2
7047300119940414    .0
7047300119940415    .0
7047300119940416   1.2
7047300119940417   2.4
7047300119940418    .0
7047300119940419    .0
7047300119940420    .0
7047300119940421    .0
7047300119940422    .0
7047300119940423   1.0
7047300119940424   8.2
7047300119940425   3.4
7047300119940426    .0
7047300119940427   2.6
7047300119940428    .0
7047300119940429    .0
7047300119940430    .0
7047300119940501    .0
7047300119940502    .0
7047300119940503   5.6
7047300119940504  15.4
7047300119940505   3.2
7047300119940506    .2
7047300119940507    .0
7047300119940508   9.8
7047300119940509   1.0
7047300119940510    .0
7047300119940511   1.6
7047300119940512   5.6
7047300119940513    .8
7047300119940514   2.4
7047300119940515    .0
7047300119940516    .6
7047300119940517    .8
7047300119940518  23.6
7047300119940519   2.2
7047300119940520  15.6
7047300119940521   7.6
7047300119940522   4.6
7047300119940523    .0
7047300119940524   7.2
7047300119940525   1.6
7047300119940526   4.0
7047300119940527   1.8
7047300119940528    .4
7047300119940529    .0
7047300119940530    .0
7047300119940531    .0
7047300119940601    .0
7047300119940602   6.6
7047300119940603   5.0
7047300119940604   8.0
7047300119940605    .0
7047300119940606   2.2
7047300119940607    .0
7047300119940608   5.8
7047300119940609    .8
7047300119940610    .4
7047300119940611    .0
7047300119940612    .0
7047300119940613    .0
7047300119940614    .0
7047300119940615    .0
7047300119940616    .0
7047300119940617    .0
7047300119940618    .0
7047300119940619  13.2
7047300119940620    .6
7047300119940621    .0
7047300119940622    .0
7047300119940623    .0
7047300119940624    .0
7047300119940625   4.4
7047300119940626  24.4
7047300119940627   7.6
7047300119940628    .0
7047300119940629   8.4
7047300119940630    .0
7047300119940701    .0
7047300119940702    .0
7047300119940703    .0
7047300119940704   1.2
7047300119940705    .0
7047300119940706    .0
7047300119940707    .0
7047300119940708  12.6
7047300119940709    .0
7047300119940710    .0
7047300119940711    .0
7047300119940712    .0
7047300119940713    .0
7047300119940714   2.6
7047300119940715    .0
7047300119940716    .0
7047300119940717   6.2
7047300119940718  10.4
7047300119940719   7.6
7047300119940720    .0
7047300119940721    .0
7047300119940722    .0
7047300119940723    .0
7047300119940724    .0
7047300119940725    .0
7047300119940726    .0
7047300119940727    .0
7047300119940728    .0
7047300119940729    .8
7047300119940730    .0
7047300119940731    .4
7047300119940801    .0
7047300119940802    .0
7047300119940803    .0
7047300119940804    .0
7047300119940805    .0
7047300119940806    .0
7047300119940807    .8
7047300119940808    .0
7047300119940809    .0
7047300119940810   4.0
7047300119940811   7.0
7047300119940812    .0
7047300119940813    .0
7047300119940814    .0
7047300119940815    .0
7047300119940816    .0
7047300119940817  10.8
7047300119940818    .2
7047300119940819    .0
7047300119940820   2.0
7047300119940821   3.2
7047300119940822    .0
7047300119940823   4.4
7047300119940824    .0
7047300119940825    .0
7047300119940826   3.0
7047300119940827    .0
7047300119940828    .0
7047300119940829    .0
7047300119940830    .0
7047300119940831   4.6
7047300119940901    .0
7047300119940902    .0
7047300119940903    .0
7047300119940904    .0
7047300119940905    .8
7047300119940906  10.6
7047300119940907  39.6
7047300119940908   3.4
7047300119940909   5.2
7047300119940910   5.6
7047300119940911   7.4
7047300119940912   4.2
7047300119940913  16.0
7047300119940914   2.8
7047300119940915  11.8
7047300119940916   1.0
7047300119940917   2.4
7047300119940918  17.2
7047300119940919    .0
7047300119940920   6.6
7047300119940921    .0
7047300119940922    .2
7047300119940923    .0
7047300119940924  22.6
7047300119940925    .0
7047300119940926   2.4
7047300119940927    .2
7047300119940928    .0
7047300119940929    .0
7047300119940930    .2
7047300119941001   1.0
7047300119941002    .0
7047300119941003   7.6
7047300119941004    .0
7047300119941005    .0
7047300119941006    .0
7047300119941007    .0
7047300119941008    .0
7047300119941009    .0
7047300119941010    .0
7047300119941011    .0
7047300119941012    .0
7047300119941013    .0
7047300119941014    .0
7047300119941015    .0
7047300119941016    .0
7047300119941017    .0
7047300119941018    .0
7047300119941019    .0
7047300119941020    .2
7047300119941021    .0
7047300119941022   9.0
7047300119941023   1.0
7047300119941024   2.2
7047300119941025   8.4
7047300119941026   6.2
7047300119941027   1.2
7047300119941028   3.4
7047300119941029   3.4
7047300119941030    .6
7047300119941031   5.8
7047300119941101    .0
7047300119941102    .0
7047300119941103    .0
7047300119941104    .0
7047300119941105    .0
7047300119941106    .0
7047300119941107    .0
7047300119941108    .0
7047300119941109  10.6
7047300119941110   2.4
7047300119941111    .0
7047300119941112    .0
7047300119941113   1.4
7047300119941114    .0
7047300119941115   4.0
7047300119941116    .0
7047300119941117    .8
7047300119941118  10.8
7047300119941119   3.8
7047300119941120    .0
7047300119941121    .0
7047300119941122    .0
7047300119941123    .0
7047300119941124    .0
7047300119941125    .0
7047300119941126    .0
7047300119941127    .0
7047300119941128    .0
7047300119941129    .0
7047300119941130    .0
7047300119941201    .0
7047300119941202    .0
7047300119941203    .6
7047300119941204  10.6
7047300119941205   5.4
7047300119941206    .0
7047300119941207   1.2
7047300119941208   5.0
7047300119941209  28.8
7047300119941210   1.2
7047300119941211    .6
7047300119941212    .0
7047300119941213    .4
7047300119941214   3.4
7047300119941215    .0
7047300119941216   1.0
7047300119941217    .0
7047300119941218   2.4
7047300119941219   2.4
7047300119941220   3.0
7047300119941221    .0
7047300119941222    .0
7047300119941223    .0
7047300119941224    .0
7047300119941225    .0
7047300119941226   5.4
7047300119941227  12.2
7047300119941228   2.2
7047300119941229   3.6
7047300119941230   2.6
7047300119941231   4.8
7047300119950101   1.0
7047300119950102   2.4
7047300119950103    .0
7047300119950104    .0
7047300119950105    .0
7047300119950106    .0
7047300119950107    .2
7047300119950108   5.2
7047300119950109   2.4
7047300119950110  20.8
7047300119950111    .2
7047300119950112    .6
7047300119950113    .0
7047300119950114    .0
7047300119950115    .0
7047300119950116    .0
7047300119950117    .0
7047300119950118   7.8
7047300119950119    .0
7047300119950120   6.4
7047300119950121  10.4
7047300119950122   6.6
7047300119950123  13.0
7047300119950124   7.4
7047300119950125  19.2
7047300119950126   5.6
7047300119950127  10.2
7047300119950128  11.2
7047300119950129   3.8
7047300119950130   1.6
7047300119950131    .0
7047300119950201    .0
7047300119950202   3.6
7047300119950203    .0
7047300119950204   4.6
7047300119950205    .6
7047300119950206    .2
7047300119950207    .0
7047300119950208  12.6
7047300119950209   1.6
7047300119950210   2.8
7047300119950211   2.4
7047300119950212    .4
7047300119950213  15.0
7047300119950214    .0
7047300119950215  19.4
7047300119950216   2.0
7047300119950217  12.0
7047300119950218   4.6
7047300119950219    .0
7047300119950220   1.6
7047300119950221   2.0
7047300119950222    .0
7047300119950223   6.4
7047300119950224   6.8
7047300119950225  12.8
7047300119950226    .4
7047300119950227    .0
7047300119950228    .0
7047300119950301    .0
7047300119950302    .8
7047300119950303   8.4
7047300119950304    .0
7047300119950305   7.8
7047300119950306   1.2
7047300119950307    .0
7047300119950308   2.6
7047300119950309    .0
7047300119950310    .0
7047300119950311    .0
7047300119950312    .0
7047300119950313    .0
7047300119950314    .2
7047300119950315   7.2
7047300119950316    .0
7047300119950317  14.6
7047300119950318   7.0
7047300119950319  40.2
7047300119950320    .2
7047300119950321    .0
7047300119950322    .0
7047300119950323    .0
7047300119950324    .0
7047300119950325    .0
7047300119950326   5.0
7047300119950327  11.6
7047300119950328   3.4
7047300119950329    .2
7047300119950330    .0
7047300119950331   5.6
7047300119950401   3.0
7047300119950402    .0
7047300119950403    .0
7047300119950404    .0
7047300119950405    .0
7047300119950406    .0
7047300119950407    .0
7047300119950408    .0
7047300119950409    .0
7047300119950410    .2
7047300119950411    .0
7047300119950412    .0
7047300119950413    .0
7047300119950414    .0
7047300119950415   1.6
7047300119950416    .8
7047300119950417   2.6
7047300119950418   7.2
7047300119950419  12.0
7047300119950420    .0
7047300119950421    .4
7047300119950422    .0
7047300119950423    .0
7047300119950424   2.4
7047300119950425   8.4
7047300119950426  10.2
7047300119950427    .0
7047300119950428    .0
7047300119950429   3.2
7047300119950430    .6
7047300119950501    .0
7047300119950502    .0
7047300119950503    .0
7047300119950504    .0
7047300119950505    .0
7047300119950506    .0
7047300119950507    .0
7047300119950508    .4
7047300119950509    .0
7047300119950510    .0
7047300119950511    .0
7047300119950512   4.4
7047300119950513  14.8
7047300119950514    .0
7047300119950515   3.4
7047300119950516  25.4
7047300119950517   5.2
7047300119950518   9.0
7047300119950519   1.0
7047300119950520    .0
7047300119950521    .0
7047300119950522    .0
7047300119950523    .0
7047300119950524    .0
7047300119950525   7.4
7047300119950526   8.6
7047300119950527    .0
7047300119950528   6.2
7047300119950529   7.6
7047300119950530  16.0
7047300119950531   8.0
7047300119950601    .0
7047300119950602    .0
7047300119950603   5.2
7047300119950604   5.4
7047300119950605   4.2
7047300119950606    .0
7047300119950607   3.8
7047300119950608   3.4
7047300119950609    .0
7047300119950610    .0
7047300119950611    .0
7047300119950612   6.8
7047300119950613   3.0
7047300119950614    .8
7047300119950615    .0
7047300119950616    .2
7047300119950617   4.0
7047300119950618   2.6
7047300119950619    .6
7047300119950620    .8
7047300119950621    .2
7047300119950622    .0
7047300119950623    .0
7047300119950624    .2
7047300119950625    .0
7047300119950626    .0
7047300119950627    .0
7047300119950628    .0
7047300119950629    .0
7047300119950630    .0
7047300119950701    .8
7047300119950702  17.8
7047300119950703  10.2
7047300119950704    .0
7047300119950705    .0
7047300119950706    .0
7047300119950707    .0
7047300119950708    .0
7047300119950709    .0
7047300119950710    .0
7047300119950711   5.8
7047300119950712    .0
7047300119950713   2.0
7047300119950714    .2
7047300119950715  17.4
7047300119950716    .6
7047300119950717    .0
7047300119950718    .0
7047300119950719    .0
7047300119950720    .0
7047300119950721    .0
7047300119950722  17.2
7047300119950723    .0
7047300119950724    .0
7047300119950725    .0
7047300119950726    .2
7047300119950727    .4
7047300119950728    .0
7047300119950729    .0
7047300119950730    .0
7047300119950731    .0
7047300119950801    .0
7047300119950802    .0
7047300119950803    .0
7047300119950804    .0
7047300119950805    .0
7047300119950806   3.8
7047300119950807   8.0
7047300119950808   2.0
7047300119950809    .0
7047300119950810    .0
7047300119950811    .0
7047300119950812    .0
7047300119950813    .0
7047300119950814    .0
7047300119950815    .0
7047300119950816    .0
7047300119950817    .0
7047300119950818    .0
7047300119950819    .0
7047300119950820   3.8
7047300119950821   8.6
7047300119950822    .0
7047300119950823    .6
7047300119950824   1.4
7047300119950825   4.6
7047300119950826    .0
7047300119950827   8.2
7047300119950828   1.6
7047300119950829    .8
7047300119950830    .0
7047300119950831    .0
7047300119950901    .0
7047300119950902    .0
7047300119950903  10.0
7047300119950904    .0
7047300119950905   2.0
7047300119950906    .0
7047300119950907  17.8
7047300119950908  10.2
7047300119950909    .2
7047300119950910   3.2
7047300119950911    .4
7047300119950912  10.8
7047300119950913  16.2
7047300119950914   1.6
7047300119950915   2.4
7047300119950916   6.0
7047300119950917    .0
7047300119950918    .2
7047300119950919  12.4
7047300119950920   1.2
7047300119950921    .0
7047300119950922    .0
7047300119950923    .0
7047300119950924   7.0
7047300119950925    .4
7047300119950926    .0
7047300119950927   9.8
7047300119950928    .0
7047300119950929    .0
7047300119950930    .0
7047300119951001    .6
7047300119951002   1.0
7047300119951003   4.0
7047300119951004    .4
7047300119951005   6.8
7047300119951006    .0
7047300119951007    .0
7047300119951008    .2
7047300119951009    .2
7047300119951010    .0
7047300119951011    .0
7047300119951012    .0
7047300119951013    .0
7047300119951014    .2
7047300119951015    .0
7047300119951016    .0
7047300119951017    .0
7047300119951018    .0
7047300119951019    .0
7047300119951020    .0
7047300119951021    .0
7047300119951022    .0
7047300119951023    .0
7047300119951024    .0
7047300119951025   4.4
7047300119951026    .0
7047300119951027   5.8
7047300119951028  11.2
7047300119951029   2.0
7047300119951030    .8
7047300119951031    .0
7047300119951101   5.4
7047300119951102    .2
7047300119951103   2.6
7047300119951104    .0
7047300119951105    .0
7047300119951106    .0
7047300119951107    .0
7047300119951108    .0
7047300119951109    .0
7047300119951110    .0
7047300119951111    .0
7047300119951112    .2
7047300119951113   1.2
7047300119951114    .0
7047300119951115  13.6
7047300119951116  18.0
7047300119951117   8.2
7047300119951118    .2
7047300119951119    .4
7047300119951120   1.2
7047300119951121    .0
7047300119951122    .0
7047300119951123    .0
7047300119951124    .0
7047300119951125    .0
7047300119951126    .0
7047300119951127   5.8
7047300119951128    .0
7047300119951129    .0
7047300119951130    .0
7047300119951201    .0
7047300119951202    .0
7047300119951203    .0
7047300119951204    .0
7047300119951205    .0
7047300119951206    .0
7047300119951207    .2
7047300119951208    .8
7047300119951209    .0
7047300119951210    .0
7047300119951211    .0
7047300119951212    .0
7047300119951213    .0
7047300119951214    .2
7047300119951215    .0
7047300119951216    .0
7047300119951217   3.0
7047300119951218    .0
7047300119951219    .0
7047300119951220  12.2
7047300119951221   4.4
7047300119951222  20.6
7047300119951223   9.4
7047300119951224  32.8
7047300119951225   9.6
7047300119951226    .4
7047300119951227    .0
7047300119951228    .0
7047300119951229    .0
7047300119951230   6.2
7047300119951231  11.0
7047300119960101    .0
7047300119960102    .0
7047300119960103    .0
7047300119960104    .0
7047300119960105   1.0
7047300119960106   4.0
7047300119960107   1.0
7047300119960108    .0
7047300119960109   3.6
7047300119960110    .0
7047300119960111   6.8
7047300119960112   5.0
7047300119960113    .0
7047300119960114    .0
7047300119960115    .0
7047300119960116    .0
7047300119960117    .0
7047300119960118    .0
7047300119960119    .0
7047300119960120    .0
7047300119960121    .0
7047300119960122    .0
7047300119960123    .8
7047300119960124    .0
7047300119960125    .2
7047300119960126    .6
7047300119960127    .0
7047300119960128    .0
7047300119960129    .0
7047300119960130    .0
7047300119960131    .0
7047300119960201    .0
7047300119960202    .8
7047300119960203    .2
7047300119960204    .0
7047300119960205    .0
7047300119960206   1.0
7047300119960207   1.4
7047300119960208    .6
7047300119960209    .2
7047300119960210    .4
7047300119960211   1.6
7047300119960212  12.0
7047300119960213   1.0
7047300119960214    .0
7047300119960215    .0
7047300119960216   1.6
7047300119960217   4.0
7047300119960218   8.8
7047300119960219   3.0
7047300119960220    .0
7047300119960221    .0
7047300119960222    .0
7047300119960223    .0
7047300119960224    .0
7047300119960225    .0
7047300119960226    .0
7047300119960227    .0
7047300119960228    .0
7047300119960229    .0
7047300119960301    .0
7047300119960302    .0
7047300119960303    .0
7047300119960304    .0
7047300119960305    .0
7047300119960306    .0
7047300119960307    .0
7047300119960308    .0
7047300119960309    .0
7047300119960310    .0
7047300119960311    .0
7047300119960312    .0
7047300119960313    .0
7047300119960314    .0
7047300119960315    .0
7047300119960316    .0
7047300119960317    .0
7047300119960318    .0
7047300119960319    .0
7047300119960320    .0
7047300119960321   2.0
7047300119960322   1.8
7047300119960323    .0
7047300119960324    .0
7047300119960325    .4
7047300119960326   1.4
7047300119960327    .0
7047300119960328    .0
7047300119960329    .4
7047300119960330    .0
7047300119960331    .0
7047300119960401    .0
7047300119960402    .0
7047300119960403    .0
7047300119960404    .0
7047300119960405    .0
7047300119960406    .0
7047300119960407    .0
7047300119960408    .0
7047300119960409    .0
7047300119960410    .8
7047300119960411    .0
7047300119960412    .4
7047300119960413    .0
7047300119960414    .0
7047300119960415    .0
7047300119960416    .0
7047300119960417    .0
7047300119960418    .0
7047300119960419    .0
7047300119960420    .0
7047300119960421    .0
7047300119960422   1.0
7047300119960423   6.4
7047300119960424    .0
7047300119960425    .0
7047300119960426    .0
7047300119960427    .0
7047300119960428    .0
7047300119960429    .6
7047300119960430    .0
7047300119960501   1.4
7047300119960502   6.0
7047300119960503   2.4
7047300119960504    .0
7047300119960505    .0
7047300119960506   3.6
7047300119960507   5.0
7047300119960508   1.0
7047300119960509    .0
7047300119960510    .0
7047300119960511    .0
7047300119960512    .8
7047300119960513    .8
7047300119960514    .0
7047300119960515    .0
7047300119960516   7.8
7047300119960517   6.6
7047300119960518  12.6
7047300119960519   8.2
7047300119960520    .4
7047300119960521   3.2
7047300119960522   4.2
7047300119960523   1.0
7047300119960524   8.8
7047300119960525  11.4
7047300119960526   6.6
7047300119960527  11.6
7047300119960528    .0
7047300119960529    .0
7047300119960530    .0
7047300119960531    .0
7047300119960601  14.2
7047300119960602  13.4
7047300119960603    .0
7047300119960604    .0
7047300119960605    .0
7047300119960606    .0
7047300119960607    .0
7047300119960608   3.4
7047300119960609    .0
7047300119960610    .0
7047300119960611    .0
7047300119960612    .0
7047300119960613    .0
7047300119960614    .0
7047300119960615    .0
7047300119960616    .0
7047300119960617    .0
7047300119960618    .0
7047300119960619    .0
7047300119960620   8.2
7047300119960621  20.4
7047300119960622   1.4
7047300119960623    .0
7047300119960624    .0
7047300119960625    .0
7047300119960626    .0
7047300119960627    .0
7047300119960628    .2
7047300119960629    .8
7047300119960630   5.0
7047300119960701   5.8
7047300119960702    .6
7047300119960703   3.6
7047300119960704    .2
7047300119960705  28.6
7047300119960706    .2
7047300119960707  23.6
7047300119960708    .8
7047300119960709   1.6
7047300119960710   6.6
7047300119960711    .0
7047300119960712    .0
7047300119960713    .0
7047300119960714    .0
7047300119960715    .0
7047300119960716    .0
7047300119960717    .0
7047300119960718    .0
7047300119960719    .0
7047300119960720    .0
7047300119960721    .0
7047300119960722    .0
7047300119960723   1.6
7047300119960724    .0
7047300119960725    .0
7047300119960726    .0
7047300119960727    .0
7047300119960728    .0
7047300119960729    .0
7047300119960730    .0
7047300119960731    .0
7047300119960801    .0
7047300119960802    .0
7047300119960803    .0
7047300119960804    .0
7047300119960805   4.6
7047300119960806   3.8
7047300119960807    .0
7047300119960808    .0
7047300119960809    .0
7047300119960810  19.8
7047300119960811   7.0
7047300119960812  12.6
7047300119960813  11.2
7047300119960814    .2
7047300119960815    .0
7047300119960816    .0
7047300119960817    .0
7047300119960818    .0
7047300119960819    .0
7047300119960820   4.8
7047300119960821   8.0
7047300119960822   2.2
7047300119960823    .0
7047300119960824    .0
7047300119960825    .0
7047300119960826    .4
7047300119960827  10.4
7047300119960828   5.6
7047300119960829    .0
7047300119960830    .0
7047300119960831    .0
7047300119960901    .0
7047300119960902    .0
7047300119960903    .0
7047300119960904    .0
7047300119960905    .0
7047300119960906    .0
7047300119960907    .0
7047300119960908    .0
7047300119960909    .0
7047300119960910    .0
7047300119960911    .0
7047300119960912    .0
7047300119960913   1.6
7047300119960914    .2
7047300119960915    .0
7047300119960916    .0
7047300119960917    .0
7047300119960918    .0
7047300119960919  11.2
7047300119960920   2.8
7047300119960921    .0
7047300119960922    .0
7047300119960923    .4
7047300119960924   4.4
7047300119960925    .0
7047300119960926    .0
7047300119960927   2.2
7047300119960928    .0
7047300119960929    .0
7047300119960930    .0
7047300119961001   5.4
7047300119961002    .8
7047300119961003    .0
7047300119961004   4.0
7047300119961005    .2
7047300119961006    .0
7047300119961007    .0
7047300119961008    .0
7047300119961009    .0
7047300119961010    .0
7047300119961011    .0
7047300119961012    .0
7047300119961013    .0
7047300119961014    .2
7047300119961015  21.0
7047300119961016   6.0
7047300119961017    .2
7047300119961018  11.0
7047300119961019   3.2
7047300119961020   6.8
7047300119961021   4.8
7047300119961022    .0
7047300119961023    .0
7047300119961024    .0
7047300119961025    .0
7047300119961026    .0
7047300119961027    .0
7047300119961028   3.2
7047300119961029  11.0
7047300119961030    .0
7047300119961031   1.8
7047300119961101    .0
7047300119961102    .4
7047300119961103    .0
7047300119961104   8.4
7047300119961105   2.0
7047300119961106   5.6
7047300119961107  19.2
7047300119961108    .0
7047300119961109    .0
7047300119961110  11.2
7047300119961111  29.4
7047300119961112  49.2
7047300119961113   3.6
7047300119961114    .0
7047300119961115    .0
7047300119961116    .0
7047300119961117    .0
7047300119961118  22.8
7047300119961119   3.6
7047300119961120   4.6
7047300119961121    .8
7047300119961122    .0
7047300119961123   5.4
7047300119961124   1.2
7047300119961125  12.6
7047300119961126   2.4
7047300119961127   9.8
7047300119961128    .4
7047300119961129  17.2
7047300119961130   7.6
7047300119961201   2.8
7047300119961202   1.2
7047300119961203    .0
7047300119961204   2.8
7047300119961205    .0
7047300119961206    .0
7047300119961207    .0
7047300119961208    .0
7047300119961209    .0
7047300119961210    .0
7047300119961211    .0
7047300119961212    .0
7047300119961213   6.8
7047300119961214    .0
7047300119961215    .0
7047300119961216    .0
7047300119961217   6.0
7047300119961218    .2
7047300119961219   8.2
7047300119961220   3.0
7047300119961221  12.6
7047300119961222  10.0
7047300119961223  13.4
7047300119961224    .0
7047300119961225    .0
7047300119961226    .0
7047300119961227    .0
7047300119961228    .0
7047300119961229    .6
7047300119961230   2.0
7047300119961231    .0
7047300119970101   1.0
7047300119970102   3.8
7047300119970103    .0
7047300119970104    .0
7047300119970105    .0
7047300119970106    .0
7047300119970107    .0
7047300119970108    .0
7047300119970109   1.6
7047300119970110    .0
7047300119970111    .0
7047300119970112    .0
7047300119970113    .0
7047300119970114    .0
7047300119970115    .0
7047300119970116    .0
7047300119970117    .2
7047300119970118   4.2
7047300119970119  13.0
7047300119970120    .0
7047300119970121    .0
7047300119970122   5.8
7047300119970123    .0
7047300119970124    .0
7047300119970125    .0
7047300119970126    .0
7047300119970127    .0
7047300119970128    .0
7047300119970129    .0
7047300119970130    .0
7047300119970131    .0
7047300119970201    .0
7047300119970202    .0
7047300119970203    .0
7047300119970204    .0
7047300119970205   9.4
7047300119970206    .0
7047300119970207    .0
7047300119970208    .0
7047300119970209    .0
7047300119970210   3.0
7047300119970211   8.0
7047300119970212   3.6
7047300119970213  12.2
7047300119970214  16.2
7047300119970215    .4
7047300119970216    .2
7047300119970217    .6
7047300119970218  10.4
7047300119970219   2.2
7047300119970220    .0
7047300119970221    .0
7047300119970222    .0
7047300119970223   1.6
7047300119970224   4.0
7047300119970225   9.6
7047300119970226   2.8
7047300119970227    .0
7047300119970228    .0
7047300119970301    .0
7047300119970302    .2
7047300119970303    .2
7047300119970304    .2
7047300119970305    .8
7047300119970306    .0
7047300119970307    .0
7047300119970308    .0
7047300119970309    .0
7047300119970310    .0
7047300119970311    .0
7047300119970312    .0
7047300119970313    .0
7047300119970314   1.6
7047300119970315    .4
7047300119970316    .0
7047300119970317    .0
7047300119970318    .6
7047300119970319   5.4
7047300119970320    .2
7047300119970321    .0
7047300119970322    .0
7047300119970323   1.6
7047300119970324    .4
7047300119970325    .8
7047300119970326    .0
7047300119970327   1.0
7047300119970328   3.2
7047300119970329    .0
7047300119970330    .0
7047300119970331    .0
7047300119970401    .0
7047300119970402    .0
7047300119970403    .0
7047300119970404    .0
7047300119970405    .0
7047300119970406    .0
7047300119970407    .0
7047300119970408    .0
7047300119970409    .0
7047300119970410    .0
7047300119970411    .0
7047300119970412    .0
7047300119970413    .0
7047300119970414    .0
7047300119970415    .0
7047300119970416    .0
7047300119970417    .0
7047300119970418    .0
7047300119970419    .0
7047300119970420    .0
7047300119970421    .0
7047300119970422    .0
7047300119970423    .0
7047300119970424    .0
7047300119970425   3.6
7047300119970426  13.0
7047300119970427   7.6
7047300119970428  10.6
7047300119970429   2.8
7047300119970430    .0
7047300119970501    .0
7047300119970502    .0
7047300119970503    .0
7047300119970504   2.8
7047300119970505  14.0
7047300119970506  12.4
7047300119970507   1.2
7047300119970508   4.2
7047300119970509   6.8
7047300119970510    .0
7047300119970511   1.8
7047300119970512    .2
7047300119970513    .0
7047300119970514    .0
7047300119970515    .0
7047300119970516    .2
7047300119970517  15.0
7047300119970518   2.6
7047300119970519   4.4
7047300119970520   6.4
7047300119970521   4.0
7047300119970522   1.4
7047300119970523    .0
7047300119970524    .0
7047300119970525    .0
7047300119970526    .0
7047300119970527    .0
7047300119970528    .0
7047300119970529    .0
7047300119970530    .0
7047300119970531    .0
7047300119970601    .2
7047300119970602   8.4
7047300119970603    .0
7047300119970604    .0
7047300119970605    .0
7047300119970606    .0
7047300119970607  10.8
7047300119970608   9.8
7047300119970609    .0
7047300119970610    .0
7047300119970611    .2
7047300119970612    .8
7047300119970613   1.6
7047300119970614   6.4
7047300119970615    .0
7047300119970616   5.0
7047300119970617   2.6
7047300119970618    .0
7047300119970619   2.6
7047300119970620   5.4
7047300119970621  55.4
7047300119970622   2.6
7047300119970623  17.4
7047300119970624   3.0
7047300119970625   9.4
7047300119970626  17.0
7047300119970627    .0
7047300119970628    .0
7047300119970629   9.8
7047300119970630   3.6
7047300119970701    .6
7047300119970702   6.4
7047300119970703   4.4
7047300119970704   2.8
7047300119970705   6.8
7047300119970706    .6
7047300119970707    .0
7047300119970708    .0
7047300119970709    .0
7047300119970710   1.6
7047300119970711    .0
7047300119970712    .0
7047300119970713    .0
7047300119970714   5.8
7047300119970715    .0
7047300119970716    .0
7047300119970717    .0
7047300119970718  15.6
7047300119970719   4.2
7047300119970720   2.2
7047300119970721    .2
7047300119970722    .0
7047300119970723    .0
7047300119970724  14.2
7047300119970725   8.2
7047300119970726    .0
7047300119970727    .4
7047300119970728    .0
7047300119970729    .0
7047300119970730    .0
7047300119970731   6.0
7047300119970801   7.2
7047300119970802    .6
7047300119970803    .0
7047300119970804    .2
7047300119970805   2.0
7047300119970806  32.2
7047300119970807    .0
7047300119970808    .4
7047300119970809    .0
7047300119970810    .0
7047300119970811    .0
7047300119970812    .0
7047300119970813   9.4
7047300119970814    .0
7047300119970815    .0
7047300119970816    .0
7047300119970817    .0
7047300119970818   6.0
7047300119970819    .0
7047300119970820    .2
7047300119970821    .0
7047300119970822    .0
7047300119970823    .0
7047300119970824    .0
7047300119970825    .0
7047300119970826    .0
7047300119970827  23.6
7047300119970828  12.2
7047300119970829    .8
7047300119970830   2.0
7047300119970831    .0
7047300119970901   2.0
7047300119970902   1.6
7047300119970903    .0
7047300119970904    .0
7047300119970905   1.4
7047300119970906   1.6
7047300119970907    .0
7047300119970908    .0
7047300119970909    .0
7047300119970910    .0
7047300119970911    .0
7047300119970912  11.0
7047300119970913    .8
7047300119970914    .0
7047300119970915    .0
7047300119970916    .0
7047300119970917    .0
7047300119970918    .0
7047300119970919    .0
7047300119970920    .0
7047300119970921    .0
7047300119970922    .0
7047300119970923    .0
7047300119970924    .0
7047300119970925    .0
7047300119970926    .0
7047300119970927    .0
7047300119970928    .0
7047300119970929    .0
7047300119970930    .0
7047300119971001    .0
7047300119971002    .0
7047300119971003    .0
7047300119971004    .0
7047300119971005    .0
7047300119971006    .0
7047300119971007    .0
7047300119971008    .0
7047300119971009    .6
7047300119971010  17.0
7047300119971011  19.4
7047300119971012   4.4
7047300119971013   5.4
7047300119971014   8.0
7047300119971015   6.4
7047300119971016   1.4
7047300119971017    .0
7047300119971018    .0
7047300119971019    .0
7047300119971020    .0
7047300119971021    .0
7047300119971022    .0
7047300119971023    .0
7047300119971024    .0
7047300119971025    .0
7047300119971026    .0
7047300119971027    .0
7047300119971028    .0
7047300119971029    .0
7047300119971030    .0
7047300119971031    .0
7047300119971101    .0
7047300119971102    .0
7047300119971103    .0
7047300119971104   8.8
7047300119971105  39.2
7047300119971106   7.4
7047300119971107    .2
7047300119971108   6.4
7047300119971109   5.6
7047300119971110    .6
7047300119971111  19.8
7047300119971112  12.2
7047300119971113    .0
7047300119971114    .0
7047300119971115   3.4
7047300119971116    .4
7047300119971117    .0
7047300119971118    .0
7047300119971119   5.0
7047300119971120   3.4
7047300119971121    .0
7047300119971122    .0
7047300119971123    .0
7047300119971124    .0
7047300119971125    .0
7047300119971126    .0
7047300119971127    .4
7047300119971128   2.6
7047300119971129   1.8
7047300119971130   9.0
7047300119971201    .0
7047300119971202  13.6
7047300119971203   1.2
7047300119971204    .0
7047300119971205    .0
7047300119971206    .0
7047300119971207    .0
7047300119971208    .6
7047300119971209   2.4
7047300119971210  12.4
7047300119971211  12.2
7047300119971212    .6
7047300119971213    .0
7047300119971214   2.8
7047300119971215    .0
7047300119971216    .2
7047300119971217    .2
7047300119971218  11.8
7047300119971219   5.6
7047300119971220  33.2
7047300119971221  14.4
7047300119971222    .0
7047300119971223   1.0
7047300119971224   5.4
7047300119971225   1.8
7047300119971226   6.6
7047300119971227   2.2
7047300119971228    .0
7047300119971229    .0
7047300119971230    .0
7047300119971231    .6
7047300119980101   8.4
7047300119980102   9.6
7047300119980103  12.2
7047300119980104    .8
7047300119980105  14.0
7047300119980106   2.6
7047300119980107    .2
7047300119980108    .0
7047300119980109    .0
7047300119980110    .0
7047300119980111    .0
7047300119980112    .0
7047300119980113    .4
7047300119980114    .6
7047300119980115   9.2
7047300119980116  13.6
7047300119980117    .0
7047300119980118  19.8
7047300119980119  10.6
7047300119980120   2.8
7047300119980121    .0
7047300119980122    .0
7047300119980123    .0
7047300119980124    .2
7047300119980125    .0
7047300119980126    .0
7047300119980127    .0
7047300119980128    .0
7047300119980129    .0
7047300119980130    .0
7047300119980131    .0
7047300119980201    .0
7047300119980202    .0
7047300119980203    .0
7047300119980204    .0
7047300119980205    .0
7047300119980206    .0
7047300119980207   1.0
7047300119980208    .0
7047300119980209    .0
7047300119980210    .0
7047300119980211    .0
7047300119980212    .0
7047300119980213    .0
7047300119980214    .0
7047300119980215    .0
7047300119980216    .8
7047300119980217    .4
7047300119980218    .0
7047300119980219    .0
7047300119980220    .0
7047300119980221   6.2
7047300119980222   8.6
7047300119980223    .0
7047300119980224    .0
7047300119980225    .0
7047300119980226    .0
7047300119980227    .0
7047300119980228   7.2
7047300119980301    .0
7047300119980302    .0
7047300119980303    .0
7047300119980304  16.4
7047300119980305    .0
7047300119980306   3.6
7047300119980307  16.4
7047300119980308   2.8
7047300119980309    .0
7047300119980310    .0
7047300119980311   1.2
7047300119980312    .0
7047300119980313    .0
7047300119980314    .0
7047300119980315    .0
7047300119980316    .0
7047300119980317    .0
7047300119980318    .0
7047300119980319    .0
7047300119980320    .2
7047300119980321    .0
7047300119980322    .0
7047300119980323  10.2
7047300119980324    .0
7047300119980325    .0
7047300119980326    .0
7047300119980327    .0
7047300119980328    .0
7047300119980329    .0
7047300119980330    .0
7047300119980331    .0
7047300119980401    .0
7047300119980402   6.4
7047300119980403   6.4
7047300119980404    .2
7047300119980405    .4
7047300119980406   9.8
7047300119980407   6.4
7047300119980408   6.4
7047300119980409   4.4
7047300119980410   6.0
7047300119980411   7.4
7047300119980412  15.8
7047300119980413    .2
7047300119980414    .4
7047300119980415  14.6
7047300119980416    .8
7047300119980417   9.4
7047300119980418  14.6
7047300119980419    .0
7047300119980420   6.2
7047300119980421    .0
7047300119980422    .0
7047300119980423    .0
7047300119980424    .0
7047300119980425  11.2
7047300119980426   7.8
7047300119980427   9.6
7047300119980428    .4
7047300119980429    .0
7047300119980430   7.0
7047300119980501  13.8
7047300119980502    .0
7047300119980503    .0
7047300119980504    .0
7047300119980505    .2
7047300119980506    .8
7047300119980507    .0
7047300119980508    .0
7047300119980509    .0
7047300119980510    .0
7047300119980511    .0
7047300119980512    .0
7047300119980513    .0
7047300119980514   7.2
7047300119980515    .0
7047300119980516    .0
7047300119980517    .0
7047300119980518    .0
7047300119980519    .0
7047300119980520    .0
7047300119980521    .0
7047300119980522    .0
7047300119980523    .0
7047300119980524    .0
7047300119980525   7.6
7047300119980526   6.6
7047300119980527   8.4
7047300119980528  12.0
7047300119980529    .2
7047300119980530   7.2
7047300119980531   9.8
7047300119980601    .0
7047300119980602   8.0
7047300119980603    .0
7047300119980604    .0
7047300119980605    .0
7047300119980606   1.6
7047300119980607   9.6
7047300119980608    .0
7047300119980609   9.6
7047300119980610  19.8
7047300119980611    .8
7047300119980612   2.6
7047300119980613    .8
7047300119980614   5.4
7047300119980615  10.0
7047300119980616   6.4
7047300119980617    .0
7047300119980618    .0
7047300119980619    .0
7047300119980620    .0
7047300119980621    .0
7047300119980622    .0
7047300119980623    .0
7047300119980624    .0
7047300119980625    .4
7047300119980626   1.6
7047300119980627  10.6
7047300119980628    .0
7047300119980629    .0
7047300119980630    .0
7047300119980701   2.8
7047300119980702    .4
7047300119980703    .0
7047300119980704    .0
7047300119980705    .0
7047300119980706    .0
7047300119980707    .0
7047300119980708    .0
7047300119980709   1.0
7047300119980710   2.6
7047300119980711   1.8
7047300119980712    .0
7047300119980713   1.4
7047300119980714    .0
7047300119980715    .0
7047300119980716   4.4
7047300119980717    .0
7047300119980718    .0
7047300119980719    .0
7047300119980720    .0
7047300119980721    .0
7047300119980722    .0
7047300119980723    .0
7047300119980724   4.8
7047300119980725    .0
7047300119980726   3.8
7047300119980727   2.4
7047300119980728   1.4
7047300119980729   3.0
7047300119980730  11.0
7047300119980731    .0
7047300119980801  11.6
7047300119980802   7.6
7047300119980803    .0
7047300119980804    .0
7047300119980805    .0
7047300119980806    .0
7047300119980807    .0
7047300119980808    .0
7047300119980809    .0
7047300119980810    .0
7047300119980811    .0
7047300119980812   9.2
7047300119980813    .0
7047300119980814    .0
7047300119980815    .0
7047300119980816    .0
7047300119980817    .4
7047300119980818   4.0
7047300119980819    .0
7047300119980820    .0
7047300119980821   6.8
7047300119980822  17.0
7047300119980823   5.4
7047300119980824  12.6
7047300119980825    .0
7047300119980826    .0
7047300119980827    .0
7047300119980828    .0
7047300119980829    .0
7047300119980830    .0
7047300119980831    .0
7047300119980901    .2
7047300119980902  19.8
7047300119980903    .4
7047300119980904  11.8
7047300119980905   6.2
7047300119980906    .0
7047300119980907   6.4
7047300119980908    .0
7047300119980909    .0
7047300119980910  29.8
7047300119980911  15.0
7047300119980912  14.2
7047300119980913   9.6
7047300119980914   1.0
7047300119980915   3.4
7047300119980916    .6
7047300119980917    .0
7047300119980918    .0
7047300119980919    .0
7047300119980920    .0
7047300119980921    .0
7047300119980922    .0
7047300119980923    .0
7047300119980924    .0
7047300119980925    .0
7047300119980926  11.0
7047300119980927   1.8
7047300119980928   8.0
7047300119980929   8.4
7047300119980930  12.0
7047300119981001    .0
7047300119981002    .0
7047300119981003    .6
7047300119981004   1.8
7047300119981005    .0
7047300119981006   4.8
7047300119981007    .0
7047300119981008    .0
7047300119981009    .0
7047300119981010    .4
7047300119981011   3.4
7047300119981012    .8
7047300119981013   2.2
7047300119981014   4.8
7047300119981015   1.4
7047300119981016    .0
7047300119981017   8.2
7047300119981018    .0
7047300119981019    .0
7047300119981020    .0
7047300119981021    .0
7047300119981022    .0
7047300119981023  10.6
7047300119981024  14.0
7047300119981025   6.0
7047300119981026   4.4
7047300119981027    .4
7047300119981028   7.8
7047300119981029  21.4
7047300119981030  23.0
7047300119981031  10.2
7047300119981101    .8
7047300119981102   7.6
7047300119981103    .8
7047300119981104   6.8
7047300119981105    .0
7047300119981106    .0
7047300119981107    .0
7047300119981108    .0
7047300119981109   7.0
7047300119981110  17.0
7047300119981111    .0
7047300119981112   3.0
7047300119981113   1.0
7047300119981114   5.4
7047300119981115   3.8
7047300119981116   3.0
7047300119981117    .0
7047300119981118    .0
7047300119981119    .4
7047300119981120    .0
7047300119981121    .0
7047300119981122    .0
7047300119981123    .0
7047300119981124    .0
7047300119981125    .0
7047300119981126   3.6
7047300119981127    .8
7047300119981128   1.6
7047300119981129   1.0
7047300119981130    .0
7047300119981201    .0
7047300119981202    .0
7047300119981203    .0
7047300119981204   1.4
7047300119981205    .0
7047300119981206    .2
7047300119981207    .0
7047300119981208    .0
7047300119981209   2.6
7047300119981210   9.8
7047300119981211   2.0
7047300119981212   4.0
7047300119981213    .0
7047300119981214    .0
7047300119981215    .0
7047300119981216    .0
7047300119981217    .0
7047300119981218   1.2
7047300119981219    .8
7047300119981220    .2
7047300119981221    .0
7047300119981222    .0
7047300119981223    .0
7047300119981224   1.2
7047300119981225    .0
7047300119981226    .4
7047300119981227    .0
7047300119981228    .0
7047300119981229    .0
7047300119981230    .0
7047300119981231    .0
