7110500119940101   3.8
7110500119940102  10.6
7110500119940103   3.2
7110500119940104    .8
7110500119940105   2.4
7110500119940106  34.6
7110500119940107  12.2
7110500119940108    .0
7110500119940109    .0
7110500119940110  21.2
7110500119940111    .0
7110500119940112    .0
7110500119940113    .6
7110500119940114    .8
7110500119940115   1.0
7110500119940116   1.6
7110500119940117    .0
7110500119940118    .0
7110500119940119    .0
7110500119940120    .0
7110500119940121    .0
7110500119940122    .0
7110500119940123   3.4
7110500119940124   4.0
7110500119940125    .6
7110500119940126    .0
7110500119940127    .8
7110500119940128    .0
7110500119940129    .0
7110500119940130    .0
7110500119940131    .0
7110500119940201    .0
7110500119940202    .0
7110500119940203  15.4
7110500119940204    .6
7110500119940205   5.4
7110500119940206   1.0
7110500119940207   2.4
7110500119940208    .8
7110500119940209   2.0
7110500119940210   1.0
7110500119940211    .0
7110500119940212    .0
7110500119940213   4.4
7110500119940214    .6
7110500119940215   2.8
7110500119940216    .0
7110500119940217    .0
7110500119940218    .0
7110500119940219   1.0
7110500119940220   6.8
7110500119940221    .2
7110500119940222    .0
7110500119940223   4.6
7110500119940224    .6
7110500119940225    .0
7110500119940226    .0
7110500119940227  20.0
7110500119940228   1.4
7110500119940301   4.0
7110500119940302   8.0
7110500119940303   4.8
7110500119940304    .0
7110500119940305    .0
7110500119940306    .0
7110500119940307    .0
7110500119940308    .0
7110500119940309    .0
7110500119940310    .0
7110500119940311    .0
7110500119940312   6.0
7110500119940313    .8
7110500119940314    .0
7110500119940315    .0
7110500119940316    .0
7110500119940317    .0
7110500119940318    .0
7110500119940319    .0
7110500119940320    .0
7110500119940321   6.6
7110500119940322    .0
7110500119940323    .0
7110500119940324    .0
7110500119940325   3.2
7110500119940326    .0
7110500119940327    .0
7110500119940328    .0
7110500119940329    .0
7110500119940330    .4
7110500119940331   1.2
7110500119940401   6.4
7110500119940402   2.6
7110500119940403   2.2
7110500119940404  17.2
7110500119940405   2.2
7110500119940406  12.0
7110500119940407   9.2
7110500119940408   3.8
7110500119940409   2.6
7110500119940410    .0
7110500119940411    .0
7110500119940412   7.6
7110500119940413    .2
7110500119940414   1.2
7110500119940415    .0
7110500119940416   4.6
7110500119940417   1.6
7110500119940418    .0
7110500119940419    .2
7110500119940420    .2
7110500119940421    .0
7110500119940422    .0
7110500119940423    .0
7110500119940424   9.6
7110500119940425   1.4
7110500119940426    .0
7110500119940427    .0
7110500119940428    .0
7110500119940429    .0
7110500119940430    .0
7110500119940501    .0
7110500119940502    .0
7110500119940503   8.2
7110500119940504   4.8
7110500119940505    .2
7110500119940506    .6
7110500119940507    .0
7110500119940508   8.8
7110500119940509    .2
7110500119940510    .0
7110500119940511   9.6
7110500119940512    .4
7110500119940513   5.4
7110500119940514   3.6
7110500119940515    .0
7110500119940516   1.2
7110500119940517   5.0
7110500119940518   3.6
7110500119940519   3.8
7110500119940520   3.2
7110500119940521   4.8
7110500119940522   8.4
7110500119940523    .0
7110500119940524   5.4
7110500119940525   4.4
7110500119940526   4.6
7110500119940527    .0
7110500119940528   1.4
7110500119940529    .0
7110500119940530   1.0
7110500119940531    .0
7110500119940601    .0
7110500119940602   6.4
7110500119940603   6.4
7110500119940604    .6
7110500119940605    .0
7110500119940606    .0
7110500119940607    .0
7110500119940608   4.2
7110500119940609    .0
7110500119940610    .2
7110500119940611    .0
7110500119940612    .0
7110500119940613    .0
7110500119940614    .0
7110500119940615    .0
7110500119940616    .0
7110500119940617    .0
7110500119940618   4.0
7110500119940619   5.0
7110500119940620    .2
7110500119940621    .0
7110500119940622    .0
7110500119940623    .0
7110500119940624    .0
7110500119940625   6.0
7110500119940626  20.8
7110500119940627    .0
7110500119940628    .0
7110500119940629    .0
7110500119940630    .0
7110500119940701    .0
7110500119940702    .0
7110500119940703    .0
7110500119940704    .0
7110500119940705    .0
7110500119940706    .0
7110500119940707    .0
7110500119940708    .0
7110500119940709    .0
7110500119940710    .0
7110500119940711    .0
7110500119940712    .0
7110500119940713    .0
7110500119940714   1.0
7110500119940715    .0
7110500119940716    .0
7110500119940717   6.2
7110500119940718  22.0
7110500119940719   4.8
7110500119940720    .4
7110500119940721    .0
7110500119940722    .0
7110500119940723    .0
7110500119940724    .2
7110500119940725  10.0
7110500119940726    .0
7110500119940727    .0
7110500119940728    .0
7110500119940729    .6
7110500119940730    .0
7110500119940731   8.2
7110500119940801    .0
7110500119940802    .0
7110500119940803    .0
7110500119940804    .0
7110500119940805    .0
7110500119940806    .2
7110500119940807    .0
7110500119940808    .0
7110500119940809    .0
7110500119940810   8.6
7110500119940811    .4
7110500119940812    .0
7110500119940813   2.8
7110500119940814    .0
7110500119940815    .0
7110500119940816    .0
7110500119940817    .8
7110500119940818    .4
7110500119940819    .0
7110500119940820    .0
7110500119940821    .0
7110500119940822    .8
7110500119940823    .8
7110500119940824    .8
7110500119940825   3.4
7110500119940826   1.8
7110500119940827    .0
7110500119940828    .0
7110500119940829    .0
7110500119940830   1.6
7110500119940831  39.0
7110500119940901    .0
7110500119940902    .0
7110500119940903    .0
7110500119940904    .0
7110500119940905    .0
7110500119940906    .0
7110500119940907  39.0
7110500119940908   7.4
7110500119940909    .4
7110500119940910    .0
7110500119940911   2.6
7110500119940912  31.2
7110500119940913  42.4
7110500119940914  12.0
7110500119940915   1.2
7110500119940916   6.2
7110500119940917   1.4
7110500119940918    .8
7110500119940919    .0
7110500119940920   6.8
7110500119940921    .8
7110500119940922   1.2
7110500119940923   1.0
7110500119940924    .0
7110500119940925    .0
7110500119940926    .2
7110500119940927    .0
7110500119940928    .0
7110500119940929   3.0
7110500119940930   1.8
7110500119941001    .6
7110500119941002    .8
7110500119941003   1.6
7110500119941004    .0
7110500119941005    .0
7110500119941006    .0
7110500119941007    .0
7110500119941008    .0
7110500119941009    .0
7110500119941010    .0
7110500119941011    .0
7110500119941012    .0
7110500119941013    .0
7110500119941014    .0
7110500119941015    .0
7110500119941016    .0
7110500119941017    .0
7110500119941018    .0
7110500119941019   5.0
7110500119941020  23.6
7110500119941021   1.8
7110500119941022  19.4
7110500119941023    .0
7110500119941024   1.0
7110500119941025   1.8
7110500119941026   3.4
7110500119941027   5.6
7110500119941028   5.6
7110500119941029    .4
7110500119941030    .0
7110500119941031    .2
7110500119941101    .4
7110500119941102    .0
7110500119941103    .0
7110500119941104   1.2
7110500119941105  33.4
7110500119941106    .2
7110500119941107    .0
7110500119941108    .0
7110500119941109   7.8
7110500119941110   4.8
7110500119941111    .6
7110500119941112    .6
7110500119941113    .4
7110500119941114    .0
7110500119941115    .2
7110500119941116    .0
7110500119941117    .0
7110500119941118  24.6
7110500119941119    .6
7110500119941120    .0
7110500119941121    .0
7110500119941122    .0
7110500119941123    .0
7110500119941124    .0
7110500119941125    .0
7110500119941126    .0
7110500119941127    .0
7110500119941128    .0
7110500119941129    .0
7110500119941130    .0
7110500119941201    .0
7110500119941202    .0
7110500119941203    .0
7110500119941204   3.2
7110500119941205   4.0
7110500119941206    .0
7110500119941207   1.4
7110500119941208   1.6
7110500119941209   9.0
7110500119941210    .0
7110500119941211    .0
7110500119941212    .0
7110500119941213    .0
7110500119941214   1.0
7110500119941215    .0
7110500119941216    .0
7110500119941217    .0
7110500119941218    .8
7110500119941219   1.8
7110500119941220    .0
7110500119941221    .0
7110500119941222    .0
7110500119941223    .0
7110500119941224    .0
7110500119941225    .0
7110500119941226    .2
7110500119941227   1.4
7110500119941228    .2
7110500119941229  13.2
7110500119941230   4.4
7110500119941231   2.0
7110500119950101   1.6
7110500119950102    .0
7110500119950103    .0
7110500119950104    .0
7110500119950105    .4
7110500119950106   8.4
7110500119950107    .2
7110500119950108   6.0
7110500119950109    .2
7110500119950110   3.6
7110500119950111   3.2
7110500119950112    .0
7110500119950113    .0
7110500119950114    .0
7110500119950115    .0
7110500119950116    .0
7110500119950117    .0
7110500119950118  11.2
7110500119950119    .0
7110500119950120   9.8
7110500119950121   1.6
7110500119950122   1.4
7110500119950123   4.6
7110500119950124   5.4
7110500119950125    .8
7110500119950126   4.4
7110500119950127   1.6
7110500119950128   3.0
7110500119950129   6.6
7110500119950130   1.4
7110500119950131    .0
7110500119950201   1.6
7110500119950202    .0
7110500119950203    .0
7110500119950204   3.2
7110500119950205    .6
7110500119950206    .0
7110500119950207    .0
7110500119950208   4.8
7110500119950209   1.8
7110500119950210   4.8
7110500119950211   2.2
7110500119950212    .0
7110500119950213   8.2
7110500119950214    .2
7110500119950215   7.8
7110500119950216   1.0
7110500119950217  28.2
7110500119950218    .4
7110500119950219    .0
7110500119950220    .0
7110500119950221    .6
7110500119950222    .0
7110500119950223   2.8
7110500119950224  19.2
7110500119950225  24.0
7110500119950226    .6
7110500119950227    .0
7110500119950228    .0
7110500119950301    .0
7110500119950302    .0
7110500119950303   3.4
7110500119950304    .0
7110500119950305  14.6
7110500119950306   1.6
7110500119950307    .0
7110500119950308    .8
7110500119950309    .0
7110500119950310    .0
7110500119950311    .0
7110500119950312    .0
7110500119950313    .0
7110500119950314    .0
7110500119950315   1.4
7110500119950316    .0
7110500119950317   7.0
7110500119950318   9.4
7110500119950319   5.0
7110500119950320    .0
7110500119950321    .0
7110500119950322    .0
7110500119950323    .0
7110500119950324    .0
7110500119950325    .2
7110500119950326    .0
7110500119950327   6.6
7110500119950328   6.8
7110500119950329    .8
7110500119950330    .0
7110500119950331    .0
7110500119950401    .0
7110500119950402    .0
7110500119950403    .0
7110500119950404    .0
7110500119950405    .0
7110500119950406    .0
7110500119950407    .0
7110500119950408    .0
7110500119950409    .0
7110500119950410    .0
7110500119950411    .0
7110500119950412    .0
7110500119950413    .0
7110500119950414    .0
7110500119950415   1.4
7110500119950416    .0
7110500119950417    .0
7110500119950418    .0
7110500119950419   6.8
7110500119950420    .4
7110500119950421  28.8
7110500119950422   4.6
7110500119950423  13.6
7110500119950424    .0
7110500119950425  10.8
7110500119950426   4.8
7110500119950427   4.0
7110500119950428    .0
7110500119950429   5.8
7110500119950430   1.0
7110500119950501    .0
7110500119950502    .0
7110500119950503    .0
7110500119950504    .0
7110500119950505    .0
7110500119950506    .0
7110500119950507    .0
7110500119950508    .0
7110500119950509    .0
7110500119950510    .0
7110500119950511    .0
7110500119950512  11.8
7110500119950513   3.0
7110500119950514    .0
7110500119950515   1.8
7110500119950516   2.6
7110500119950517   2.0
7110500119950518   5.8
7110500119950519    .8
7110500119950520    .0
7110500119950521    .0
7110500119950522    .0
7110500119950523    .0
7110500119950524    .0
7110500119950525   9.4
7110500119950526   1.6
7110500119950527    .0
7110500119950528  12.0
7110500119950529   8.8
7110500119950530    .0
7110500119950531  12.8
7110500119950601    .0
7110500119950602    .0
7110500119950603  10.6
7110500119950604    .2
7110500119950605    .0
7110500119950606    .0
7110500119950607    .0
7110500119950608   5.0
7110500119950609    .0
7110500119950610    .0
7110500119950611    .2
7110500119950612    .0
7110500119950613    .4
7110500119950614    .0
7110500119950615    .0
7110500119950616    .0
7110500119950617   1.4
7110500119950618   4.6
7110500119950619    .0
7110500119950620    .0
7110500119950621    .2
7110500119950622    .0
7110500119950623    .0
7110500119950624    .0
7110500119950625    .0
7110500119950626    .0
7110500119950627    .0
7110500119950628    .0
7110500119950629    .0
7110500119950630    .0
7110500119950701    .2
7110500119950702   5.2
7110500119950703  12.2
7110500119950704    .0
7110500119950705    .0
7110500119950706    .0
7110500119950707    .0
7110500119950708    .0
7110500119950709    .0
7110500119950710  32.0
7110500119950711   4.1
7110500119950712    .0
7110500119950713    .0
7110500119950714    .0
7110500119950715   4.6
7110500119950716    .0
7110500119950717    .0
7110500119950718    .0
7110500119950719    .0
7110500119950720    .0
7110500119950721    .0
7110500119950722   1.2
7110500119950723    .0
7110500119950724    .0
7110500119950725    .0
7110500119950726   3.2
7110500119950727    .0
7110500119950728    .0
7110500119950729    .0
7110500119950730    .0
7110500119950731    .0
7110500119950801    .0
7110500119950802    .0
7110500119950803    .0
7110500119950804    .0
7110500119950805    .0
7110500119950806   6.2
7110500119950807   3.4
7110500119950808    .6
7110500119950809    .0
7110500119950810    .0
7110500119950811    .0
7110500119950812   2.6
7110500119950813    .0
7110500119950814    .4
7110500119950815    .0
7110500119950816    .0
7110500119950817    .0
7110500119950818    .0
7110500119950819    .0
7110500119950820   4.2
7110500119950821    .0
7110500119950822    .0
7110500119950823   3.0
7110500119950824   3.4
7110500119950825    .0
7110500119950826    .0
7110500119950827    .0
7110500119950828    .0
7110500119950829    .0
7110500119950830    .0
7110500119950831    .0
7110500119950901    .0
7110500119950902    .0
7110500119950903   5.0
7110500119950904    .0
7110500119950905    .0
7110500119950906    .0
7110500119950907  12.8
7110500119950908   2.6
7110500119950909    .0
7110500119950910   8.6
7110500119950911   1.0
7110500119950912  16.4
7110500119950913   2.6
7110500119950914    .4
7110500119950915   1.4
7110500119950916    .2
7110500119950917   2.6
7110500119950918  13.6
7110500119950919   3.4
7110500119950920   4.8
7110500119950921    .0
7110500119950922    .0
7110500119950923    .0
7110500119950924    .8
7110500119950925    .0
7110500119950926    .0
7110500119950927    .2
7110500119950928    .0
7110500119950929    .0
7110500119950930    .0
7110500119951001    .0
7110500119951002   7.0
7110500119951003    .6
7110500119951004  15.4
7110500119951005  11.8
7110500119951006    .2
7110500119951007    .0
7110500119951008    .2
7110500119951009    .0
7110500119951010    .4
7110500119951011    .4
7110500119951012    .2
7110500119951013    .0
7110500119951014    .0
7110500119951015   1.6
7110500119951016    .2
7110500119951017    .0
7110500119951018    .0
7110500119951019    .0
7110500119951020    .0
7110500119951021    .0
7110500119951022    .0
7110500119951023    .0
7110500119951024    .8
7110500119951025   1.4
7110500119951026    .0
7110500119951027   4.0
7110500119951028    .6
7110500119951029   2.0
7110500119951030   6.0
7110500119951031    .0
7110500119951101    .0
7110500119951102    .0
7110500119951103    .0
7110500119951104    .0
7110500119951105    .0
7110500119951106    .0
7110500119951107    .0
7110500119951108    .0
7110500119951109    .0
7110500119951110    .2
7110500119951111    .0
7110500119951112  13.4
7110500119951113   4.6
7110500119951114    .0
7110500119951115   6.0
7110500119951116   1.4
7110500119951117   4.6
7110500119951118    .0
7110500119951119    .0
7110500119951120    .0
7110500119951121    .0
7110500119951122    .4
7110500119951123    .0
7110500119951124    .0
7110500119951125    .0
7110500119951126  15.8
7110500119951127   5.6
7110500119951128    .0
7110500119951129    .0
7110500119951130    .0
7110500119951201    .0
7110500119951202   3.2
7110500119951203    .2
7110500119951204    .0
7110500119951205    .0
7110500119951206    .0
7110500119951207   4.2
7110500119951208   1.4
7110500119951209    .0
7110500119951210    .0
7110500119951211    .0
7110500119951212    .0
7110500119951213    .0
7110500119951214    .4
7110500119951215    .0
7110500119951216   7.0
7110500119951217   6.2
7110500119951218    .0
7110500119951219    .0
7110500119951220    .0
7110500119951221    .0
7110500119951222   2.6
7110500119951223   7.8
7110500119951224   3.0
7110500119951225   7.4
7110500119951226   7.8
7110500119951227    .0
7110500119951228    .4
7110500119951229    .0
7110500119951230   8.4
7110500119951231   4.2
7110500119960101   4.0
7110500119960102    .2
7110500119960103    .0
7110500119960104    .0
7110500119960105   8.0
7110500119960106   2.6
7110500119960107   4.4
7110500119960108    .0
7110500119960109   1.2
7110500119960110    .4
7110500119960111   7.8
7110500119960112  29.0
7110500119960113    .4
7110500119960114    .0
7110500119960115    .0
7110500119960116    .0
7110500119960117    .0
7110500119960118    .0
7110500119960119    .0
7110500119960120    .0
7110500119960121    .0
7110500119960122   1.8
7110500119960123    .6
7110500119960124    .0
7110500119960125   2.8
7110500119960126    .0
7110500119960127    .0
7110500119960128   2.8
7110500119960129    .0
7110500119960130    .0
7110500119960131    .0
7110500119960201   2.2
7110500119960202   5.4
7110500119960203    .0
7110500119960204    .0
7110500119960205    .0
7110500119960206   6.6
7110500119960207  10.4
7110500119960208    .8
7110500119960209   1.4
7110500119960210    .0
7110500119960211   2.2
7110500119960212  12.4
7110500119960213   2.6
7110500119960214    .0
7110500119960215    .0
7110500119960216    .4
7110500119960217    .0
7110500119960218   4.0
7110500119960219   1.8
7110500119960220    .0
7110500119960221    .0
7110500119960222    .0
7110500119960223   1.4
7110500119960224    .0
7110500119960225    .0
7110500119960226    .0
7110500119960227   3.6
7110500119960228    .0
7110500119960229    .0
7110500119960301   1.4
7110500119960302    .0
7110500119960303    .0
7110500119960304    .0
7110500119960305    .0
7110500119960306    .0
7110500119960307    .0
7110500119960308    .0
7110500119960309    .0
7110500119960310    .0
7110500119960311    .0
7110500119960312    .0
7110500119960313    .0
7110500119960314  15.2
7110500119960315    .2
7110500119960316   2.2
7110500119960317   3.2
7110500119960318    .0
7110500119960319    .0
7110500119960320    .4
7110500119960321   1.8
7110500119960322    .2
7110500119960323    .0
7110500119960324    .0
7110500119960325    .0
7110500119960326   4.2
7110500119960327    .2
7110500119960328    .0
7110500119960329    .0
7110500119960330    .0
7110500119960331    .0
7110500119960401  12.6
7110500119960402    .0
7110500119960403    .0
7110500119960404    .0
7110500119960405    .0
7110500119960406    .0
7110500119960407    .0
7110500119960408    .0
7110500119960409    .0
7110500119960410    .0
7110500119960411    .0
7110500119960412    .0
7110500119960413   5.4
7110500119960414    .0
7110500119960415    .0
7110500119960416    .0
7110500119960417   1.6
7110500119960418    .0
7110500119960419    .0
7110500119960420    .0
7110500119960421    .0
7110500119960422   2.2
7110500119960423   6.6
7110500119960424    .0
7110500119960425    .0
7110500119960426    .0
7110500119960427    .0
7110500119960428  24.6
7110500119960429    .2
7110500119960430   1.0
7110500119960501   7.6
7110500119960502   4.6
7110500119960503   8.0
7110500119960504   2.4
7110500119960505    .0
7110500119960506    .0
7110500119960507   3.4
7110500119960508  21.4
7110500119960509    .0
7110500119960510    .0
7110500119960511    .0
7110500119960512   1.4
7110500119960513    .0
7110500119960514    .0
7110500119960515    .0
7110500119960516   6.0
7110500119960517   3.2
7110500119960518  32.6
7110500119960519   1.2
7110500119960520    .6
7110500119960521   5.6
7110500119960522    .0
7110500119960523    .0
7110500119960524   9.0
7110500119960525   5.4
7110500119960526    .0
7110500119960527   1.0
7110500119960528    .0
7110500119960529    .0
7110500119960530    .0
7110500119960531    .2
7110500119960601  10.2
7110500119960602  13.8
7110500119960603    .0
7110500119960604    .0
7110500119960605    .0
7110500119960606    .0
7110500119960607    .0
7110500119960608   7.4
7110500119960609    .0
7110500119960610    .0
7110500119960611    .0
7110500119960612    .0
7110500119960613    .0
7110500119960614    .0
7110500119960615    .0
7110500119960616    .0
7110500119960617    .0
7110500119960618    .0
7110500119960619    .0
7110500119960620    .0
7110500119960621  30.0
7110500119960622    .2
7110500119960623   1.4
7110500119960624    .0
7110500119960625    .0
7110500119960626    .0
7110500119960627    .0
7110500119960628    .0
7110500119960629    .0
7110500119960630    .8
7110500119960701    .2
7110500119960702    .0
7110500119960703    .0
7110500119960704    .4
7110500119960705  29.2
7110500119960706    .0
7110500119960707  49.2
7110500119960708   7.0
7110500119960709    .0
7110500119960710    .2
7110500119960711    .0
7110500119960712    .0
7110500119960713    .0
7110500119960714    .0
7110500119960715    .0
7110500119960716    .0
7110500119960717    .0
7110500119960718    .0
7110500119960719    .0
7110500119960720    .0
7110500119960721    .0
7110500119960722    .0
7110500119960723   3.8
7110500119960724    .0
7110500119960725    .0
7110500119960726    .0
7110500119960727    .0
7110500119960728    .0
7110500119960729    .0
7110500119960730    .0
7110500119960731    .0
7110500119960801    .0
7110500119960802   2.8
7110500119960803    .0
7110500119960804    .0
7110500119960805   1.2
7110500119960806  17.0
7110500119960807    .0
7110500119960808    .0
7110500119960809    .0
7110500119960810  16.8
7110500119960811   2.6
7110500119960812    .2
7110500119960813   3.6
7110500119960814    .0
7110500119960815    .0
7110500119960816    .0
7110500119960817    .0
7110500119960818    .0
7110500119960819    .0
7110500119960820    .6
7110500119960821   7.2
7110500119960822   1.2
7110500119960823   3.4
7110500119960824    .2
7110500119960825    .0
7110500119960826    .0
7110500119960827   6.8
7110500119960828    .2
7110500119960829    .0
7110500119960830    .0
7110500119960831    .0
7110500119960901    .0
7110500119960902    .0
7110500119960903    .0
7110500119960904    .0
7110500119960905    .0
7110500119960906    .0
7110500119960907    .0
7110500119960908    .0
7110500119960909    .0
7110500119960910    .0
7110500119960911    .0
7110500119960912    .0
7110500119960913    .0
7110500119960914    .0
7110500119960915    .0
7110500119960916    .0
7110500119960917    .0
7110500119960918    .8
7110500119960919  10.8
7110500119960920    .0
7110500119960921    .0
7110500119960922    .0
7110500119960923    .0
7110500119960924    .0
7110500119960925    .2
7110500119960926    .0
7110500119960927   2.6
7110500119960928    .0
7110500119960929    .0
7110500119960930    .0
7110500119961001   4.4
7110500119961002   2.0
7110500119961003    .0
7110500119961004    .0
7110500119961005   1.0
7110500119961006    .0
7110500119961007    .0
7110500119961008    .2
7110500119961009    .4
7110500119961010    .2
7110500119961011    .0
7110500119961012    .2
7110500119961013    .0
7110500119961014   5.6
7110500119961015   8.2
7110500119961016    .6
7110500119961017    .8
7110500119961018   3.8
7110500119961019    .6
7110500119961020   2.4
7110500119961021   5.0
7110500119961022    .2
7110500119961023    .2
7110500119961024    .0
7110500119961025    .0
7110500119961026    .0
7110500119961027    .0
7110500119961028   8.2
7110500119961029    .2
7110500119961030    .0
7110500119961031    .0
7110500119961101    .0
7110500119961102    .0
7110500119961103    .0
7110500119961104   7.8
7110500119961105    .4
7110500119961106    .0
7110500119961107   3.2
7110500119961108    .0
7110500119961109    .0
7110500119961110   1.6
7110500119961111  41.6
7110500119961112  87.0
7110500119961113    .0
7110500119961114    .0
7110500119961115    .0
7110500119961116    .0
7110500119961117  13.2
7110500119961118  23.4
7110500119961119    .2
7110500119961120   4.6
7110500119961121  10.4
7110500119961122    .0
7110500119961123   2.4
7110500119961124   1.6
7110500119961125  19.4
7110500119961126   1.8
7110500119961127   9.4
7110500119961128    .0
7110500119961129  31.4
7110500119961130   5.4
7110500119961201   2.2
7110500119961202    .2
7110500119961203    .0
7110500119961204    .0
7110500119961205    .6
7110500119961206    .0
7110500119961207    .0
7110500119961208    .0
7110500119961209    .0
7110500119961210    .0
7110500119961211    .0
7110500119961212   3.8
7110500119961213   8.2
7110500119961214    .2
7110500119961215    .0
7110500119961216    .0
7110500119961217    .0
7110500119961218   5.2
7110500119961219  11.8
7110500119961220    .0
7110500119961221   4.0
7110500119961222  19.8
7110500119961223  10.6
7110500119961224    .0
7110500119961225    .0
7110500119961226    .0
7110500119961227    .0
7110500119961228    .0
7110500119961229    .0
7110500119961230    .4
7110500119961231   1.4
7110500119970101    .2
7110500119970102   6.0
7110500119970103    .0
7110500119970104    .0
7110500119970105   1.0
7110500119970106    .0
7110500119970107    .0
7110500119970108  14.8
7110500119970109   1.6
7110500119970110    .2
7110500119970111    .0
7110500119970112    .0
7110500119970113    .0
7110500119970114    .0
7110500119970115    .0
7110500119970116    .0
7110500119970117   5.0
7110500119970118   3.8
7110500119970119   9.0
7110500119970120  22.8
7110500119970121    .6
7110500119970122    .2
7110500119970123    .0
7110500119970124    .0
7110500119970125    .2
7110500119970126    .4
7110500119970127    .0
7110500119970128    .0
7110500119970129    .0
7110500119970130    .0
7110500119970131    .0
7110500119970201    .0
7110500119970202    .0
7110500119970203    .0
7110500119970204    .0
7110500119970205   4.6
7110500119970206    .0
7110500119970207    .0
7110500119970208    .0
7110500119970209    .0
7110500119970210    .0
7110500119970211    .6
7110500119970212   1.0
7110500119970213   8.6
7110500119970214   4.6
7110500119970215   1.0
7110500119970216    .0
7110500119970217    .2
7110500119970218   2.2
7110500119970219    .0
7110500119970220   1.0
7110500119970221    .0
7110500119970222    .0
7110500119970223   2.0
7110500119970224    .0
7110500119970225   2.6
7110500119970226   6.2
7110500119970227    .0
7110500119970228    .0
7110500119970301    .0
7110500119970302    .0
7110500119970303    .0
7110500119970304    .0
7110500119970305    .0
7110500119970306    .0
7110500119970307    .0
7110500119970308    .0
7110500119970309    .0
7110500119970310    .0
7110500119970311    .0
7110500119970312    .0
7110500119970313    .0
7110500119970314   1.6
7110500119970315    .0
7110500119970316    .0
7110500119970317    .0
7110500119970318   1.0
7110500119970319    .8
7110500119970320    .0
7110500119970321    .0
7110500119970322    .0
7110500119970323   1.0
7110500119970324    .0
7110500119970325    .4
7110500119970326    .0
7110500119970327    .0
7110500119970328    .2
7110500119970329    .0
7110500119970330    .0
7110500119970331    .0
7110500119970401    .0
7110500119970402    .0
7110500119970403    .0
7110500119970404    .0
7110500119970405    .0
7110500119970406    .2
7110500119970407    .0
7110500119970408    .0
7110500119970409    .0
7110500119970410    .0
7110500119970411    .0
7110500119970412    .0
7110500119970413    .0
7110500119970414    .0
7110500119970415    .0
7110500119970416    .0
7110500119970417    .0
7110500119970418    .0
7110500119970419    .0
7110500119970420    .0
7110500119970421    .0
7110500119970422    .0
7110500119970423    .0
7110500119970424    .0
7110500119970425   1.4
7110500119970426   6.6
7110500119970427   8.8
7110500119970428    .6
7110500119970429   4.0
7110500119970430    .0
7110500119970501    .0
7110500119970502    .0
7110500119970503    .2
7110500119970504   6.6
7110500119970505  20.2
7110500119970506   9.2
7110500119970507   2.4
7110500119970508    .2
7110500119970509   5.8
7110500119970510    .0
7110500119970511  14.6
7110500119970512    .4
7110500119970513    .0
7110500119970514    .2
7110500119970515    .4
7110500119970516    .0
7110500119970517   2.4
7110500119970518    .0
7110500119970519    .8
7110500119970520   4.6
7110500119970521    .4
7110500119970522    .0
7110500119970523    .0
7110500119970524   1.0
7110500119970525    .0
7110500119970526    .0
7110500119970527    .0
7110500119970528    .0
7110500119970529    .0
7110500119970530    .0
7110500119970531   2.8
7110500119970601   3.8
7110500119970602    .4
7110500119970603  13.8
7110500119970604   1.2
7110500119970605  10.8
7110500119970606    .0
7110500119970607  11.0
7110500119970608    .8
7110500119970609    .0
7110500119970610    .0
7110500119970611   1.2
7110500119970612   4.0
7110500119970613   4.0
7110500119970614    .8
7110500119970615    .0
7110500119970616   7.2
7110500119970617    .0
7110500119970618    .0
7110500119970619    .0
7110500119970620   5.2
7110500119970621  34.0
7110500119970622   1.6
7110500119970623   2.2
7110500119970624    .0
7110500119970625   9.0
7110500119970626   2.6
7110500119970627    .0
7110500119970628   3.2
7110500119970629    .4
7110500119970630  27.6
7110500119970701    .0
7110500119970702   2.2
7110500119970703   1.4
7110500119970704   4.2
7110500119970705   1.2
7110500119970706    .0
7110500119970707    .0
7110500119970708    .0
7110500119970709    .0
7110500119970710    .0
7110500119970711    .0
7110500119970712    .0
7110500119970713    .4
7110500119970714   1.4
7110500119970715    .0
7110500119970716    .0
7110500119970717   4.0
7110500119970718   4.2
7110500119970719    .2
7110500119970720   1.2
7110500119970721    .0
7110500119970722   2.8
7110500119970723    .0
7110500119970724    .0
7110500119970725   2.8
7110500119970726    .0
7110500119970727    .0
7110500119970728    .0
7110500119970729    .0
7110500119970730    .0
7110500119970731    .0
7110500119970801    .0
7110500119970802    .0
7110500119970803    .0
7110500119970804    .0
7110500119970805   4.8
7110500119970806   2.6
7110500119970807   2.6
7110500119970808    .0
7110500119970809    .0
7110500119970810    .0
7110500119970811    .0
7110500119970812    .0
7110500119970813   5.6
7110500119970814    .0
7110500119970815    .0
7110500119970816    .0
7110500119970817    .0
7110500119970818    .0
7110500119970819    .0
7110500119970820    .0
7110500119970821    .0
7110500119970822    .0
7110500119970823    .0
7110500119970824    .0
7110500119970825    .0
7110500119970826    .0
7110500119970827  34.8
7110500119970828  27.4
7110500119970829    .0
7110500119970830   3.6
7110500119970831    .0
7110500119970901   3.8
7110500119970902   1.0
7110500119970903    .0
7110500119970904    .0
7110500119970905    .2
7110500119970906    .0
7110500119970907    .0
7110500119970908    .0
7110500119970909    .0
7110500119970910    .0
7110500119970911    .0
7110500119970912  20.6
7110500119970913    .4
7110500119970914    .0
7110500119970915    .0
7110500119970916    .0
7110500119970917    .0
7110500119970918    .2
7110500119970919    .0
7110500119970920    .0
7110500119970921    .2
7110500119970922    .0
7110500119970923    .0
7110500119970924    .0
7110500119970925    .0
7110500119970926    .2
7110500119970927    .0
7110500119970928    .2
7110500119970929    .0
7110500119970930    .0
7110500119971001    .0
7110500119971002    .0
7110500119971003    .0
7110500119971004    .0
7110500119971005    .0
7110500119971006   6.0
7110500119971007    .0
7110500119971008    .0
7110500119971009    .0
7110500119971010   8.6
7110500119971011   3.0
7110500119971012   4.8
7110500119971013   1.4
7110500119971014   1.2
7110500119971015  20.2
7110500119971016   1.0
7110500119971017    .2
7110500119971018    .2
7110500119971019    .2
7110500119971020    .0
7110500119971021    .0
7110500119971022    .0
7110500119971023    .0
7110500119971024    .0
7110500119971025    .0
7110500119971026    .0
7110500119971027    .0
7110500119971028    .0
7110500119971029    .0
7110500119971030    .0
7110500119971031    .0
7110500119971101    .0
7110500119971102    .0
7110500119971103    .2
7110500119971104  24.8
7110500119971105   9.2
7110500119971106   5.4
7110500119971107    .6
7110500119971108   5.2
7110500119971109    .4
7110500119971110   2.4
7110500119971111  16.0
7110500119971112   1.0
7110500119971113    .0
7110500119971114    .0
7110500119971115   3.8
7110500119971116   2.8
7110500119971117    .2
7110500119971118    .0
7110500119971119   6.0
7110500119971120   2.8
7110500119971121    .0
7110500119971122    .0
7110500119971123    .0
7110500119971124    .0
7110500119971125    .8
7110500119971126    .0
7110500119971127    .6
7110500119971128   7.8
7110500119971129   2.6
7110500119971130    .6
7110500119971201   4.6
7110500119971202   1.8
7110500119971203   2.2
7110500119971204    .4
7110500119971205    .0
7110500119971206    .0
7110500119971207    .0
7110500119971208   3.6
7110500119971209    .6
7110500119971210   5.4
7110500119971211   7.2
7110500119971212    .0
7110500119971213    .4
7110500119971214    .4
7110500119971215    .2
7110500119971216    .0
7110500119971217   4.6
7110500119971218  24.2
7110500119971219  13.6
7110500119971220   6.4
7110500119971221    .0
7110500119971222    .0
7110500119971223    .2
7110500119971224    .4
7110500119971225   3.6
7110500119971226   3.0
7110500119971227   6.2
7110500119971228    .0
7110500119971229    .0
7110500119971230    .0
7110500119971231   1.0
7110500119980101   6.4
7110500119980102   9.2
7110500119980103   4.2
7110500119980104   1.0
7110500119980105   6.8
7110500119980106   3.0
7110500119980107    .4
7110500119980108    .0
7110500119980109    .0
7110500119980110    .0
7110500119980111    .0
7110500119980112    .0
7110500119980113   1.6
7110500119980114    .0
7110500119980115  17.2
7110500119980116  10.2
7110500119980117    .0
7110500119980118  20.0
7110500119980119   5.8
7110500119980120    .0
7110500119980121    .0
7110500119980122    .0
7110500119980123    .0
7110500119980124    .2
7110500119980125    .6
7110500119980126    .0
7110500119980127    .0
7110500119980128    .0
7110500119980129    .0
7110500119980130    .0
7110500119980131    .0
7110500119980201    .0
7110500119980202    .0
7110500119980203    .0
7110500119980204    .0
7110500119980205    .0
7110500119980206    .0
7110500119980207    .6
7110500119980208    .0
7110500119980209    .0
7110500119980210    .0
7110500119980211    .0
7110500119980212    .0
7110500119980213    .0
7110500119980214    .0
7110500119980215    .0
7110500119980216    .0
7110500119980217    .0
7110500119980218    .0
7110500119980219    .0
7110500119980220    .0
7110500119980221  19.4
7110500119980222   5.4
7110500119980223    .2
7110500119980224    .0
7110500119980225    .0
7110500119980226    .0
7110500119980227    .0
7110500119980228    .8
7110500119980301    .0
7110500119980302    .0
7110500119980303    .0
7110500119980304    .8
7110500119980305    .0
7110500119980306    .0
7110500119980307   3.0
7110500119980308  14.0
7110500119980309    .4
7110500119980310    .8
7110500119980311  14.6
7110500119980312   1.0
7110500119980313    .0
7110500119980314    .0
7110500119980315    .0
7110500119980316    .0
7110500119980317    .0
7110500119980318    .0
7110500119980319    .0
7110500119980320    .0
7110500119980321    .0
7110500119980322    .0
7110500119980323    .8
7110500119980324    .0
7110500119980325    .0
7110500119980326    .0
7110500119980327    .0
7110500119980328    .0
7110500119980329    .0
7110500119980330    .0
7110500119980331    .2
7110500119980401   2.2
7110500119980402   2.8
7110500119980403  13.2
7110500119980404   2.8
7110500119980405    .4
7110500119980406   7.6
7110500119980407   6.2
7110500119980408    .8
7110500119980409  11.0
7110500119980410   5.2
7110500119980411    .2
7110500119980412   6.4
7110500119980413   2.2
7110500119980414   6.2
7110500119980415   4.2
7110500119980416   1.6
7110500119980417   4.6
7110500119980418   2.8
7110500119980419    .8
7110500119980420    .4
7110500119980421    .0
7110500119980422    .0
7110500119980423    .0
7110500119980424    .0
7110500119980425   4.0
7110500119980426  22.6
7110500119980427  17.4
7110500119980428    .2
7110500119980429    .2
7110500119980430    .2
7110500119980501  10.0
7110500119980502    .2
7110500119980503    .0
7110500119980504    .0
7110500119980505    .0
7110500119980506    .0
7110500119980507    .0
7110500119980508    .0
7110500119980509    .0
7110500119980510    .0
7110500119980511    .0
7110500119980512    .0
7110500119980513    .0
7110500119980514    .0
7110500119980515    .0
7110500119980516    .0
7110500119980517    .0
7110500119980518    .0
7110500119980519    .0
7110500119980520    .0
7110500119980521    .0
7110500119980522    .0
7110500119980523    .0
7110500119980524    .0
7110500119980525   2.6
7110500119980526    .4
7110500119980527  22.0
7110500119980528  18.4
7110500119980529    .0
7110500119980530    .6
7110500119980531  17.2
7110500119980601    .0
7110500119980602  15.2
7110500119980603    .0
7110500119980604    .0
7110500119980605    .0
7110500119980606   1.4
7110500119980607    .0
7110500119980608    .0
7110500119980609   5.0
7110500119980610   4.0
7110500119980611   1.0
7110500119980612    .0
7110500119980613    .4
7110500119980614    .4
7110500119980615   2.4
7110500119980616    .0
7110500119980617    .0
7110500119980618    .0
7110500119980619    .0
7110500119980620    .0
7110500119980621    .0
7110500119980622    .0
7110500119980623    .0
7110500119980624    .0
7110500119980625   1.2
7110500119980626   2.4
7110500119980627  30.0
7110500119980628    .0
7110500119980629    .0
7110500119980630    .0
7110500119980701   8.6
7110500119980702  12.4
7110500119980703   6.4
7110500119980704    .0
7110500119980705    .0
7110500119980706    .0
7110500119980707    .0
7110500119980708    .0
7110500119980709    .0
7110500119980710    .0
7110500119980711    .2
7110500119980712    .0
7110500119980713    .4
7110500119980714    .0
7110500119980715    .0
7110500119980716    .0
7110500119980717    .0
7110500119980718    .0
7110500119980719   3.6
7110500119980720    .0
7110500119980721    .0
7110500119980722    .0
7110500119980723    .0
7110500119980724    .0
7110500119980725    .0
7110500119980726   5.2
7110500119980727  10.6
7110500119980728    .0
7110500119980729    .0
7110500119980730    .0
7110500119980731    .0
7110500119980801  15.4
7110500119980802   4.8
7110500119980803    .0
7110500119980804    .0
7110500119980805    .0
7110500119980806    .0
7110500119980807    .0
7110500119980808    .0
7110500119980809    .0
7110500119980810    .0
7110500119980811    .0
7110500119980812    .4
7110500119980813    .0
7110500119980814    .0
7110500119980815    .0
7110500119980816    .0
7110500119980817   8.6
7110500119980818    .0
7110500119980819    .0
7110500119980820    .0
7110500119980821    .8
7110500119980822   1.8
7110500119980823    .0
7110500119980824   1.2
7110500119980825    .0
7110500119980826    .0
7110500119980827    .0
7110500119980828    .0
7110500119980829    .0
7110500119980830    .0
7110500119980831    .0
7110500119980901    .0
7110500119980902   5.4
7110500119980903    .0
7110500119980904  24.2
7110500119980905   3.0
7110500119980906    .2
7110500119980907   2.4
7110500119980908    .0
7110500119980909    .0
7110500119980910  28.2
7110500119980911  13.6
7110500119980912   2.4
7110500119980913   4.6
7110500119980914   2.0
7110500119980915  11.4
7110500119980916    .2
7110500119980917    .0
7110500119980918    .0
7110500119980919    .0
7110500119980920    .0
7110500119980921    .0
7110500119980922    .0
7110500119980923    .0
7110500119980924    .0
7110500119980925    .2
7110500119980926  15.1
7110500119980927    .6
7110500119980928   4.2
7110500119980929   8.6
7110500119980930   7.2
7110500119981001    .8
7110500119981002   7.6
7110500119981003   2.2
7110500119981004   4.2
7110500119981005    .6
7110500119981006   8.6
7110500119981007    .0
7110500119981008   1.0
7110500119981009    .0
7110500119981010   2.2
7110500119981011  14.0
7110500119981012    .4
7110500119981013    .4
7110500119981014    .0
7110500119981015    .0
7110500119981016    .0
7110500119981017    .8
7110500119981018    .0
7110500119981019    .0
7110500119981020    .0
7110500119981021    .0
7110500119981022    .2
7110500119981023   2.8
7110500119981024  14.0
7110500119981025    .4
7110500119981026   7.2
7110500119981027    .0
7110500119981028    .0
7110500119981029   3.8
7110500119981030   1.8
7110500119981031   2.2
7110500119981101   4.4
7110500119981102    .8
7110500119981103   2.2
7110500119981104    .6
7110500119981105    .0
7110500119981106    .2
7110500119981107    .2
7110500119981108    .0
7110500119981109   3.4
7110500119981110   6.0
7110500119981111    .0
7110500119981112   3.0
7110500119981113   1.6
7110500119981114   2.2
7110500119981115   1.2
7110500119981116   1.2
7110500119981117    .0
7110500119981118    .0
7110500119981119    .0
7110500119981120    .0
7110500119981121    .0
7110500119981122    .0
7110500119981123    .0
7110500119981124    .0
7110500119981125   4.8
7110500119981126   4.8
7110500119981127   4.0
7110500119981128   7.6
7110500119981129   4.2
7110500119981130    .0
7110500119981201    .0
7110500119981202    .0
7110500119981203    .0
7110500119981204    .4
7110500119981205    .4
7110500119981206    .0
7110500119981207    .0
7110500119981208    .0
7110500119981209    .0
7110500119981210  14.4
7110500119981211    .2
7110500119981212   7.0
7110500119981213    .0
7110500119981214    .0
7110500119981215    .0
7110500119981216    .0
7110500119981217    .0
7110500119981218    .8
7110500119981219    .2
7110500119981220  19.8
7110500119981221    .0
7110500119981222    .0
7110500119981223    .0
7110500119981224   1.8
7110500119981225    .0
7110500119981226    .2
7110500119981227    .2
7110500119981228    .0
7110500119981229    .0
7110500119981230    .0
7110500119981231    .0
