7305400119940101    .8
7305400119940102  25.2
7305400119940103   6.2
7305400119940104   1.8
7305400119940105   1.4
7305400119940106    .0
7305400119940107    .2
7305400119940108    .0
7305400119940109    .0
7305400119940110   7.4
7305400119940111   3.2
7305400119940112    .0
7305400119940113    .0
7305400119940114   3.6
7305400119940115    .0
7305400119940116    .0
7305400119940117    .0
7305400119940118    .0
7305400119940119    .0
7305400119940120    .0
7305400119940121    .0
7305400119940122    .0
7305400119940123    .0
7305400119940124  18.0
7305400119940125   4.8
7305400119940126   4.4
7305400119940127   7.8
7305400119940128   4.0
7305400119940129    .0
7305400119940130    .0
7305400119940131    .0
7305400119940201    .0
7305400119940202    .0
7305400119940203    .0
7305400119940204    .0
7305400119940205    .0
7305400119940206    .0
7305400119940207    .0
7305400119940208   1.8
7305400119940209    .0
7305400119940210   2.4
7305400119940211    .0
7305400119940212    .0
7305400119940213    .0
7305400119940214    .0
7305400119940215    .0
7305400119940216    .0
7305400119940217    .0
7305400119940218    .0
7305400119940219    .0
7305400119940220  11.0
7305400119940221   3.4
7305400119940222    .4
7305400119940223   2.0
7305400119940224  12.8
7305400119940225    .0
7305400119940226    .0
7305400119940227    .0
7305400119940228    .0
7305400119940301    .4
7305400119940302   2.2
7305400119940303   9.6
7305400119940304    .0
7305400119940305    .0
7305400119940306    .0
7305400119940307    .0
7305400119940308    .0
7305400119940309    .0
7305400119940310    .0
7305400119940311    .0
7305400119940312    .0
7305400119940313    .0
7305400119940314    .0
7305400119940315    .0
7305400119940316    .0
7305400119940317    .0
7305400119940318    .0
7305400119940319    .0
7305400119940320    .0
7305400119940321    .0
7305400119940322    .0
7305400119940323    .0
7305400119940324    .0
7305400119940325   3.8
7305400119940326   3.0
7305400119940327    .0
7305400119940328    .0
7305400119940329    .0
7305400119940330    .0
7305400119940331   1.8
7305400119940401  21.0
7305400119940402  10.8
7305400119940403    .0
7305400119940404  20.0
7305400119940405   1.2
7305400119940406    .4
7305400119940407  17.4
7305400119940408   3.6
7305400119940409  23.4
7305400119940410    .8
7305400119940411    .0
7305400119940412   2.0
7305400119940413    .0
7305400119940414   5.0
7305400119940415    .0
7305400119940416    .0
7305400119940417    .4
7305400119940418    .2
7305400119940419   2.0
7305400119940420    .0
7305400119940421    .0
7305400119940422    .0
7305400119940423    .0
7305400119940424    .0
7305400119940425    .0
7305400119940426    .0
7305400119940427    .0
7305400119940428    .0
7305400119940429    .0
7305400119940430    .0
7305400119940501    .0
7305400119940502    .0
7305400119940503    .0
7305400119940504   4.8
7305400119940505    .0
7305400119940506    .0
7305400119940507    .0
7305400119940508  23.0
7305400119940509   2.4
7305400119940510    .0
7305400119940511    .0
7305400119940512    .2
7305400119940513    .0
7305400119940514    .0
7305400119940515    .0
7305400119940516    .0
7305400119940517    .2
7305400119940518  30.2
7305400119940519    .8
7305400119940520   5.2
7305400119940521  15.0
7305400119940522    .0
7305400119940523    .0
7305400119940524   8.0
7305400119940525    .0
7305400119940526  14.2
7305400119940527    .2
7305400119940528    .0
7305400119940529   2.4
7305400119940530   3.6
7305400119940531    .0
7305400119940601    .0
7305400119940602   2.8
7305400119940603   2.8
7305400119940604  20.6
7305400119940605    .6
7305400119940606    .0
7305400119940607    .0
7305400119940608   4.2
7305400119940609    .0
7305400119940610    .0
7305400119940611    .4
7305400119940612    .0
7305400119940613    .0
7305400119940614    .0
7305400119940615    .0
7305400119940616    .0
7305400119940617    .0
7305400119940618    .0
7305400119940619  14.6
7305400119940620    .2
7305400119940621    .0
7305400119940622    .0
7305400119940623    .0
7305400119940624    .0
7305400119940625    .6
7305400119940626  22.8
7305400119940627    .0
7305400119940628    .0
7305400119940629   2.2
7305400119940630    .0
7305400119940701    .0
7305400119940702    .0
7305400119940703    .0
7305400119940704    .0
7305400119940705    .0
7305400119940706    .0
7305400119940707    .0
7305400119940708    .0
7305400119940709    .0
7305400119940710    .0
7305400119940711    .0
7305400119940712    .4
7305400119940713    .0
7305400119940714    .0
7305400119940715    .0
7305400119940716    .0
7305400119940717    .0
7305400119940718   1.8
7305400119940719   5.4
7305400119940720    .0
7305400119940721    .0
7305400119940722    .4
7305400119940723   1.0
7305400119940724  13.8
7305400119940725  10.0
7305400119940726    .0
7305400119940727    .0
7305400119940728  14.0
7305400119940729  10.0
7305400119940730   3.0
7305400119940731    .4
7305400119940801   2.8
7305400119940802    .0
7305400119940803    .0
7305400119940804    .0
7305400119940805    .0
7305400119940806    .0
7305400119940807   1.8
7305400119940808    .4
7305400119940809    .0
7305400119940810    .8
7305400119940811  10.0
7305400119940812    .0
7305400119940813   4.6
7305400119940814    .0
7305400119940815    .0
7305400119940816   9.0
7305400119940817  14.2
7305400119940818    .0
7305400119940819    .0
7305400119940820    .0
7305400119940821    .0
7305400119940822    .0
7305400119940823  13.8
7305400119940824    .0
7305400119940825    .0
7305400119940826    .0
7305400119940827    .0
7305400119940828   1.2
7305400119940829    .0
7305400119940830    .0
7305400119940831  11.6
7305400119940901  24.0
7305400119940902   4.0
7305400119940903    .0
7305400119940904    .0
7305400119940905    .0
7305400119940906    .0
7305400119940907    .0
7305400119940908  28.4
7305400119940909   7.0
7305400119940910    .2
7305400119940911   2.8
7305400119940912  26.2
7305400119940913   4.8
7305400119940914  25.2
7305400119940915  20.6
7305400119940916   9.4
7305400119940917   1.8
7305400119940918    .0
7305400119940919    .0
7305400119940920   8.8
7305400119940921    .0
7305400119940922    .0
7305400119940923    .4
7305400119940924    .0
7305400119940925   1.0
7305400119940926   2.8
7305400119940927    .2
7305400119940928    .0
7305400119940929    .2
7305400119940930    .0
7305400119941001   8.6
7305400119941002   3.0
7305400119941003   7.6
7305400119941004    .0
7305400119941005    .0
7305400119941006    .0
7305400119941007    .0
7305400119941008    .0
7305400119941009    .0
7305400119941010    .0
7305400119941011    .0
7305400119941012    .2
7305400119941013    .0
7305400119941014    .0
7305400119941015    .0
7305400119941016    .0
7305400119941017    .0
7305400119941018    .0
7305400119941019    .0
7305400119941020    .0
7305400119941021    .0
7305400119941022  17.6
7305400119941023  10.0
7305400119941024    .2
7305400119941025   3.0
7305400119941026   7.4
7305400119941027    .0
7305400119941028  16.4
7305400119941029    .4
7305400119941030   1.8
7305400119941031    .0
7305400119941101    .0
7305400119941102    .2
7305400119941103    .0
7305400119941104    .0
7305400119941105  27.2
7305400119941106   7.0
7305400119941107    .0
7305400119941108    .0
7305400119941109   9.8
7305400119941110   2.2
7305400119941111    .0
7305400119941112    .0
7305400119941113    .0
7305400119941114    .0
7305400119941115   1.2
7305400119941116    .2
7305400119941117    .0
7305400119941118  24.2
7305400119941119    .2
7305400119941120    .0
7305400119941121    .0
7305400119941122    .0
7305400119941123    .0
7305400119941124    .0
7305400119941125    .0
7305400119941126    .0
7305400119941127    .0
7305400119941128    .0
7305400119941129    .0
7305400119941130    .0
7305400119941201    .0
7305400119941202    .0
7305400119941203    .0
7305400119941204    .8
7305400119941205   5.8
7305400119941206    .6
7305400119941207    .6
7305400119941208   1.4
7305400119941209  42.4
7305400119941210    .2
7305400119941211    .0
7305400119941212    .0
7305400119941213    .0
7305400119941214    .0
7305400119941215    .0
7305400119941216    .0
7305400119941217    .0
7305400119941218    .0
7305400119941219   7.0
7305400119941220    .8
7305400119941221    .0
7305400119941222    .0
7305400119941223    .0
7305400119941224    .0
7305400119941225    .0
7305400119941226    .0
7305400119941227   7.8
7305400119941228    .6
7305400119941229   9.2
7305400119941230  28.4
7305400119941231   4.6
7305400119950101   6.0
7305400119950102   5.6
7305400119950103    .8
7305400119950104    .0
7305400119950105    .0
7305400119950106    .0
7305400119950107    .0
7305400119950108    .0
7305400119950109    .0
7305400119950110  58.4
7305400119950111  10.2
7305400119950112   5.2
7305400119950113    .0
7305400119950114    .0
7305400119950115    .0
7305400119950116    .0
7305400119950117    .0
7305400119950118  10.4
7305400119950119    .0
7305400119950120   4.2
7305400119950121  13.8
7305400119950122  33.2
7305400119950123  31.8
7305400119950124  21.8
7305400119950125  14.2
7305400119950126   7.8
7305400119950127   2.0
7305400119950128  16.6
7305400119950129  22.6
7305400119950130   7.4
7305400119950131    .0
7305400119950201    .0
7305400119950202    .0
7305400119950203    .0
7305400119950204   2.4
7305400119950205    .0
7305400119950206    .0
7305400119950207    .0
7305400119950208  15.6
7305400119950209   4.4
7305400119950210   5.2
7305400119950211   1.6
7305400119950212    .8
7305400119950213  14.2
7305400119950214    .0
7305400119950215  19.4
7305400119950216   3.4
7305400119950217  11.0
7305400119950218   1.0
7305400119950219    .0
7305400119950220    .0
7305400119950221   3.0
7305400119950222  13.4
7305400119950223   5.8
7305400119950224  37.6
7305400119950225  23.6
7305400119950226   3.6
7305400119950227    .0
7305400119950228    .0
7305400119950301    .0
7305400119950302    .0
7305400119950303   7.6
7305400119950304    .0
7305400119950305  16.2
7305400119950306   3.2
7305400119950307    .0
7305400119950308   5.4
7305400119950309    .4
7305400119950310    .0
7305400119950311    .0
7305400119950312    .0
7305400119950313    .0
7305400119950314    .0
7305400119950315   5.6
7305400119950316    .2
7305400119950317   9.2
7305400119950318  14.6
7305400119950319  17.2
7305400119950320    .0
7305400119950321    .0
7305400119950322    .0
7305400119950323    .0
7305400119950324    .0
7305400119950325    .0
7305400119950326   2.2
7305400119950327  15.2
7305400119950328  13.4
7305400119950329  14.6
7305400119950330    .0
7305400119950331    .0
7305400119950401    .0
7305400119950402    .0
7305400119950403    .0
7305400119950404    .0
7305400119950405    .0
7305400119950406    .0
7305400119950407    .0
7305400119950408    .0
7305400119950409    .0
7305400119950410    .0
7305400119950411    .0
7305400119950412    .0
7305400119950413    .0
7305400119950414    .0
7305400119950415    .0
7305400119950416    .8
7305400119950417    .0
7305400119950418    .0
7305400119950419   9.0
7305400119950420    .4
7305400119950421    .0
7305400119950422    .6
7305400119950423    .0
7305400119950424    .0
7305400119950425    .0
7305400119950426   2.4
7305400119950427   1.0
7305400119950428    .0
7305400119950429   9.2
7305400119950430    .0
7305400119950501    .0
7305400119950502    .0
7305400119950503    .0
7305400119950504    .0
7305400119950505    .0
7305400119950506    .0
7305400119950507    .0
7305400119950508   3.6
7305400119950509    .2
7305400119950510    .0
7305400119950511   5.6
7305400119950512   6.4
7305400119950513   4.6
7305400119950514    .2
7305400119950515  11.8
7305400119950516  15.8
7305400119950517   3.6
7305400119950518  24.0
7305400119950519    .0
7305400119950520    .0
7305400119950521    .0
7305400119950522    .0
7305400119950523    .0
7305400119950524    .0
7305400119950525   4.8
7305400119950526  10.0
7305400119950527    .0
7305400119950528    .0
7305400119950529  24.8
7305400119950530  29.0
7305400119950531   9.4
7305400119950601   3.8
7305400119950602    .0
7305400119950603   3.0
7305400119950604   4.6
7305400119950605   2.4
7305400119950606    .0
7305400119950607    .0
7305400119950608   1.2
7305400119950609   3.9
7305400119950610   7.0
7305400119950611    .0
7305400119950612   1.6
7305400119950613    .8
7305400119950614    .0
7305400119950615    .0
7305400119950616    .0
7305400119950617    .4
7305400119950618    .0
7305400119950619    .0
7305400119950620   8.8
7305400119950621   2.2
7305400119950622    .0
7305400119950623    .0
7305400119950624    .0
7305400119950625    .0
7305400119950626    .0
7305400119950627  25.2
7305400119950628   5.6
7305400119950629    .0
7305400119950630    .0
7305400119950701   1.2
7305400119950702    .4
7305400119950703  11.0
7305400119950704   3.2
7305400119950705   1.8
7305400119950706    .0
7305400119950707    .2
7305400119950708    .0
7305400119950709    .0
7305400119950710   3.2
7305400119950711   2.8
7305400119950712    .0
7305400119950713   3.6
7305400119950714   4.4
7305400119950715    .2
7305400119950716    .0
7305400119950717    .0
7305400119950718    .0
7305400119950719    .0
7305400119950720    .0
7305400119950721    .0
7305400119950722    .0
7305400119950723    .0
7305400119950724    .0
7305400119950725    .0
7305400119950726    .0
7305400119950727    .0
7305400119950728    .0
7305400119950729    .0
7305400119950730   1.2
7305400119950731    .8
7305400119950801    .2
7305400119950802    .0
7305400119950803    .0
7305400119950804    .0
7305400119950805   4.8
7305400119950806   6.2
7305400119950807   2.8
7305400119950808   7.6
7305400119950809    .0
7305400119950810   1.6
7305400119950811  13.6
7305400119950812    .0
7305400119950813   4.8
7305400119950814    .0
7305400119950815    .0
7305400119950816    .0
7305400119950817    .0
7305400119950818    .0
7305400119950819    .2
7305400119950820    .0
7305400119950821    .6
7305400119950822    .0
7305400119950823   1.2
7305400119950824   4.2
7305400119950825   1.6
7305400119950826    .0
7305400119950827   4.0
7305400119950828   1.8
7305400119950829    .0
7305400119950830    .0
7305400119950831    .0
7305400119950901    .0
7305400119950902    .0
7305400119950903   5.4
7305400119950904    .4
7305400119950905    .4
7305400119950906    .0
7305400119950907  33.6
7305400119950908  11.6
7305400119950909    .0
7305400119950910   5.2
7305400119950911    .4
7305400119950912  11.4
7305400119950913  10.8
7305400119950914    .4
7305400119950915    .0
7305400119950916   2.2
7305400119950917    .0
7305400119950918    .0
7305400119950919   7.6
7305400119950920   1.8
7305400119950921   1.4
7305400119950922    .0
7305400119950923    .0
7305400119950924   3.8
7305400119950925   2.6
7305400119950926    .0
7305400119950927   4.4
7305400119950928    .0
7305400119950929    .0
7305400119950930    .0
7305400119951001    .0
7305400119951002    .0
7305400119951003   3.8
7305400119951004    .4
7305400119951005   5.4
7305400119951006    .0
7305400119951007    .0
7305400119951008    .0
7305400119951009    .0
7305400119951010    .0
7305400119951011    .0
7305400119951012    .0
7305400119951013    .0
7305400119951014    .0
7305400119951015    .0
7305400119951016    .0
7305400119951017    .0
7305400119951018    .0
7305400119951019    .0
7305400119951020    .0
7305400119951021    .0
7305400119951022    .0
7305400119951023    .0
7305400119951024    .0
7305400119951025    .0
7305400119951026    .0
7305400119951027    .0
7305400119951028    .0
7305400119951029  16.4
7305400119951030   1.0
7305400119951031    .0
7305400119951101   3.2
7305400119951102    .0
7305400119951103    .0
7305400119951104    .0
7305400119951105    .0
7305400119951106    .0
7305400119951107    .0
7305400119951108    .0
7305400119951109    .0
7305400119951110    .2
7305400119951111    .0
7305400119951112   2.0
7305400119951113   6.4
7305400119951114    .0
7305400119951115   6.2
7305400119951116  10.4
7305400119951117  16.0
7305400119951118    .0
7305400119951119    .0
7305400119951120    .0
7305400119951121    .0
7305400119951122    .0
7305400119951123    .0
7305400119951124    .0
7305400119951125    .0
7305400119951126    .0
7305400119951127    .6
7305400119951128    .2
7305400119951129    .0
7305400119951130    .0
7305400119951201    .0
7305400119951202    .0
7305400119951203    .0
7305400119951204    .0
7305400119951205    .0
7305400119951206    .0
7305400119951207    .0
7305400119951208    .0
7305400119951209    .0
7305400119951210    .0
7305400119951211    .0
7305400119951212    .8
7305400119951213    .0
7305400119951214    .0
7305400119951215    .0
7305400119951216    .0
7305400119951217   3.6
7305400119951218    .6
7305400119951219    .0
7305400119951220    .2
7305400119951221    .0
7305400119951222   4.4
7305400119951223  28.8
7305400119951224  15.4
7305400119951225  15.2
7305400119951226  12.6
7305400119951227    .0
7305400119951228   6.4
7305400119951229   5.4
7305400119951230   2.6
7305400119951231   6.8
7305400119960101   1.2
7305400119960102   2.4
7305400119960103    .0
7305400119960104    .0
7305400119960105    .0
7305400119960106    .0
7305400119960107   5.0
7305400119960108    .0
7305400119960109    .0
7305400119960110    .0
7305400119960111    .0
7305400119960112    .0
7305400119960113    .0
7305400119960114    .0
7305400119960115    .0
7305400119960116    .0
7305400119960117    .0
7305400119960118    .0
7305400119960119    .0
7305400119960120    .0
7305400119960121    .0
7305400119960122    .0
7305400119960123    .0
7305400119960124    .0
7305400119960125    .0
7305400119960126    .0
7305400119960127    .0
7305400119960128    .0
7305400119960129    .0
7305400119960130    .0
7305400119960131    .0
7305400119960201    .0
7305400119960202    .0
7305400119960203   2.8
7305400119960204   3.6
7305400119960205   1.2
7305400119960206   1.4
7305400119960207   3.8
7305400119960208   1.8
7305400119960209    .0
7305400119960210    .0
7305400119960211   1.6
7305400119960212  32.6
7305400119960213  14.6
7305400119960214    .0
7305400119960215    .0
7305400119960216    .0
7305400119960217    .0
7305400119960218  11.4
7305400119960219   3.8
7305400119960220   3.0
7305400119960221    .6
7305400119960222    .2
7305400119960223   1.0
7305400119960224    .0
7305400119960225    .0
7305400119960226    .0
7305400119960227    .0
7305400119960228    .0
7305400119960229    .0
7305400119960301    .0
7305400119960302    .0
7305400119960303    .0
7305400119960304    .0
7305400119960305    .0
7305400119960306    .0
7305400119960307    .0
7305400119960308    .0
7305400119960309    .0
7305400119960310    .0
7305400119960311    .0
7305400119960312    .0
7305400119960313    .0
7305400119960314    .0
7305400119960315    .0
7305400119960316   4.4
7305400119960317   1.4
7305400119960318    .0
7305400119960319    .0
7305400119960320    .0
7305400119960321  12.6
7305400119960322   5.8
7305400119960323    .0
7305400119960324    .0
7305400119960325    .0
7305400119960326   7.0
7305400119960327    .6
7305400119960328    .0
7305400119960329    .0
7305400119960330    .0
7305400119960331    .0
7305400119960401   5.0
7305400119960402    .6
7305400119960403    .4
7305400119960404    .4
7305400119960405    .0
7305400119960406    .0
7305400119960407    .0
7305400119960408    .0
7305400119960409    .0
7305400119960410    .0
7305400119960411    .0
7305400119960412    .0
7305400119960413    .0
7305400119960414    .0
7305400119960415    .0
7305400119960416    .0
7305400119960417    .0
7305400119960418    .0
7305400119960419    .0
7305400119960420    .0
7305400119960421    .0
7305400119960422    .0
7305400119960423   2.2
7305400119960424    .0
7305400119960425    .0
7305400119960426    .0
7305400119960427    .0
7305400119960428    .0
7305400119960429   7.6
7305400119960430   9.2
7305400119960501    .4
7305400119960502   2.0
7305400119960503  10.2
7305400119960504    .0
7305400119960505    .0
7305400119960506    .0
7305400119960507    .0
7305400119960508   7.2
7305400119960509   1.4
7305400119960510   1.4
7305400119960511   2.0
7305400119960512    .6
7305400119960513    .0
7305400119960514    .0
7305400119960515    .0
7305400119960516   8.0
7305400119960517   2.4
7305400119960518    .0
7305400119960519  11.4
7305400119960520    .2
7305400119960521   1.2
7305400119960522    .0
7305400119960523    .2
7305400119960524   1.8
7305400119960525  17.2
7305400119960526   9.4
7305400119960527   8.6
7305400119960528    .0
7305400119960529    .0
7305400119960530    .0
7305400119960531    .0
7305400119960601   3.0
7305400119960602   4.6
7305400119960603    .0
7305400119960604    .0
7305400119960605    .0
7305400119960606   2.2
7305400119960607    .0
7305400119960608   2.2
7305400119960609   7.2
7305400119960610   6.4
7305400119960611    .0
7305400119960612    .0
7305400119960613    .0
7305400119960614    .0
7305400119960615    .2
7305400119960616    .0
7305400119960617    .0
7305400119960618    .0
7305400119960619    .0
7305400119960620  19.8
7305400119960621  25.6
7305400119960622   3.0
7305400119960623   1.0
7305400119960624   1.4
7305400119960625   1.4
7305400119960626    .0
7305400119960627    .0
7305400119960628    .0
7305400119960629    .0
7305400119960630    .0
7305400119960701    .2
7305400119960702   1.0
7305400119960703    .0
7305400119960704   2.0
7305400119960705  26.6
7305400119960706   1.8
7305400119960707  22.0
7305400119960708    .4
7305400119960709    .0
7305400119960710    .0
7305400119960711    .0
7305400119960712    .0
7305400119960713    .0
7305400119960714    .0
7305400119960715    .0
7305400119960716    .0
7305400119960717    .0
7305400119960718    .0
7305400119960719    .0
7305400119960720    .0
7305400119960721    .0
7305400119960722    .0
7305400119960723  28.2
7305400119960724  46.4
7305400119960725    .0
7305400119960726    .0
7305400119960727   1.4
7305400119960728   1.2
7305400119960729   4.2
7305400119960730    .2
7305400119960731    .0
7305400119960801   4.4
7305400119960802   3.0
7305400119960803    .2
7305400119960804    .0
7305400119960805  10.4
7305400119960806   6.8
7305400119960807    .8
7305400119960808   1.6
7305400119960809    .0
7305400119960810  20.4
7305400119960811  11.4
7305400119960812   6.0
7305400119960813    .4
7305400119960814    .0
7305400119960815    .4
7305400119960816    .0
7305400119960817    .0
7305400119960818    .0
7305400119960819   5.6
7305400119960820    .4
7305400119960821  11.2
7305400119960822    .2
7305400119960823    .6
7305400119960824   1.6
7305400119960825    .0
7305400119960826   3.8
7305400119960827  21.4
7305400119960828    .0
7305400119960829    .0
7305400119960830    .0
7305400119960831    .0
7305400119960901    .0
7305400119960902    .0
7305400119960903    .0
7305400119960904    .2
7305400119960905    .0
7305400119960906    .0
7305400119960907    .0
7305400119960908    .0
7305400119960909    .0
7305400119960910    .2
7305400119960911    .0
7305400119960912    .2
7305400119960913    .2
7305400119960914    .0
7305400119960915    .0
7305400119960916    .2
7305400119960917    .0
7305400119960918    .6
7305400119960919    .4
7305400119960920    .0
7305400119960921   5.8
7305400119960922   4.8
7305400119960923   1.0
7305400119960924    .2
7305400119960925    .2
7305400119960926    .0
7305400119960927   1.8
7305400119960928    .0
7305400119960929    .0
7305400119960930    .0
7305400119961001   6.8
7305400119961002    .0
7305400119961003    .0
7305400119961004    .2
7305400119961005   3.8
7305400119961006    .0
7305400119961007    .0
7305400119961008    .0
7305400119961009    .0
7305400119961010    .0
7305400119961011    .0
7305400119961012    .0
7305400119961013    .0
7305400119961014    .0
7305400119961015  27.8
7305400119961016  11.2
7305400119961017    .0
7305400119961018   1.0
7305400119961019   4.0
7305400119961020    .4
7305400119961021   1.4
7305400119961022    .0
7305400119961023    .0
7305400119961024    .0
7305400119961025    .0
7305400119961026    .0
7305400119961027    .0
7305400119961028   7.4
7305400119961029   9.0
7305400119961030    .0
7305400119961031   2.2
7305400119961101    .2
7305400119961102    .0
7305400119961103    .2
7305400119961104    .0
7305400119961105   6.0
7305400119961106    .2
7305400119961107   7.6
7305400119961108    .0
7305400119961109    .0
7305400119961110    .2
7305400119961111    .2
7305400119961112   1.0
7305400119961113  18.2
7305400119961114    .6
7305400119961115    .0
7305400119961116    .0
7305400119961117   4.4
7305400119961118  17.6
7305400119961119  18.2
7305400119961120  16.4
7305400119961121  16.6
7305400119961122    .2
7305400119961123   2.2
7305400119961124   4.8
7305400119961125  32.4
7305400119961126   1.8
7305400119961127  14.4
7305400119961128    .0
7305400119961129  57.2
7305400119961130  16.8
7305400119961201    .0
7305400119961202    .6
7305400119961203    .0
7305400119961204    .0
7305400119961205    .0
7305400119961206    .0
7305400119961207    .0
7305400119961208    .0
7305400119961209    .0
7305400119961210    .0
7305400119961211    .0
7305400119961212   1.2
7305400119961213  28.2
7305400119961214    .6
7305400119961215    .0
7305400119961216    .0
7305400119961217    .0
7305400119961218    .0
7305400119961219   5.2
7305400119961220    .0
7305400119961221    .0
7305400119961222    .0
7305400119961223   6.4
7305400119961224    .0
7305400119961225    .4
7305400119961226    .0
7305400119961227    .0
7305400119961228    .0
7305400119961229    .0
7305400119961230    .0
7305400119961231    .0
7305400119970101    .0
7305400119970102    .0
7305400119970103   1.2
7305400119970104    .0
7305400119970105    .2
7305400119970106    .0
7305400119970107    .0
7305400119970108    .0
7305400119970109    .6
7305400119970110    .0
7305400119970111    .0
7305400119970112    .0
7305400119970113    .0
7305400119970114    .0
7305400119970115    .0
7305400119970116    .0
7305400119970117    .0
7305400119970118    .0
7305400119970119   4.8
7305400119970120   1.8
7305400119970121   1.0
7305400119970122    .0
7305400119970123    .0
7305400119970124    .0
7305400119970125    .0
7305400119970126    .0
7305400119970127    .2
7305400119970128    .0
7305400119970129    .0
7305400119970130    .0
7305400119970131    .0
7305400119970201    .0
7305400119970202    .2
7305400119970203    .0
7305400119970204    .0
7305400119970205   9.2
7305400119970206    .0
7305400119970207    .0
7305400119970208    .0
7305400119970209    .0
7305400119970210    .0
7305400119970211   6.0
7305400119970212   2.2
7305400119970213   8.4
7305400119970214  25.8
7305400119970215   6.8
7305400119970216    .0
7305400119970217    .0
7305400119970218   7.4
7305400119970219    .0
7305400119970220    .0
7305400119970221    .0
7305400119970222    .0
7305400119970223    .0
7305400119970224  12.6
7305400119970225  13.6
7305400119970226  20.2
7305400119970227    .8
7305400119970228    .2
7305400119970301    .0
7305400119970302    .0
7305400119970303    .0
7305400119970304    .4
7305400119970305    .0
7305400119970306    .0
7305400119970307    .0
7305400119970308    .0
7305400119970309    .0
7305400119970310    .0
7305400119970311    .0
7305400119970312    .0
7305400119970313    .0
7305400119970314    .0
7305400119970315    .0
7305400119970316    .0
7305400119970317    .0
7305400119970318   6.2
7305400119970319   4.4
7305400119970320    .0
7305400119970321    .0
7305400119970322    .0
7305400119970323   3.4
7305400119970324    .2
7305400119970325    .0
7305400119970326    .0
7305400119970327    .0
7305400119970328   2.0
7305400119970329    .0
7305400119970330    .0
7305400119970331    .0
7305400119970401    .0
7305400119970402    .0
7305400119970403    .0
7305400119970404    .0
7305400119970405    .0
7305400119970406    .0
7305400119970407    .0
7305400119970408    .0
7305400119970409    .0
7305400119970410    .0
7305400119970411    .0
7305400119970412    .0
7305400119970413    .0
7305400119970414    .0
7305400119970415    .0
7305400119970416    .0
7305400119970417    .0
7305400119970418    .0
7305400119970419   2.0
7305400119970420    .8
7305400119970421    .2
7305400119970422    .0
7305400119970423    .0
7305400119970424    .0
7305400119970425  10.4
7305400119970426  24.8
7305400119970427   5.0
7305400119970428   1.4
7305400119970429   1.6
7305400119970430    .0
7305400119970501    .0
7305400119970502    .0
7305400119970503    .0
7305400119970504    .0
7305400119970505  19.4
7305400119970506  26.4
7305400119970507   9.8
7305400119970508    .6
7305400119970509  13.2
7305400119970510    .2
7305400119970511    .4
7305400119970512    .4
7305400119970513   1.4
7305400119970514    .0
7305400119970515    .0
7305400119970516    .0
7305400119970517    .0
7305400119970518   1.0
7305400119970519    .0
7305400119970520   7.6
7305400119970521   1.2
7305400119970522    .0
7305400119970523    .0
7305400119970524    .2
7305400119970525    .2
7305400119970526    .0
7305400119970527    .0
7305400119970528    .0
7305400119970529    .0
7305400119970530    .0
7305400119970531  13.6
7305400119970601    .0
7305400119970602    .2
7305400119970603    .0
7305400119970604    .2
7305400119970605    .0
7305400119970606    .0
7305400119970607    .8
7305400119970608   2.4
7305400119970609    .0
7305400119970610    .0
7305400119970611    .2
7305400119970612    .0
7305400119970613  12.2
7305400119970614   2.2
7305400119970615    .0
7305400119970616  11.6
7305400119970617    .0
7305400119970618    .0
7305400119970619  13.4
7305400119970620   1.2
7305400119970621  43.8
7305400119970622  10.0
7305400119970623   1.0
7305400119970624   1.4
7305400119970625   5.4
7305400119970626   7.2
7305400119970627    .8
7305400119970628   2.4
7305400119970629  13.8
7305400119970630   5.0
7305400119970701    .0
7305400119970702   5.4
7305400119970703   6.6
7305400119970704  10.6
7305400119970705   3.6
7305400119970706    .0
7305400119970707    .0
7305400119970708    .2
7305400119970709   3.2
7305400119970710   3.4
7305400119970711    .0
7305400119970712    .0
7305400119970713    .2
7305400119970714    .0
7305400119970715    .0
7305400119970716    .0
7305400119970717  18.6
7305400119970718   8.8
7305400119970719    .0
7305400119970720    .0
7305400119970721    .0
7305400119970722    .0
7305400119970723    .2
7305400119970724   3.6
7305400119970725   2.2
7305400119970726   1.2
7305400119970727    .0
7305400119970728    .0
7305400119970729    .0
7305400119970730    .0
7305400119970731    .0
7305400119970801    .0
7305400119970802    .0
7305400119970803    .0
7305400119970804    .0
7305400119970805  29.0
7305400119970806   1.0
7305400119970807    .2
7305400119970808    .0
7305400119970809    .0
7305400119970810    .0
7305400119970811    .0
7305400119970812    .0
7305400119970813   1.2
7305400119970814    .0
7305400119970815    .0
7305400119970816   8.4
7305400119970817  14.2
7305400119970818    .0
7305400119970819    .0
7305400119970820    .2
7305400119970821    .0
7305400119970822    .0
7305400119970823    .0
7305400119970824    .0
7305400119970825  10.2
7305400119970826   1.4
7305400119970827   3.0
7305400119970828  25.8
7305400119970829    .8
7305400119970830   2.0
7305400119970831    .0
7305400119970901    .0
7305400119970902  10.0
7305400119970903    .0
7305400119970904    .0
7305400119970905    .0
7305400119970906    .0
7305400119970907    .0
7305400119970908    .2
7305400119970909    .0
7305400119970910    .2
7305400119970911    .0
7305400119970912  21.6
7305400119970913  20.8
7305400119970914    .0
7305400119970915    .2
7305400119970916    .0
7305400119970917    .2
7305400119970918    .0
7305400119970919    .0
7305400119970920    .0
7305400119970921    .2
7305400119970922    .2
7305400119970923    .0
7305400119970924    .2
7305400119970925    .0
7305400119970926    .0
7305400119970927    .2
7305400119970928    .2
7305400119970929    .0
7305400119970930    .0
7305400119971001    .2
7305400119971002    .0
7305400119971003    .0
7305400119971004    .0
7305400119971005    .0
7305400119971006   3.4
7305400119971007   3.0
7305400119971008    .0
7305400119971009    .0
7305400119971010  27.4
7305400119971011  11.0
7305400119971012  13.4
7305400119971013   1.0
7305400119971014    .2
7305400119971015   7.2
7305400119971016    .4
7305400119971017    .2
7305400119971018    .2
7305400119971019    .2
7305400119971020    .0
7305400119971021    .0
7305400119971022   3.6
7305400119971023   2.6
7305400119971024    .0
7305400119971025    .0
7305400119971026    .0
7305400119971027    .2
7305400119971028    .0
7305400119971029    .0
7305400119971030    .2
7305400119971031    .2
7305400119971101    .2
7305400119971102    .0
7305400119971103    .0
7305400119971104    .0
7305400119971105   1.0
7305400119971106    .0
7305400119971107    .0
7305400119971108   2.0
7305400119971109  16.8
7305400119971110   2.2
7305400119971111    .0
7305400119971112   7.2
7305400119971113    .0
7305400119971114    .2
7305400119971115    .2
7305400119971116   2.0
7305400119971117    .2
7305400119971118    .2
7305400119971119    .2
7305400119971120   3.2
7305400119971121    .0
7305400119971122    .2
7305400119971123    .0
7305400119971124    .2
7305400119971125    .0
7305400119971126    .0
7305400119971127    .0
7305400119971128   2.8
7305400119971129   1.0
7305400119971130   2.6
7305400119971201    .8
7305400119971202  11.2
7305400119971203    .4
7305400119971204    .0
7305400119971205    .0
7305400119971206    .2
7305400119971207    .2
7305400119971208    .2
7305400119971209    .2
7305400119971210   2.8
7305400119971211  39.4
7305400119971212   2.4
7305400119971213    .0
7305400119971214    .2
7305400119971215    .0
7305400119971216    .0
7305400119971217    .0
7305400119971218    .0
7305400119971219    .6
7305400119971220  14.8
7305400119971221    .4
7305400119971222    .0
7305400119971223    .2
7305400119971224    .2
7305400119971225   8.2
7305400119971226   7.6
7305400119971227  10.4
7305400119971228   1.2
7305400119971229    .0
7305400119971230    .0
7305400119971231    .0
7305400119980101   3.0
7305400119980102  18.6
7305400119980103  16.2
7305400119980104   3.4
7305400119980105  15.6
7305400119980106   9.2
7305400119980107    .2
7305400119980108    .0
7305400119980109    .2
7305400119980110    .0
7305400119980111    .0
7305400119980112    .0
7305400119980113    .0
7305400119980114   5.4
7305400119980115    .0
7305400119980116  21.8
7305400119980117    .2
7305400119980118  50.0
7305400119980119  25.8
7305400119980120   5.0
7305400119980121    .0
7305400119980122    .0
7305400119980123    .0
7305400119980124    .2
7305400119980125    .0
7305400119980126    .0
7305400119980127    .2
7305400119980128    .2
7305400119980129    .0
7305400119980130    .0
7305400119980131    .0
7305400119980201    .0
7305400119980202    .0
7305400119980203    .0
7305400119980204    .0
7305400119980205    .2
7305400119980206    .0
7305400119980207    .0
7305400119980208    .0
7305400119980209    .0
7305400119980210    .0
7305400119980211    .0
7305400119980212    .0
7305400119980213    .0
7305400119980214    .0
7305400119980215    .0
7305400119980216    .0
7305400119980217    .0
7305400119980218    .0
7305400119980219    .0
7305400119980220    .0
7305400119980221    .0
7305400119980222  10.8
7305400119980223   2.0
7305400119980224    .0
7305400119980225    .0
7305400119980226    .2
7305400119980227    .0
7305400119980228    .0
7305400119980301    .0
7305400119980302    .0
7305400119980303    .0
7305400119980304  13.6
7305400119980305   2.8
7305400119980306    .0
7305400119980307  10.0
7305400119980308  26.8
7305400119980309    .0
7305400119980310    .0
7305400119980311   5.6
7305400119980312    .0
7305400119980313    .0
7305400119980314    .0
7305400119980315    .2
7305400119980316    .0
7305400119980317    .0
7305400119980318    .0
7305400119980319    .0
7305400119980320    .0
7305400119980321    .0
7305400119980322    .0
7305400119980323   1.4
7305400119980324    .0
7305400119980325    .0
7305400119980326    .0
7305400119980327    .0
7305400119980328    .0
7305400119980329    .0
7305400119980330    .0
7305400119980331    .0
7305400119980401    .6
7305400119980402   1.6
7305400119980403    .0
7305400119980404   2.6
7305400119980405   1.8
7305400119980406   1.2
7305400119980407  15.6
7305400119980408    .4
7305400119980409    .0
7305400119980410  11.4
7305400119980411   9.6
7305400119980412   3.2
7305400119980413    .2
7305400119980414    .0
7305400119980415   1.2
7305400119980416   3.6
7305400119980417  11.2
7305400119980418   2.8
7305400119980419    .2
7305400119980420    .4
7305400119980421    .0
7305400119980422    .0
7305400119980423    .4
7305400119980424    .0
7305400119980425    .0
7305400119980426    .0
7305400119980427  18.2
7305400119980428   2.0
7305400119980429    .0
7305400119980430    .0
7305400119980501   2.8
7305400119980502    .0
7305400119980503    .2
7305400119980504    .0
7305400119980505    .0
7305400119980506    .0
7305400119980507    .0
7305400119980508    .0
7305400119980509    .0
7305400119980510    .0
7305400119980511    .0
7305400119980512    .0
7305400119980513    .0
7305400119980514    .0
7305400119980515    .0
7305400119980516    .0
7305400119980517    .0
7305400119980518    .0
7305400119980519    .0
7305400119980520    .0
7305400119980521    .2
7305400119980522    .0
7305400119980523    .0
7305400119980524    .0
7305400119980525    .0
7305400119980526    .0
7305400119980527    .2
7305400119980528   2.4
7305400119980529   2.4
7305400119980530   3.6
7305400119980531   2.0
7305400119980601    .0
7305400119980602   6.2
7305400119980603  10.8
7305400119980604   8.8
7305400119980605    .0
7305400119980606   3.4
7305400119980607   8.8
7305400119980608    .0
7305400119980609    .0
7305400119980610  13.2
7305400119980611   2.4
7305400119980612    .2
7305400119980613    .0
7305400119980614   1.2
7305400119980615   2.0
7305400119980616    .8
7305400119980617    .0
7305400119980618    .0
7305400119980619    .0
7305400119980620    .0
7305400119980621    .0
7305400119980622    .0
7305400119980623    .0
7305400119980624    .0
7305400119980625    .0
7305400119980626   3.0
7305400119980627   5.8
7305400119980628    .0
7305400119980629   3.6
7305400119980630   1.2
7305400119980701  10.8
7305400119980702  17.2
7305400119980703   8.6
7305400119980704    .0
7305400119980705    .0
7305400119980706   3.2
7305400119980707  18.0
7305400119980708    .0
7305400119980709    .2
7305400119980710    .0
7305400119980711    .0
7305400119980712    .0
7305400119980713  10.4
7305400119980714    .0
7305400119980715    .0
7305400119980716    .2
7305400119980717    .0
7305400119980718    .0
7305400119980719    .0
7305400119980720    .0
7305400119980721   2.4
7305400119980722    .0
7305400119980723    .0
7305400119980724    .0
7305400119980725    .0
7305400119980726   4.2
7305400119980727  18.4
7305400119980728    .2
7305400119980729    .0
7305400119980730    .0
7305400119980731  11.8
7305400119980801    .4
7305400119980802   1.4
7305400119980803    .0
7305400119980804    .0
7305400119980805    .0
7305400119980806    .0
7305400119980807    .0
7305400119980808    .0
7305400119980809    .0
7305400119980810    .0
7305400119980811    .0
7305400119980812    .0
7305400119980813    .0
7305400119980814    .0
7305400119980815    .0
7305400119980816    .0
7305400119980817    .2
7305400119980818   2.6
7305400119980819    .0
7305400119980820    .0
7305400119980821   6.2
7305400119980822   5.0
7305400119980823    .0
7305400119980824   3.4
7305400119980825    .0
7305400119980826    .0
7305400119980827    .0
7305400119980828    .2
7305400119980829    .0
7305400119980830    .2
7305400119980831    .0
7305400119980901    .0
7305400119980902   5.2
7305400119980903   6.0
7305400119980904  23.0
7305400119980905   3.4
7305400119980906    .0
7305400119980907   4.6
7305400119980908    .0
7305400119980909    .2
7305400119980910   7.6
7305400119980911  21.6
7305400119980912   4.4
7305400119980913  14.0
7305400119980914   2.0
7305400119980915   4.4
7305400119980916    .2
7305400119980917    .0
7305400119980918    .2
7305400119980919    .0
7305400119980920    .2
7305400119980921    .2
7305400119980922    .0
7305400119980923    .0
7305400119980924    .0
7305400119980925    .0
7305400119980926   1.8
7305400119980927   7.4
7305400119980928   3.0
7305400119980929   4.2
7305400119980930  23.6
7305400119981001   1.8
7305400119981002   1.4
7305400119981003   4.4
7305400119981004   3.0
7305400119981005   2.6
7305400119981006   1.8
7305400119981007   1.8
7305400119981008    .0
7305400119981009    .0
7305400119981010    .0
7305400119981011   4.0
7305400119981012    .0
7305400119981013    .0
7305400119981014    .2
7305400119981015    .2
7305400119981016    .0
7305400119981017   9.2
7305400119981018    .8
7305400119981019   1.8
7305400119981020    .0
7305400119981021    .2
7305400119981022    .2
7305400119981023   4.6
7305400119981024  38.2
7305400119981025  12.8
7305400119981026  11.0
7305400119981027    .0
7305400119981028   1.8
7305400119981029   6.2
7305400119981030   7.0
7305400119981031  16.2
7305400119981101  18.8
7305400119981102   2.0
7305400119981103  13.4
7305400119981104   6.8
7305400119981105    .0
7305400119981106    .2
7305400119981107    .2
7305400119981108    .0
7305400119981109    .0
7305400119981110  19.0
7305400119981111    .0
7305400119981112   4.2
7305400119981113   2.6
7305400119981114   8.8
7305400119981115   3.8
7305400119981116    .0
7305400119981117    .0
7305400119981118    .0
7305400119981119    .0
7305400119981120    .2
7305400119981121    .0
7305400119981122    .0
7305400119981123    .2
7305400119981124    .0
7305400119981125   3.6
7305400119981126   3.2
7305400119981127   3.6
7305400119981128    .0
7305400119981129    .0
7305400119981130    .0
7305400119981201    .0
7305400119981202    .0
7305400119981203    .0
7305400119981204    .2
7305400119981205   1.6
7305400119981206   1.6
7305400119981207    .0
7305400119981208    .0
7305400119981209   4.2
7305400119981210   2.4
7305400119981211   5.8
7305400119981212   6.4
7305400119981213    .4
7305400119981214    .2
7305400119981215    .0
7305400119981216    .0
7305400119981217    .0
7305400119981218    .0
7305400119981219    .0
7305400119981220   4.0
7305400119981221    .4
7305400119981222    .0
7305400119981223    .0
7305400119981224    .0
7305400119981225    .0
7305400119981226    .0
7305400119981227    .0
7305400119981228    .0
7305400119981229    .0
7305400119981230    .0
7305400119981231    .0
