7306400119940101   1.5
7306400119940102   3.0
7306400119940103   6.0
7306400119940104    .0
7306400119940105    .0
7306400119940106    .0
7306400119940107   2.0
7306400119940108    .0
7306400119940109    .0
7306400119940110    .0
7306400119940111  18.0
7306400119940112    .0
7306400119940113    .0
7306400119940114   5.0
7306400119940115    .4
7306400119940116   2.5
7306400119940117    .0
7306400119940118    .0
7306400119940119    .0
7306400119940120    .0
7306400119940121    .0
7306400119940122    .0
7306400119940123    .1
7306400119940124  23.0
7306400119940125  15.5
7306400119940126   4.5
7306400119940127   8.5
7306400119940128    .5
7306400119940129    .0
7306400119940130    .0
7306400119940131    .0
7306400119940201    .0
7306400119940202    .0
7306400119940203   1.0
7306400119940204    .0
7306400119940205    .0
7306400119940206    .0
7306400119940207   1.5
7306400119940208   3.0
7306400119940209    .0
7306400119940210   1.0
7306400119940211    .0
7306400119940212    .0
7306400119940213    .0
7306400119940214    .0
7306400119940215    .0
7306400119940216    .0
7306400119940217    .0
7306400119940218    .0
7306400119940219    .0
7306400119940220   7.5
7306400119940221    .5
7306400119940222    .0
7306400119940223   7.5
7306400119940224   6.0
7306400119940225    .0
7306400119940226    .0
7306400119940227    .0
7306400119940228    .0
7306400119940301  23.0
7306400119940302   4.0
7306400119940303   5.0
7306400119940304    .5
7306400119940305    .0
7306400119940306    .7
7306400119940307    .0
7306400119940308    .0
7306400119940309    .0
7306400119940310    .0
7306400119940311    .0
7306400119940312   4.0
7306400119940313   2.5
7306400119940314    .0
7306400119940315    .8
7306400119940316    .0
7306400119940317    .0
7306400119940318    .0
7306400119940319    .0
7306400119940320    .0
7306400119940321    .0
7306400119940322    .0
7306400119940323    .0
7306400119940324    .0
7306400119940325   6.0
7306400119940326   4.0
7306400119940327    .0
7306400119940328    .0
7306400119940329    .0
7306400119940330    .0
7306400119940331    .0
7306400119940401  14.0
7306400119940402  11.5
7306400119940403    .0
7306400119940404  19.0
7306400119940405   8.0
7306400119940406  11.5
7306400119940407  29.5
7306400119940408   8.0
7306400119940409  22.0
7306400119940410    .0
7306400119940411    .7
7306400119940412   9.0
7306400119940413    .0
7306400119940414   8.0
7306400119940415    .0
7306400119940416    .0
7306400119940417    .0
7306400119940418    .0
7306400119940419   2.0
7306400119940420   3.0
7306400119940421    .0
7306400119940422    .0
7306400119940423    .0
7306400119940424   9.0
7306400119940425  28.0
7306400119940426    .0
7306400119940427    .0
7306400119940428    .0
7306400119940429    .0
7306400119940430    .0
7306400119940501    .0
7306400119940502    .0
7306400119940503    .0
7306400119940504   5.0
7306400119940505    .0
7306400119940506    .0
7306400119940507    .0
7306400119940508  17.0
7306400119940509   3.0
7306400119940510    .0
7306400119940511    .0
7306400119940512    .6
7306400119940513    .8
7306400119940514    .3
7306400119940515    .0
7306400119940516    .0
7306400119940517    .5
7306400119940518  57.0
7306400119940519   3.5
7306400119940520   8.0
7306400119940521   3.0
7306400119940522    .0
7306400119940523    .0
7306400119940524  29.0
7306400119940525  20.0
7306400119940526    .0
7306400119940527    .0
7306400119940528    .2
7306400119940529    .2
7306400119940530    .2
7306400119940531    .0
7306400119940601    .0
7306400119940602   2.5
7306400119940603   2.5
7306400119940604   2.5
7306400119940605    .0
7306400119940606    .0
7306400119940607    .0
7306400119940608  10.5
7306400119940609    .0
7306400119940610    .0
7306400119940611    .0
7306400119940612    .0
7306400119940613    .0
7306400119940614    .0
7306400119940615    .0
7306400119940616    .0
7306400119940617    .0
7306400119940618    .0
7306400119940619   2.0
7306400119940620    .0
7306400119940621    .0
7306400119940622    .0
7306400119940623    .0
7306400119940624    .0
7306400119940625    .0
7306400119940626  16.0
7306400119940627    .0
7306400119940628    .0
7306400119940629    .0
7306400119940630    .0
7306400119940701    .0
7306400119940702    .0
7306400119940703    .0
7306400119940704    .0
7306400119940705    .0
7306400119940706    .0
7306400119940707    .0
7306400119940708    .0
7306400119940709    .0
7306400119940710    .0
7306400119940711    .0
7306400119940712    .0
7306400119940713    .0
7306400119940714    .0
7306400119940715    .0
7306400119940716    .0
7306400119940717    .0
7306400119940718   7.0
7306400119940719  10.0
7306400119940720    .0
7306400119940721    .0
7306400119940722    .0
7306400119940723    .0
7306400119940724    .0
7306400119940725    .0
7306400119940726    .0
7306400119940727    .0
7306400119940728    .0
7306400119940729  23.0
7306400119940730   2.0
7306400119940731   8.5
7306400119940801    .0
7306400119940802    .0
7306400119940803    .0
7306400119940804    .0
7306400119940805    .0
7306400119940806    .0
7306400119940807    .0
7306400119940808    .0
7306400119940809    .0
7306400119940810   3.0
7306400119940811   8.0
7306400119940812    .0
7306400119940813   5.0
7306400119940814    .0
7306400119940815    .0
7306400119940816  12.5
7306400119940817   5.5
7306400119940818    .0
7306400119940819    .0
7306400119940820    .0
7306400119940821   1.0
7306400119940822    .0
7306400119940823   4.2
7306400119940824    .0
7306400119940825    .0
7306400119940826    .0
7306400119940827    .0
7306400119940828    .0
7306400119940829    .0
7306400119940830   2.0
7306400119940831  15.0
7306400119940901  25.0
7306400119940902  22.0
7306400119940903    .0
7306400119940904    .0
7306400119940905    .0
7306400119940906    .0
7306400119940907  17.0
7306400119940908  29.0
7306400119940909    .7
7306400119940910    .0
7306400119940911    .5
7306400119940912  60.5
7306400119940913  15.0
7306400119940914  14.0
7306400119940915   9.5
7306400119940916  33.0
7306400119940917    .0
7306400119940918    .0
7306400119940919    .0
7306400119940920  21.0
7306400119940921    .5
7306400119940922    .0
7306400119940923   1.0
7306400119940924    .0
7306400119940925   9.5
7306400119940926   7.0
7306400119940927    .0
7306400119940928    .0
7306400119940929   1.0
7306400119940930    .5
7306400119941001   2.5
7306400119941002    .0
7306400119941003  13.5
7306400119941004    .0
7306400119941005    .0
7306400119941006    .0
7306400119941007    .0
7306400119941008    .0
7306400119941009    .0
7306400119941010    .8
7306400119941011    .0
7306400119941012    .4
7306400119941013    .0
7306400119941014    .0
7306400119941015    .0
7306400119941016    .0
7306400119941017    .0
7306400119941018    .0
7306400119941019    .4
7306400119941020    .0
7306400119941021    .0
7306400119941022  35.4
7306400119941023   7.0
7306400119941024    .0
7306400119941025   3.0
7306400119941026   2.5
7306400119941027   7.0
7306400119941028  19.0
7306400119941029    .5
7306400119941030    .0
7306400119941031    .0
7306400119941101    .0
7306400119941102   1.0
7306400119941103    .0
7306400119941104    .0
7306400119941105  23.0
7306400119941106   5.0
7306400119941107   5.0
7306400119941108    .0
7306400119941109  29.0
7306400119941110  15.5
7306400119941111   3.0
7306400119941112    .5
7306400119941113    .0
7306400119941114    .0
7306400119941115    .5
7306400119941116    .0
7306400119941117    .0
7306400119941118  23.0
7306400119941119    .5
7306400119941120    .0
7306400119941121    .0
7306400119941122    .0
7306400119941123    .0
7306400119941124    .0
7306400119941125    .0
7306400119941126    .0
7306400119941127    .0
7306400119941128    .0
7306400119941129    .0
7306400119941130    .0
7306400119941201    .0
7306400119941202    .0
7306400119941203    .0
7306400119941204   1.0
7306400119941205  13.0
7306400119941206   1.0
7306400119941207   6.0
7306400119941208   1.0
7306400119941209  36.0
7306400119941210    .0
7306400119941211    .0
7306400119941212    .0
7306400119941213    .0
7306400119941214    .0
7306400119941215    .0
7306400119941216    .0
7306400119941217    .0
7306400119941218   4.0
7306400119941219   4.2
7306400119941220    .0
7306400119941221    .0
7306400119941222    .0
7306400119941223    .0
7306400119941224    .0
7306400119941225    .0
7306400119941226    .0
7306400119941227   6.0
7306400119941228   3.0
7306400119941229   3.5
7306400119941230   9.0
7306400119941231   9.5
7306400119950101   3.0
7306400119950102  10.0
7306400119950103    .0
7306400119950104    .0
7306400119950105    .0
7306400119950106   1.0
7306400119950107    .0
7306400119950108    .0
7306400119950109    .0
7306400119950110  45.0
7306400119950111  11.0
7306400119950112   1.0
7306400119950113    .0
7306400119950114    .0
7306400119950115    .0
7306400119950116    .0
7306400119950117    .0
7306400119950118  25.0
7306400119950119    .0
7306400119950120  11.0
7306400119950121  16.0
7306400119950122  20.0
7306400119950123  20.0
7306400119950124   8.0
7306400119950125    .5
7306400119950126  13.0
7306400119950127   3.0
7306400119950128   9.0
7306400119950129  15.0
7306400119950130  16.0
7306400119950131    .0
7306400119950201    .0
7306400119950202    .5
7306400119950203    .0
7306400119950204    .5
7306400119950205    .0
7306400119950206    .0
7306400119950207    .0
7306400119950208  22.0
7306400119950209  12.0
7306400119950210  15.0
7306400119950211   3.0
7306400119950212   1.0
7306400119950213  29.0
7306400119950214    .0
7306400119950215  15.0
7306400119950216   6.0
7306400119950217  12.5
7306400119950218   5.5
7306400119950219    .0
7306400119950220    .0
7306400119950221   9.0
7306400119950222   7.0
7306400119950223  14.0
7306400119950224  26.0
7306400119950225  36.0
7306400119950226   9.0
7306400119950227    .0
7306400119950228    .0
7306400119950301    .0
7306400119950302   1.0
7306400119950303  22.5
7306400119950304   2.0
7306400119950305  15.5
7306400119950306   8.5
7306400119950307    .0
7306400119950308   8.5
7306400119950309    .0
7306400119950310    .0
7306400119950311    .0
7306400119950312    .0
7306400119950313    .0
7306400119950314    .0
7306400119950315   4.5
7306400119950316    .0
7306400119950317   5.5
7306400119950318   4.0
7306400119950319  12.5
7306400119950320    .0
7306400119950321    .0
7306400119950322    .0
7306400119950323    .0
7306400119950324    .0
7306400119950325    .0
7306400119950326   2.0
7306400119950327  12.0
7306400119950328  12.0
7306400119950329   6.0
7306400119950330    .0
7306400119950331    .0
7306400119950401    .0
7306400119950402    .0
7306400119950403    .0
7306400119950404    .0
7306400119950405    .0
7306400119950406    .0
7306400119950407    .0
7306400119950408    .0
7306400119950409    .0
7306400119950410    .0
7306400119950411    .0
7306400119950412    .0
7306400119950413    .0
7306400119950414    .0
7306400119950415   2.0
7306400119950416   3.0
7306400119950417    .0
7306400119950418    .0
7306400119950419  17.0
7306400119950420    .0
7306400119950421   1.5
7306400119950422   8.0
7306400119950423    .0
7306400119950424   1.0
7306400119950425   1.0
7306400119950426  11.0
7306400119950427   2.0
7306400119950428    .0
7306400119950429   3.0
7306400119950430   2.0
7306400119950501    .0
7306400119950502    .0
7306400119950503    .0
7306400119950504    .0
7306400119950505    .0
7306400119950506    .0
7306400119950507    .0
7306400119950508   1.0
7306400119950509    .0
7306400119950510    .0
7306400119950511   8.0
7306400119950512  19.0
7306400119950513  11.0
7306400119950514    .0
7306400119950515   6.0
7306400119950516   6.5
7306400119950517   2.0
7306400119950518  22.0
7306400119950519    .0
7306400119950520    .0
7306400119950521    .0
7306400119950522    .0
7306400119950523    .0
7306400119950524    .0
7306400119950525   9.0
7306400119950526  18.0
7306400119950527    .0
7306400119950528    .0
7306400119950529   9.0
7306400119950530   9.0
7306400119950531  20.0
7306400119950601   1.0
7306400119950602    .0
7306400119950603   7.0
7306400119950604   1.0
7306400119950605   3.0
7306400119950606    .0
7306400119950607    .0
7306400119950608   3.0
7306400119950609    .0
7306400119950610   2.0
7306400119950611    .0
7306400119950612   5.0
7306400119950613   4.0
7306400119950614    .0
7306400119950615    .0
7306400119950616    .0
7306400119950617    .6
7306400119950618    .0
7306400119950619    .0
7306400119950620    .0
7306400119950621  10.0
7306400119950622    .0
7306400119950623    .0
7306400119950624    .0
7306400119950625    .0
7306400119950626    .0
7306400119950627    .0
7306400119950628   6.5
7306400119950629    .0
7306400119950630    .0
7306400119950701    .5
7306400119950702   8.5
7306400119950703  11.0
7306400119950704   2.0
7306400119950705   2.0
7306400119950706    .0
7306400119950707    .0
7306400119950708    .8
7306400119950709    .0
7306400119950710    .0
7306400119950711  18.0
7306400119950712    .0
7306400119950713  12.0
7306400119950714   5.0
7306400119950715    .2
7306400119950716   2.0
7306400119950717    .0
7306400119950718    .0
7306400119950719    .0
7306400119950720    .0
7306400119950721    .0
7306400119950722    .0
7306400119950723    .0
7306400119950724    .0
7306400119950725    .0
7306400119950726    .0
7306400119950727    .0
7306400119950728    .0
7306400119950729    .0
7306400119950730    .0
7306400119950731   1.0
7306400119950801    .0
7306400119950802    .0
7306400119950803    .0
7306400119950804    .0
7306400119950805  19.0
7306400119950806  10.0
7306400119950807   1.0
7306400119950808   3.0
7306400119950809    .0
7306400119950810    .7
7306400119950811   1.0
7306400119950812    .0
7306400119950813    .0
7306400119950814    .0
7306400119950815    .0
7306400119950816    .0
7306400119950817    .0
7306400119950818    .0
7306400119950819    .0
7306400119950820   1.0
7306400119950821    .0
7306400119950822   2.0
7306400119950823  36.0
7306400119950824   8.0
7306400119950825  10.0
7306400119950826   1.0
7306400119950827  12.0
7306400119950828   3.0
7306400119950829    .0
7306400119950830    .0
7306400119950831    .0
7306400119950901    .0
7306400119950902    .0
7306400119950903   7.5
7306400119950904    .0
7306400119950905    .0
7306400119950906    .0
7306400119950907  60.0
7306400119950908  17.0
7306400119950909    .0
7306400119950910   5.0
7306400119950911  16.0
7306400119950912  38.0
7306400119950913   5.4
7306400119950914   1.0
7306400119950915    .0
7306400119950916    .0
7306400119950917    .0
7306400119950918   1.3
7306400119950919   3.9
7306400119950920   7.9
7306400119950921    .0
7306400119950922    .1
7306400119950923    .0
7306400119950924  15.8
7306400119950925    .5
7306400119950926    .0
7306400119950927   9.0
7306400119950928    .0
7306400119950929    .0
7306400119950930    .0
7306400119951001    .0
7306400119951002    .0
7306400119951003   1.0
7306400119951004   1.0
7306400119951005  15.5
7306400119951006    .0
7306400119951007    .0
7306400119951008    .0
7306400119951009    .0
7306400119951010    .0
7306400119951011    .0
7306400119951012    .0
7306400119951013    .0
7306400119951014    .0
7306400119951015    .0
7306400119951016    .0
7306400119951017    .0
7306400119951018    .0
7306400119951019    .0
7306400119951020   1.5
7306400119951021    .0
7306400119951022    .0
7306400119951023    .0
7306400119951024    .0
7306400119951025    .0
7306400119951026    .0
7306400119951027    .0
7306400119951028   9.3
7306400119951029  16.0
7306400119951030   4.0
7306400119951031    .0
7306400119951101   1.0
7306400119951102    .0
7306400119951103    .0
7306400119951104    .0
7306400119951105    .0
7306400119951106    .0
7306400119951107    .0
7306400119951108    .0
7306400119951109    .0
7306400119951110    .0
7306400119951111    .0
7306400119951112  12.0
7306400119951113  12.5
7306400119951114    .0
7306400119951115  12.0
7306400119951116   3.0
7306400119951117  12.0
7306400119951118    .0
7306400119951119    .0
7306400119951120    .0
7306400119951121    .0
7306400119951122    .5
7306400119951123    .0
7306400119951124    .0
7306400119951125    .0
7306400119951126    .0
7306400119951127   6.1
7306400119951128    .0
7306400119951129    .0
7306400119951130    .0
7306400119951201    .0
7306400119951202    .0
7306400119951203    .0
7306400119951204    .0
7306400119951205    .0
7306400119951206   3.0
7306400119951207   5.0
7306400119951208    .0
7306400119951209    .0
7306400119951210    .0
7306400119951211    .0
7306400119951212    .0
7306400119951213    .0
7306400119951214    .0
7306400119951215    .0
7306400119951216    .0
7306400119951217  13.0
7306400119951218    .0
7306400119951219    .0
7306400119951220    .0
7306400119951221    .0
7306400119951222   1.0
7306400119951223  15.0
7306400119951224  12.0
7306400119951225   3.0
7306400119951226  12.0
7306400119951227    .0
7306400119951228  12.0
7306400119951229   8.0
7306400119951230  14.0
7306400119951231  10.0
7306400119960101   8.0
7306400119960102   3.0
7306400119960103    .0
7306400119960104    .0
7306400119960105  17.0
7306400119960106    .6
7306400119960107   9.0
7306400119960108    .0
7306400119960109    .0
7306400119960110    .0
7306400119960111    .0
7306400119960112    .0
7306400119960113    .0
7306400119960114    .0
7306400119960115    .0
7306400119960116    .0
7306400119960117    .0
7306400119960118    .0
7306400119960119    .0
7306400119960120    .0
7306400119960121    .0
7306400119960122    .0
7306400119960123   1.0
7306400119960124    .0
7306400119960125    .0
7306400119960126   1.5
7306400119960127    .0
7306400119960128    .0
7306400119960129    .0
7306400119960130    .0
7306400119960131    .0
7306400119960201    .0
7306400119960202    .5
7306400119960203    .5
7306400119960204    .5
7306400119960205    .0
7306400119960206   7.0
7306400119960207  10.0
7306400119960208   4.0
7306400119960209    .0
7306400119960210   1.0
7306400119960211   5.0
7306400119960212  20.0
7306400119960213  14.0
7306400119960214    .0
7306400119960215    .0
7306400119960216    .0
7306400119960217    .0
7306400119960218  12.0
7306400119960219   8.0
7306400119960220    .7
7306400119960221    .0
7306400119960222    .0
7306400119960223   1.0
7306400119960224    .0
7306400119960225    .0
7306400119960226    .0
7306400119960227    .0
7306400119960228    .0
7306400119960229    .0
7306400119960301    .0
7306400119960302    .0
7306400119960303    .0
7306400119960304    .0
7306400119960305    .0
7306400119960306    .0
7306400119960307    .0
7306400119960308    .0
7306400119960309    .0
7306400119960310    .0
7306400119960311    .0
7306400119960312    .0
7306400119960313    .0
7306400119960314    .0
7306400119960315    .0
7306400119960316    .0
7306400119960317    .4
7306400119960318   1.0
7306400119960319    .0
7306400119960320    .0
7306400119960321  11.0
7306400119960322   1.0
7306400119960323    .0
7306400119960324    .0
7306400119960325    .0
7306400119960326  25.0
7306400119960327   1.8
7306400119960328    .0
7306400119960329    .0
7306400119960330    .0
7306400119960331    .0
7306400119960401   9.0
7306400119960402    .0
7306400119960403    .0
7306400119960404    .0
7306400119960405    .0
7306400119960406    .0
7306400119960407    .0
7306400119960408    .0
7306400119960409    .0
7306400119960410    .0
7306400119960411    .0
7306400119960412    .0
7306400119960413    .0
7306400119960414    .5
7306400119960415    .0
7306400119960416    .0
7306400119960417    .0
7306400119960418    .0
7306400119960419    .0
7306400119960420    .0
7306400119960421    .0
7306400119960422    .0
7306400119960423  10.0
7306400119960424    .0
7306400119960425    .0
7306400119960426    .0
7306400119960427    .0
7306400119960428   8.8
7306400119960429  18.0
7306400119960430   2.0
7306400119960501   9.0
7306400119960502   8.0
7306400119960503  12.0
7306400119960504    .0
7306400119960505    .0
7306400119960506    .0
7306400119960507    .0
7306400119960508   9.0
7306400119960509   1.0
7306400119960510   1.0
7306400119960511   1.0
7306400119960512   4.0
7306400119960513    .0
7306400119960514    .0
7306400119960515    .0
7306400119960516  11.0
7306400119960517   3.0
7306400119960518    .0
7306400119960519  26.0
7306400119960520    .0
7306400119960521   6.0
7306400119960522    .0
7306400119960523    .0
7306400119960524    .4
7306400119960525  12.0
7306400119960526   2.0
7306400119960527   9.0
7306400119960528    .0
7306400119960529    .0
7306400119960530    .0
7306400119960531    .0
7306400119960601  10.0
7306400119960602  20.0
7306400119960603    .5
7306400119960604    .0
7306400119960605    .0
7306400119960606    .0
7306400119960607   2.0
7306400119960608   5.5
7306400119960609    .0
7306400119960610    .0
7306400119960611    .0
7306400119960612    .0
7306400119960613    .0
7306400119960614    .0
7306400119960615    .0
7306400119960616    .0
7306400119960617    .0
7306400119960618    .0
7306400119960619    .0
7306400119960620  16.0
7306400119960621  76.6
7306400119960622   2.0
7306400119960623   4.0
7306400119960624   8.0
7306400119960625  31.0
7306400119960626   1.0
7306400119960627    .0
7306400119960628    .0
7306400119960629    .0
7306400119960630    .0
7306400119960701    .0
7306400119960702   2.0
7306400119960703    .0
7306400119960704  22.0
7306400119960705  38.0
7306400119960706   6.0
7306400119960707  58.0
7306400119960708  17.0
7306400119960709    .0
7306400119960710    .0
7306400119960711    .0
7306400119960712    .0
7306400119960713    .0
7306400119960714    .0
7306400119960715    .0
7306400119960716    .0
7306400119960717    .0
7306400119960718    .0
7306400119960719    .0
7306400119960720    .0
7306400119960721    .0
7306400119960722    .0
7306400119960723  23.0
7306400119960724   6.0
7306400119960725    .0
7306400119960726   2.0
7306400119960727   1.0
7306400119960728    .0
7306400119960729   7.0
7306400119960730    .0
7306400119960731    .0
7306400119960801    .0
7306400119960802  10.0
7306400119960803    .0
7306400119960804    .0
7306400119960805  20.0
7306400119960806  50.0
7306400119960807   5.0
7306400119960808    .0
7306400119960809    .0
7306400119960810  24.0
7306400119960811  13.0
7306400119960812    .0
7306400119960813    .0
7306400119960814    .0
7306400119960815    .0
7306400119960816    .0
7306400119960817    .0
7306400119960818    .0
7306400119960819   2.0
7306400119960820  13.0
7306400119960821  19.0
7306400119960822   1.0
7306400119960823   2.0
7306400119960824    .5
7306400119960825    .0
7306400119960826   1.0
7306400119960827  19.0
7306400119960828    .0
7306400119960829    .0
7306400119960830    .0
7306400119960831    .0
7306400119960901    .0
7306400119960902    .0
7306400119960903    .0
7306400119960904    .0
7306400119960905    .0
7306400119960906    .0
7306400119960907    .0
7306400119960908    .0
7306400119960909    .0
7306400119960910    .0
7306400119960911    .0
7306400119960912    .0
7306400119960913    .0
7306400119960914    .0
7306400119960915    .0
7306400119960916    .0
7306400119960917    .0
7306400119960918   3.0
7306400119960919   6.0
7306400119960920    .5
7306400119960921   3.0
7306400119960922   8.0
7306400119960923    .0
7306400119960924    .0
7306400119960925    .5
7306400119960926    .0
7306400119960927   7.5
7306400119960928    .0
7306400119960929    .0
7306400119960930    .0
7306400119961001  14.0
7306400119961002    .0
7306400119961003    .0
7306400119961004   2.4
7306400119961005   2.0
7306400119961006    .0
7306400119961007    .0
7306400119961008   1.0
7306400119961009    .4
7306400119961010    .0
7306400119961011    .0
7306400119961012    .0
7306400119961013    .0
7306400119961014    .4
7306400119961015  22.0
7306400119961016   6.5
7306400119961017   1.0
7306400119961018   1.0
7306400119961019   4.5
7306400119961020    .5
7306400119961021   2.0
7306400119961022    .0
7306400119961023    .0
7306400119961024    .0
7306400119961025    .0
7306400119961026    .0
7306400119961027    .0
7306400119961028   3.0
7306400119961029   7.0
7306400119961030    .0
7306400119961031   1.0
7306400119961101    .0
7306400119961102    .0
7306400119961103    .0
7306400119961104   3.0
7306400119961105  21.0
7306400119961106    .0
7306400119961107   8.0
7306400119961108    .0
7306400119961109    .0
7306400119961110    .0
7306400119961111  13.6
7306400119961112  14.0
7306400119961113  21.0
7306400119961114    .0
7306400119961115    .0
7306400119961116    .0
7306400119961117   6.1
7306400119961118  28.0
7306400119961119    .5
7306400119961120  15.0
7306400119961121  17.0
7306400119961122    .0
7306400119961123   2.5
7306400119961124    .0
7306400119961125  34.0
7306400119961126   9.0
7306400119961127  12.0
7306400119961128    .5
7306400119961129  32.5
7306400119961130  11.0
7306400119961201    .0
7306400119961202   2.0
7306400119961203    .0
7306400119961204    .0
7306400119961205    .0
7306400119961206    .0
7306400119961207    .0
7306400119961208    .0
7306400119961209    .0
7306400119961210    .0
7306400119961211    .0
7306400119961212   2.0
7306400119961213  31.0
7306400119961214    .5
7306400119961215    .0
7306400119961216    .0
7306400119961217    .0
7306400119961218   1.5
7306400119961219  32.0
7306400119961220    .5
7306400119961221    .5
7306400119961222   1.0
7306400119961223  13.0
7306400119961224   1.0
7306400119961225    .0
7306400119961226    .0
7306400119961227    .0
7306400119961228   2.0
7306400119961229    .0
7306400119961230    .0
7306400119961231   8.0
7306400119970101    .0
7306400119970102  10.0
7306400119970103   7.5
7306400119970104    .0
7306400119970105    .0
7306400119970106    .0
7306400119970107    .0
7306400119970108    .0
7306400119970109   2.0
7306400119970110    .5
7306400119970111    .0
7306400119970112    .0
7306400119970113    .0
7306400119970114    .0
7306400119970115    .0
7306400119970116    .0
7306400119970117    .0
7306400119970118    .0
7306400119970119  25.0
7306400119970120  10.0
7306400119970121    .0
7306400119970122    .0
7306400119970123    .0
7306400119970124    .0
7306400119970125    .0
7306400119970126    .0
7306400119970127    .0
7306400119970128    .0
7306400119970129    .0
7306400119970130    .0
7306400119970131    .0
7306400119970201    .0
7306400119970202    .0
7306400119970203    .0
7306400119970204    .0
7306400119970205   5.8
7306400119970206    .0
7306400119970207    .0
7306400119970208    .0
7306400119970209    .0
7306400119970210    .5
7306400119970211   1.5
7306400119970212    .0
7306400119970213   3.0
7306400119970214  19.0
7306400119970215   5.0
7306400119970216    .0
7306400119970217    .0
7306400119970218    .5
7306400119970219    .0
7306400119970220    .0
7306400119970221    .0
7306400119970222    .0
7306400119970223   2.0
7306400119970224   4.5
7306400119970225   1.0
7306400119970226  23.0
7306400119970227    .5
7306400119970228    .0
7306400119970301    .0
7306400119970302    .0
7306400119970303    .0
7306400119970304    .0
7306400119970305    .0
7306400119970306    .0
7306400119970307    .0
7306400119970308    .0
7306400119970309    .0
7306400119970310    .0
7306400119970311    .0
7306400119970312    .0
7306400119970313    .0
7306400119970314    .5
7306400119970315    .0
7306400119970316    .0
7306400119970317    .0
7306400119970318   8.0
7306400119970319  12.0
7306400119970320    .0
7306400119970321    .0
7306400119970322    .0
7306400119970323   3.0
7306400119970324    .0
7306400119970325    .0
7306400119970326    .0
7306400119970327    .0
7306400119970328   2.0
7306400119970329    .0
7306400119970330    .0
7306400119970331    .0
7306400119970401    .0
7306400119970402    .0
7306400119970403    .0
7306400119970404    .0
7306400119970405    .0
7306400119970406    .0
7306400119970407    .0
7306400119970408    .0
7306400119970409    .0
7306400119970410    .0
7306400119970411    .0
7306400119970412    .0
7306400119970413    .0
7306400119970414    .0
7306400119970415    .0
7306400119970416    .0
7306400119970417    .0
7306400119970418    .0
7306400119970419    .0
7306400119970420   1.3
7306400119970421    .0
7306400119970422    .0
7306400119970423    .0
7306400119970424    .0
7306400119970425   2.0
7306400119970426  23.0
7306400119970427  15.0
7306400119970428   1.5
7306400119970429  13.0
7306400119970430    .0
7306400119970501    .0
7306400119970502    .0
7306400119970503    .0
7306400119970504    .5
7306400119970505  14.0
7306400119970506  27.0
7306400119970507   5.0
7306400119970508    .0
7306400119970509   3.0
7306400119970510    .0
7306400119970511   2.0
7306400119970512   4.0
7306400119970513   1.0
7306400119970514    .5
7306400119970515    .0
7306400119970516    .0
7306400119970517    .0
7306400119970518    .0
7306400119970519    .5
7306400119970520  23.0
7306400119970521   3.0
7306400119970522    .0
7306400119970523    .0
7306400119970524    .0
7306400119970525    .0
7306400119970526    .0
7306400119970527    .0
7306400119970528    .0
7306400119970529    .0
7306400119970530    .0
7306400119970531   2.0
7306400119970601   5.4
7306400119970602    .0
7306400119970603    .5
7306400119970604    .5
7306400119970605    .5
7306400119970606    .0
7306400119970607   1.2
7306400119970608    .0
7306400119970609    .0
7306400119970610    .0
7306400119970611    .0
7306400119970612    .5
7306400119970613   3.0
7306400119970614   2.3
7306400119970615    .0
7306400119970616  10.0
7306400119970617    .0
7306400119970618    .0
7306400119970619   6.0
7306400119970620   1.0
7306400119970621  42.0
7306400119970622   7.0
7306400119970623   1.0
7306400119970624   1.0
7306400119970625   1.0
7306400119970626   8.0
7306400119970627   1.0
7306400119970628    .5
7306400119970629   3.5
7306400119970630   4.0
7306400119970701    .0
7306400119970702  37.0
7306400119970703  24.0
7306400119970704  17.0
7306400119970705  16.0
7306400119970706    .0
7306400119970707    .0
7306400119970708    .0
7306400119970709   1.0
7306400119970710   9.0
7306400119970711   4.0
7306400119970712    .0
7306400119970713    .0
7306400119970714    .2
7306400119970715    .0
7306400119970716    .0
7306400119970717  25.0
7306400119970718   8.0
7306400119970719    .0
7306400119970720    .0
7306400119970721    .0
7306400119970722    .0
7306400119970723   1.0
7306400119970724   4.0
7306400119970725   3.0
7306400119970726   1.0
7306400119970727    .0
7306400119970728    .0
7306400119970729    .0
7306400119970730    .0
7306400119970731    .0
7306400119970801    .0
7306400119970802    .0
7306400119970803    .0
7306400119970804    .0
7306400119970805   8.2
7306400119970806   2.1
7306400119970807    .0
7306400119970808    .0
7306400119970809    .0
7306400119970810    .0
7306400119970811    .0
7306400119970812    .0
7306400119970813    .0
7306400119970814    .0
7306400119970815    .0
7306400119970816    .0
7306400119970817   2.7
7306400119970818    .0
7306400119970819    .0
7306400119970820    .0
7306400119970821    .0
7306400119970822    .0
7306400119970823    .0
7306400119970824    .0
7306400119970825    .0
7306400119970826    .0
7306400119970827  20.0
7306400119970828  32.0
7306400119970829   1.0
7306400119970830    .0
7306400119970831    .0
7306400119970901    .5
7306400119970902   4.0
7306400119970903    .0
7306400119970904    .0
7306400119970905    .0
7306400119970906    .0
7306400119970907    .0
7306400119970908    .0
7306400119970909    .0
7306400119970910    .0
7306400119970911    .0
7306400119970912  28.3
7306400119970913  15.0
7306400119970914    .0
7306400119970915    .0
7306400119970916    .0
7306400119970917    .0
7306400119970918    .0
7306400119970919    .0
7306400119970920    .0
7306400119970921    .0
7306400119970922    .0
7306400119970923    .0
7306400119970924    .0
7306400119970925    .0
7306400119970926    .0
7306400119970927    .0
7306400119970928    .0
7306400119970929    .0
7306400119970930    .0
7306400119971001    .0
7306400119971002    .0
7306400119971003    .0
7306400119971004    .0
7306400119971005    .0
7306400119971006   6.0
7306400119971007    .5
7306400119971008    .0
7306400119971009    .0
7306400119971010  21.0
7306400119971011   8.0
7306400119971012  23.0
7306400119971013    .0
7306400119971014    .0
7306400119971015   2.5
7306400119971016   2.0
7306400119971017    .0
7306400119971018    .5
7306400119971019    .0
7306400119971020    .0
7306400119971021    .0
7306400119971022   8.0
7306400119971023   8.0
7306400119971024    .0
7306400119971025    .0
7306400119971026    .0
7306400119971027    .0
7306400119971028    .0
7306400119971029    .0
7306400119971030    .0
7306400119971031    .0
7306400119971101    .0
7306400119971102    .0
7306400119971103    .0
7306400119971104   1.5
7306400119971105   3.5
7306400119971106   8.0
7306400119971107   1.0
7306400119971108   8.3
7306400119971109   7.5
7306400119971110  12.0
7306400119971111  21.0
7306400119971112   2.0
7306400119971113    .6
7306400119971114    .0
7306400119971115    .0
7306400119971116    .0
7306400119971117    .0
7306400119971118    .0
7306400119971119   8.0
7306400119971120   4.7
7306400119971121    .0
7306400119971122    .0
7306400119971123    .0
7306400119971124    .0
7306400119971125    .0
7306400119971126    .0
7306400119971127    .0
7306400119971128  10.0
7306400119971129   6.5
7306400119971130   6.0
7306400119971201   2.0
7306400119971202  19.0
7306400119971203   1.5
7306400119971204    .0
7306400119971205    .0
7306400119971206    .0
7306400119971207    .0
7306400119971208   1.0
7306400119971209   1.0
7306400119971210   2.0
7306400119971211  29.5
7306400119971212   6.0
7306400119971213    .0
7306400119971214    .5
7306400119971215    .0
7306400119971216    .0
7306400119971217    .0
7306400119971218   1.0
7306400119971219  16.0
7306400119971220  22.0
7306400119971221    .0
7306400119971222    .0
7306400119971223    .0
7306400119971224    .0
7306400119971225  14.0
7306400119971226   6.5
7306400119971227  24.5
7306400119971228    .0
7306400119971229    .0
7306400119971230    .0
7306400119971231    .0
7306400119980101   1.0
7306400119980102  11.0
7306400119980103  10.5
7306400119980104    .0
7306400119980105  11.0
7306400119980106   3.0
7306400119980107    .0
7306400119980108    .0
7306400119980109    .0
7306400119980110    .0
7306400119980111    .0
7306400119980112    .0
7306400119980113   3.0
7306400119980114   4.0
7306400119980115   3.0
7306400119980116  27.0
7306400119980117    .0
7306400119980118  21.0
7306400119980119  14.0
7306400119980120   6.0
7306400119980121    .0
7306400119980122    .0
7306400119980123    .0
7306400119980124    .0
7306400119980125    .0
7306400119980126    .0
7306400119980127    .0
7306400119980128    .0
7306400119980129    .0
7306400119980130    .0
7306400119980131    .0
7306400119980201    .0
7306400119980202    .0
7306400119980203    .0
7306400119980204    .0
7306400119980205    .0
7306400119980206    .0
7306400119980207    .0
7306400119980208    .0
7306400119980209    .0
7306400119980210    .0
7306400119980211    .0
7306400119980212    .0
7306400119980213    .0
7306400119980214    .0
7306400119980215    .0
7306400119980216    .0
7306400119980217    .0
7306400119980218    .0
7306400119980219    .0
7306400119980220    .0
7306400119980221    .0
7306400119980222  19.0
7306400119980223    .0
7306400119980224    .0
7306400119980225    .0
7306400119980226    .0
7306400119980227    .0
7306400119980228    .0
7306400119980301    .0
7306400119980302    .0
7306400119980303    .0
7306400119980304   8.0
7306400119980305   1.0
7306400119980306    .0
7306400119980307   6.0
7306400119980308  25.0
7306400119980309    .5
7306400119980310    .0
7306400119980311  14.0
7306400119980312   1.0
7306400119980313    .0
7306400119980314    .0
7306400119980315    .0
7306400119980316    .0
7306400119980317    .0
7306400119980318    .0
7306400119980319    .0
7306400119980320    .0
7306400119980321    .0
7306400119980322    .0
7306400119980323    .6
7306400119980324    .0
7306400119980325    .0
7306400119980326    .0
7306400119980327    .0
7306400119980328    .0
7306400119980329    .0
7306400119980330    .0
7306400119980331    .0
7306400119980401   1.0
7306400119980402   1.0
7306400119980403   2.0
7306400119980404  20.0
7306400119980405   9.0
7306400119980406    .4
7306400119980407  19.0
7306400119980408    .3
7306400119980409   1.0
7306400119980410   9.0
7306400119980411   7.0
7306400119980412   6.0
7306400119980413   1.0
7306400119980414    .0
7306400119980415  11.0
7306400119980416   2.0
7306400119980417  12.0
7306400119980418  11.0
7306400119980419    .5
7306400119980420   1.0
7306400119980421    .0
7306400119980422    .0
7306400119980423    .0
7306400119980424    .0
7306400119980425    .0
7306400119980426    .0
7306400119980427  12.0
7306400119980428    .6
7306400119980429    .0
7306400119980430    .1
7306400119980501   6.0
7306400119980502    .0
7306400119980503    .0
7306400119980504    .0
7306400119980505    .0
7306400119980506    .0
7306400119980507    .0
7306400119980508    .0
7306400119980509    .0
7306400119980510    .0
7306400119980511    .0
7306400119980512    .0
7306400119980513    .0
7306400119980514    .0
7306400119980515    .0
7306400119980516    .0
7306400119980517    .0
7306400119980518    .0
7306400119980519    .0
7306400119980520    .0
7306400119980521    .0
7306400119980522    .0
7306400119980523    .0
7306400119980524    .0
7306400119980525    .0
7306400119980526   5.0
7306400119980527   1.8
7306400119980528  11.0
7306400119980529    .0
7306400119980530    .0
7306400119980531   4.0
7306400119980601    .0
7306400119980602  13.0
7306400119980603   4.0
7306400119980604   1.0
7306400119980605   1.0
7306400119980606   9.0
7306400119980607   4.0
7306400119980608    .0
7306400119980609    .0
7306400119980610  27.0
7306400119980611  38.0
7306400119980612   7.0
7306400119980613   1.0
7306400119980614   4.0
7306400119980615   3.0
7306400119980616   1.0
7306400119980617    .0
7306400119980618    .0
7306400119980619    .0
7306400119980620    .0
7306400119980621    .0
7306400119980622    .0
7306400119980623    .0
7306400119980624    .0
7306400119980625    .0
7306400119980626   1.5
7306400119980627   2.5
7306400119980628    .0
7306400119980629    .0
7306400119980630    .0
7306400119980701   4.0
7306400119980702  19.0
7306400119980703  27.0
7306400119980704    .0
7306400119980705    .0
7306400119980706   3.0
7306400119980707  14.0
7306400119980708    .0
7306400119980709    .0
7306400119980710    .0
7306400119980711    .0
7306400119980712    .0
7306400119980713   8.0
7306400119980714    .0
7306400119980715    .0
7306400119980716    .0
7306400119980717    .0
7306400119980718    .0
7306400119980719    .0
7306400119980720    .0
7306400119980721    .0
7306400119980722    .0
7306400119980723    .0
7306400119980724    .0
7306400119980725    .0
7306400119980726   1.0
7306400119980727  16.0
7306400119980728    .0
7306400119980729    .0
7306400119980730    .0
7306400119980731   1.5
7306400119980801   3.0
7306400119980802  15.0
7306400119980803    .0
7306400119980804    .0
7306400119980805    .0
7306400119980806    .0
7306400119980807    .0
7306400119980808    .0
7306400119980809    .0
7306400119980810    .0
7306400119980811    .0
7306400119980812   6.6
7306400119980813    .0
7306400119980814    .0
7306400119980815    .0
7306400119980816    .0
7306400119980817   7.0
7306400119980818   1.0
7306400119980819    .0
7306400119980820    .0
7306400119980821   2.0
7306400119980822   3.0
7306400119980823    .0
7306400119980824   2.0
7306400119980825    .0
7306400119980826    .0
7306400119980827    .0
7306400119980828    .0
7306400119980829    .0
7306400119980830    .0
7306400119980831    .0
7306400119980901    .0
7306400119980902   6.0
7306400119980903   1.0
7306400119980904  52.5
7306400119980905   4.0
7306400119980906    .5
7306400119980907   1.0
7306400119980908    .0
7306400119980909    .0
7306400119980910  16.0
7306400119980911  37.0
7306400119980912  20.0
7306400119980913  25.0
7306400119980914   7.0
7306400119980915   5.0
7306400119980916    .4
7306400119980917    .3
7306400119980918    .0
7306400119980919    .0
7306400119980920    .0
7306400119980921    .0
7306400119980922    .0
7306400119980923    .0
7306400119980924    .0
7306400119980925    .0
7306400119980926   6.0
7306400119980927   7.0
7306400119980928   6.0
7306400119980929   9.0
7306400119980930  24.0
7306400119981001   1.0
7306400119981002   2.0
7306400119981003    .0
7306400119981004   2.0
7306400119981005  11.0
7306400119981006   4.0
7306400119981007   1.0
7306400119981008    .0
7306400119981009   7.0
7306400119981010    .1
7306400119981011   7.0
7306400119981012    .0
7306400119981013    .0
7306400119981014    .0
7306400119981015    .5
7306400119981016    .0
7306400119981017  17.0
7306400119981018   1.0
7306400119981019    .0
7306400119981020    .0
7306400119981021    .0
7306400119981022    .0
7306400119981023   7.0
7306400119981024  20.0
7306400119981025  23.0
7306400119981026  11.0
7306400119981027    .5
7306400119981028    .0
7306400119981029  11.5
7306400119981030   2.0
7306400119981031   5.0
7306400119981101  11.0
7306400119981102   4.5
7306400119981103  11.0
7306400119981104   5.0
7306400119981105    .0
7306400119981106    .0
7306400119981107    .0
7306400119981108    .0
7306400119981109   1.0
7306400119981110  28.2
7306400119981111    .0
7306400119981112   9.0
7306400119981113   3.0
7306400119981114  11.5
7306400119981115   5.0
7306400119981116   4.0
7306400119981117    .0
7306400119981118    .0
7306400119981119    .0
7306400119981120    .0
7306400119981121    .0
7306400119981122    .0
7306400119981123    .0
7306400119981124    .0
7306400119981125  11.0
7306400119981126   2.0
7306400119981127   2.0
7306400119981128    .0
7306400119981129   1.0
7306400119981130    .0
7306400119981201    .0
7306400119981202    .0
7306400119981203    .0
7306400119981204    .0
7306400119981205   1.5
7306400119981206    .0
7306400119981207    .0
7306400119981208    .0
7306400119981209    .5
7306400119981210  13.0
7306400119981211   3.0
7306400119981212   4.5
7306400119981213    .0
7306400119981214    .0
7306400119981215    .0
7306400119981216    .0
7306400119981217    .0
7306400119981218    .0
7306400119981219   1.0
7306400119981220   7.0
7306400119981221    .0
7306400119981222    .0
7306400119981223    .0
7306400119981224   8.0
7306400119981225    .0
7306400119981226    .0
7306400119981227    .0
7306400119981228    .0
7306400119981229    .0
7306400119981230    .0
7306400119981231    .0
