7511400119940101   8.6
7511400119940102    .2
7511400119940103  11.8
7511400119940104   4.0
7511400119940105   8.4
7511400119940106   1.6
7511400119940107    .0
7511400119940108   1.8
7511400119940109    .2
7511400119940110   7.2
7511400119940111   7.6
7511400119940112   7.6
7511400119940113    .0
7511400119940114    .2
7511400119940115    .6
7511400119940116   1.2
7511400119940117    .0
7511400119940118    .0
7511400119940119   2.4
7511400119940120    .0
7511400119940121    .0
7511400119940122    .4
7511400119940123    .5
7511400119940124   2.0
7511400119940125    .8
7511400119940126   1.6
7511400119940127   1.5
7511400119940128    .0
7511400119940129    .0
7511400119940130    .1
7511400119940131    .0
7511400119940201    .2
7511400119940202  14.8
7511400119940203   8.6
7511400119940204   1.4
7511400119940205    .0
7511400119940206    .0
7511400119940207   3.4
7511400119940208   1.4
7511400119940209    .6
7511400119940210    .0
7511400119940211    .1
7511400119940212    .0
7511400119940213    .2
7511400119940214    .4
7511400119940215    .0
7511400119940216    .0
7511400119940217    .0
7511400119940218    .0
7511400119940219   1.8
7511400119940220   9.2
7511400119940221    .6
7511400119940222    .2
7511400119940223   6.0
7511400119940224    .8
7511400119940225    .0
7511400119940226    .0
7511400119940227   3.0
7511400119940228   1.2
7511400119940301    .2
7511400119940302   5.2
7511400119940303    .2
7511400119940304    .0
7511400119940305    .0
7511400119940306    .0
7511400119940307   2.8
7511400119940308    .0
7511400119940309    .0
7511400119940310    .0
7511400119940311    .2
7511400119940312    .5
7511400119940313    .4
7511400119940314    .0
7511400119940315    .4
7511400119940316   1.2
7511400119940317    .4
7511400119940318    .4
7511400119940319   7.9
7511400119940320   2.2
7511400119940321   2.8
7511400119940322    .8
7511400119940323    .0
7511400119940324    .0
7511400119940325   1.0
7511400119940326    .0
7511400119940327    .0
7511400119940328    .0
7511400119940329    .0
7511400119940330   3.6
7511400119940331   3.0
7511400119940401   2.8
7511400119940402   4.7
7511400119940403   9.8
7511400119940404    .9
7511400119940405  10.4
7511400119940406   1.6
7511400119940407   9.0
7511400119940408   7.6
7511400119940409   5.0
7511400119940410   1.6
7511400119940411    .0
7511400119940412    .0
7511400119940413    .2
7511400119940414    .2
7511400119940415    .2
7511400119940416    .0
7511400119940417    .0
7511400119940418    .0
7511400119940419    .0
7511400119940420    .0
7511400119940421    .0
7511400119940422    .0
7511400119940423    .2
7511400119940424    .0
7511400119940425    .4
7511400119940426   1.8
7511400119940427    .0
7511400119940428    .0
7511400119940429    .0
7511400119940430    .0
7511400119940501    .0
7511400119940502    .0
7511400119940503    .0
7511400119940504   1.0
7511400119940505   1.9
7511400119940506    .0
7511400119940507   3.4
7511400119940508    .0
7511400119940509    .0
7511400119940510    .0
7511400119940511   1.0
7511400119940512    .0
7511400119940513   2.0
7511400119940514   2.6
7511400119940515  10.0
7511400119940516   2.4
7511400119940517    .0
7511400119940518    .0
7511400119940519    .0
7511400119940520   8.8
7511400119940521   7.2
7511400119940522    .0
7511400119940523    .6
7511400119940524   5.4
7511400119940525   3.6
7511400119940526   5.8
7511400119940527    .0
7511400119940528    .0
7511400119940529    .0
7511400119940530    .0
7511400119940531    .0
7511400119940601   7.0
7511400119940602   8.0
7511400119940603    .4
7511400119940604   9.8
7511400119940605   1.2
7511400119940606   1.6
7511400119940607    .0
7511400119940608    .0
7511400119940609    .0
7511400119940610   2.6
7511400119940611    .4
7511400119940612    .0
7511400119940613    .0
7511400119940614    .0
7511400119940615    .0
7511400119940616    .0
7511400119940617    .0
7511400119940618    .0
7511400119940619    .0
7511400119940620    .0
7511400119940621    .0
7511400119940622    .0
7511400119940623    .0
7511400119940624   4.0
7511400119940625  14.4
7511400119940626    .0
7511400119940627    .0
7511400119940628    .0
7511400119940629    .0
7511400119940630    .0
7511400119940701    .0
7511400119940702    .0
7511400119940703    .0
7511400119940704    .1
7511400119940705    .0
7511400119940706    .0
7511400119940707   1.6
7511400119940708    .8
7511400119940709    .0
7511400119940710    .0
7511400119940711    .0
7511400119940712    .0
7511400119940713    .0
7511400119940714    .0
7511400119940715    .0
7511400119940716    .1
7511400119940717  28.4
7511400119940718   7.2
7511400119940719  33.0
7511400119940720    .0
7511400119940721    .0
7511400119940722    .0
7511400119940723    .0
7511400119940724   1.0
7511400119940725    .0
7511400119940726    .0
7511400119940727   8.0
7511400119940728   1.4
7511400119940729    .0
7511400119940730    .2
7511400119940731   1.8
7511400119940801    .0
7511400119940802    .0
7511400119940803    .0
7511400119940804  17.2
7511400119940805   1.0
7511400119940806    .0
7511400119940807  13.6
7511400119940808    .8
7511400119940809  20.0
7511400119940810   2.0
7511400119940811   3.8
7511400119940812    .0
7511400119940813    .0
7511400119940814    .0
7511400119940815    .0
7511400119940816    .0
7511400119940817   4.6
7511400119940818    .4
7511400119940819    .4
7511400119940820    .0
7511400119940821    .1
7511400119940822   2.7
7511400119940823   1.6
7511400119940824    .0
7511400119940825    .8
7511400119940826    .2
7511400119940827    .0
7511400119940828    .0
7511400119940829    .0
7511400119940830    .0
7511400119940831   2.2
7511400119940901   9.2
7511400119940902    .0
7511400119940903    .4
7511400119940904    .0
7511400119940905    .1
7511400119940906  21.2
7511400119940907    .3
7511400119940908   5.2
7511400119940909   8.8
7511400119940910   2.2
7511400119940911   3.4
7511400119940912    .8
7511400119940913    .2
7511400119940914   8.6
7511400119940915   1.6
7511400119940916    .0
7511400119940917    .2
7511400119940918    .0
7511400119940919   5.0
7511400119940920   5.4
7511400119940921    .0
7511400119940922    .1
7511400119940923    .4
7511400119940924    .0
7511400119940925   2.0
7511400119940926   1.4
7511400119940927    .0
7511400119940928    .0
7511400119940929    .0
7511400119940930    .0
7511400119941001    .0
7511400119941002   1.2
7511400119941003   1.6
7511400119941004    .0
7511400119941005    .0
7511400119941006    .0
7511400119941007    .0
7511400119941008    .0
7511400119941009    .0
7511400119941010    .0
7511400119941011    .0
7511400119941012    .0
7511400119941013    .0
7511400119941014    .0
7511400119941015    .0
7511400119941016    .2
7511400119941017    .0
7511400119941018    .0
7511400119941019   8.0
7511400119941020    .0
7511400119941021   4.2
7511400119941022   2.4
7511400119941023   5.0
7511400119941024    .2
7511400119941025   4.6
7511400119941026   3.0
7511400119941027   4.2
7511400119941028   2.4
7511400119941029   5.8
7511400119941030   1.6
7511400119941031    .2
7511400119941101    .0
7511400119941102    .0
7511400119941103    .0
7511400119941104   9.6
7511400119941105  10.2
7511400119941106    .2
7511400119941107    .0
7511400119941108    .0
7511400119941109   5.6
7511400119941110    .2
7511400119941111    .0
7511400119941112   3.0
7511400119941113    .0
7511400119941114   3.8
7511400119941115    .4
7511400119941116    .0
7511400119941117   3.0
7511400119941118  13.6
7511400119941119    .0
7511400119941120    .2
7511400119941121    .6
7511400119941122    .0
7511400119941123    .0
7511400119941124    .0
7511400119941125    .0
7511400119941126    .4
7511400119941127    .6
7511400119941128    .0
7511400119941129    .0
7511400119941130    .0
7511400119941201    .0
7511400119941202    .0
7511400119941203   2.8
7511400119941204   5.0
7511400119941205   1.4
7511400119941206    .0
7511400119941207   6.4
7511400119941208   2.6
7511400119941209   4.8
7511400119941210    .0
7511400119941211    .2
7511400119941212    .0
7511400119941213   1.6
7511400119941214    .0
7511400119941215    .0
7511400119941216   1.6
7511400119941217    .0
7511400119941218   2.0
7511400119941219    .4
7511400119941220    .0
7511400119941221   5.4
7511400119941222    .0
7511400119941223    .0
7511400119941224    .0
7511400119941225    .0
7511400119941226   2.4
7511400119941227   9.2
7511400119941228    .6
7511400119941229   6.0
7511400119941230    .0
7511400119941231    .6
7511400119950101   1.0
7511400119950102    .0
7511400119950103    .0
7511400119950104    .0
7511400119950105   6.0
7511400119950106    .0
7511400119950107    .0
7511400119950108   3.2
7511400119950109    .2
7511400119950110   7.0
7511400119950111    .2
7511400119950112   2.6
7511400119950113    .0
7511400119950114    .0
7511400119950115    .0
7511400119950116    .0
7511400119950117   2.6
7511400119950118   2.8
7511400119950119   1.4
7511400119950120   5.2
7511400119950121  31.0
7511400119950122  19.0
7511400119950123    .0
7511400119950124  11.0
7511400119950125   1.5
7511400119950126   6.0
7511400119950127   9.2
7511400119950128   1.4
7511400119950129   2.0
7511400119950130   2.0
7511400119950131    .0
7511400119950201  10.2
7511400119950202    .0
7511400119950203   2.6
7511400119950204   3.0
7511400119950205    .2
7511400119950206    .0
7511400119950207    .0
7511400119950208   2.3
7511400119950209    .9
7511400119950210   2.8
7511400119950211   2.4
7511400119950212    .0
7511400119950213   4.0
7511400119950214   3.2
7511400119950215   3.8
7511400119950216   3.2
7511400119950217    .6
7511400119950218    .0
7511400119950219   3.4
7511400119950220   3.2
7511400119950221   1.2
7511400119950222   1.2
7511400119950223   5.2
7511400119950224   9.0
7511400119950225   3.2
7511400119950226    .2
7511400119950227    .0
7511400119950228    .0
7511400119950301    .0
7511400119950302   5.6
7511400119950303    .2
7511400119950304   6.6
7511400119950305   3.4
7511400119950306    .6
7511400119950307   4.6
7511400119950308   1.6
7511400119950309    .0
7511400119950310    .0
7511400119950311    .0
7511400119950312    .0
7511400119950313    .0
7511400119950314   3.2
7511400119950315   2.8
7511400119950316   2.2
7511400119950317  10.2
7511400119950318  14.0
7511400119950319   1.6
7511400119950320    .0
7511400119950321    .0
7511400119950322    .0
7511400119950323    .0
7511400119950324    .0
7511400119950325    .0
7511400119950326   1.0
7511400119950327   4.0
7511400119950328   5.2
7511400119950329    .0
7511400119950330    .0
7511400119950331   1.2
7511400119950401    .0
7511400119950402    .0
7511400119950403    .0
7511400119950404    .0
7511400119950405    .0
7511400119950406    .0
7511400119950407    .0
7511400119950408    .0
7511400119950409    .0
7511400119950410    .0
7511400119950411    .0
7511400119950412    .0
7511400119950413    .0
7511400119950414    .0
7511400119950415    .0
7511400119950416    .0
7511400119950417    .8
7511400119950418  15.0
7511400119950419    .4
7511400119950420    .4
7511400119950421   5.0
7511400119950422    .0
7511400119950423   5.6
7511400119950424  11.6
7511400119950425   3.2
7511400119950426   7.4
7511400119950427    .1
7511400119950428    .0
7511400119950429   6.0
7511400119950430    .0
7511400119950501    .0
7511400119950502    .0
7511400119950503    .0
7511400119950504    .0
7511400119950505    .0
7511400119950506    .0
7511400119950507    .0
7511400119950508    .0
7511400119950509    .0
7511400119950510    .0
7511400119950511    .0
7511400119950512  23.0
7511400119950513   6.0
7511400119950514    .0
7511400119950515    .0
7511400119950516  13.6
7511400119950517   6.4
7511400119950518   1.4
7511400119950519    .4
7511400119950520    .0
7511400119950521    .0
7511400119950522    .0
7511400119950523    .0
7511400119950524    .4
7511400119950525   5.0
7511400119950526    .0
7511400119950527    .0
7511400119950528  16.8
7511400119950529    .4
7511400119950530   4.6
7511400119950531    .0
7511400119950601    .0
7511400119950602    .0
7511400119950603   1.8
7511400119950604   1.6
7511400119950605    .0
7511400119950606    .0
7511400119950607   1.6
7511400119950608    .0
7511400119950609    .0
7511400119950610   1.6
7511400119950611    .2
7511400119950612    .9
7511400119950613   4.2
7511400119950614    .0
7511400119950615    .0
7511400119950616    .0
7511400119950617   2.0
7511400119950618    .0
7511400119950619    .0
7511400119950620    .0
7511400119950621    .0
7511400119950622    .0
7511400119950623    .0
7511400119950624    .0
7511400119950625    .0
7511400119950626    .0
7511400119950627    .0
7511400119950628    .0
7511400119950629    .0
7511400119950630    .0
7511400119950701   7.0
7511400119950702  82.0
7511400119950703    .6
7511400119950704    .0
7511400119950705    .0
7511400119950706    .0
7511400119950707    .0
7511400119950708    .0
7511400119950709    .0
7511400119950710    .5
7511400119950711    .0
7511400119950712    .0
7511400119950713   8.2
7511400119950714    .2
7511400119950715   5.4
7511400119950716    .2
7511400119950717    .0
7511400119950718    .0
7511400119950719    .0
7511400119950720    .0
7511400119950721   1.0
7511400119950722   6.6
7511400119950723    .0
7511400119950724    .0
7511400119950725    .0
7511400119950726   1.8
7511400119950727   1.8
7511400119950728    .0
7511400119950729    .0
7511400119950730    .0
7511400119950731    .0
7511400119950801    .0
7511400119950802    .0
7511400119950803    .0
7511400119950804    .0
7511400119950805    .4
7511400119950806   1.8
7511400119950807  20.4
7511400119950808    .0
7511400119950809    .0
7511400119950810    .0
7511400119950811    .0
7511400119950812   1.4
7511400119950813    .0
7511400119950814    .0
7511400119950815    .0
7511400119950816    .0
7511400119950817    .0
7511400119950818    .0
7511400119950819    .0
7511400119950820    .0
7511400119950821    .0
7511400119950822    .0
7511400119950823   7.6
7511400119950824    .2
7511400119950825    .0
7511400119950826    .2
7511400119950827   1.2
7511400119950828   1.4
7511400119950829    .6
7511400119950830    .0
7511400119950831   1.6
7511400119950901    .0
7511400119950902   1.0
7511400119950903    .0
7511400119950904    .2
7511400119950905   2.0
7511400119950906  10.8
7511400119950907  12.4
7511400119950908    .4
7511400119950909    .0
7511400119950910   3.0
7511400119950911    .0
7511400119950912    .6
7511400119950913    .0
7511400119950914   5.2
7511400119950915   8.4
7511400119950916   3.0
7511400119950917   2.0
7511400119950918   2.8
7511400119950919    .0
7511400119950920    .4
7511400119950921    .0
7511400119950922    .0
7511400119950923    .0
7511400119950924   7.4
7511400119950925    .0
7511400119950926    .2
7511400119950927   2.8
7511400119950928    .2
7511400119950929    .0
7511400119950930    .2
7511400119951001    .0
7511400119951002   1.6
7511400119951003    .2
7511400119951004    .6
7511400119951005    .0
7511400119951006    .0
7511400119951007    .0
7511400119951008    .0
7511400119951009    .0
7511400119951010    .0
7511400119951011    .0
7511400119951012    .2
7511400119951013    .0
7511400119951014    .0
7511400119951015   3.2
7511400119951016    .0
7511400119951017    .0
7511400119951018    .0
7511400119951019    .0
7511400119951020    .0
7511400119951021    .0
7511400119951022    .0
7511400119951023    .0
7511400119951024    .8
7511400119951025    .0
7511400119951026   1.4
7511400119951027    .8
7511400119951028   4.8
7511400119951029    .2
7511400119951030    .0
7511400119951031    .0
7511400119951101    .0
7511400119951102    .3
7511400119951103    .0
7511400119951104    .0
7511400119951105    .0
7511400119951106    .0
7511400119951107    .0
7511400119951108    .0
7511400119951109    .0
7511400119951110    .0
7511400119951111    .0
7511400119951112   4.2
7511400119951113    .0
7511400119951114    .0
7511400119951115   1.2
7511400119951116   3.0
7511400119951117    .0
7511400119951118    .0
7511400119951119    .0
7511400119951120    .0
7511400119951121    .4
7511400119951122    .2
7511400119951123    .0
7511400119951124    .0
7511400119951125    .0
7511400119951126   1.4
7511400119951127    .0
7511400119951128    .0
7511400119951129    .0
7511400119951130    .0
7511400119951201    .2
7511400119951202    .4
7511400119951203   2.0
7511400119951204    .0
7511400119951205    .2
7511400119951206    .0
7511400119951207    .2
7511400119951208    .0
7511400119951209    .0
7511400119951210    .0
7511400119951211    .0
7511400119951212    .0
7511400119951213    .0
7511400119951214    .4
7511400119951215    .0
7511400119951216    .4
7511400119951217    .0
7511400119951218    .2
7511400119951219    .0
7511400119951220   3.2
7511400119951221   6.2
7511400119951222   6.2
7511400119951223   2.8
7511400119951224   4.6
7511400119951225    .0
7511400119951226    .0
7511400119951227    .0
7511400119951228    .0
7511400119951229    .0
7511400119951230   5.6
7511400119951231   1.4
7511400119960101    .0
7511400119960102    .0
7511400119960103    .0
7511400119960104    .0
7511400119960105   5.6
7511400119960106  10.0
7511400119960107    .0
7511400119960108    .8
7511400119960109   1.8
7511400119960110   5.8
7511400119960111   2.6
7511400119960112    .0
7511400119960113    .0
7511400119960114    .0
7511400119960115    .0
7511400119960116    .0
7511400119960117    .0
7511400119960118    .0
7511400119960119    .0
7511400119960120    .0
7511400119960121    .0
7511400119960122   8.2
7511400119960123   2.8
7511400119960124    .0
7511400119960125    .0
7511400119960126   1.6
7511400119960127    .0
7511400119960128    .0
7511400119960129    .4
7511400119960130    .0
7511400119960131    .0
7511400119960201    .0
7511400119960202    .0
7511400119960203    .0
7511400119960204    .0
7511400119960205    .0
7511400119960206    .0
7511400119960207   3.0
7511400119960208    .4
7511400119960209    .8
7511400119960210    .0
7511400119960211   4.0
7511400119960212  13.0
7511400119960213    .6
7511400119960214    .0
7511400119960215    .0
7511400119960216    .0
7511400119960217    .8
7511400119960218   7.4
7511400119960219   2.6
7511400119960220   1.8
7511400119960221    .0
7511400119960222    .6
7511400119960223   1.8
7511400119960224   1.8
7511400119960225   1.4
7511400119960226   3.6
7511400119960227    .0
7511400119960228    .0
7511400119960229    .0
7511400119960301    .0
7511400119960302   1.8
7511400119960303    .2
7511400119960304    .4
7511400119960305    .2
7511400119960306    .0
7511400119960307   2.2
7511400119960308    .4
7511400119960309    .0
7511400119960310    .0
7511400119960311    .0
7511400119960312    .0
7511400119960313    .0
7511400119960314    .0
7511400119960315    .0
7511400119960316    .0
7511400119960317    .0
7511400119960318    .0
7511400119960319    .0
7511400119960320   1.6
7511400119960321   6.6
7511400119960322   2.2
7511400119960323    .0
7511400119960324    .0
7511400119960325    .0
7511400119960326    .0
7511400119960327    .0
7511400119960328    .0
7511400119960329    .0
7511400119960330    .0
7511400119960331    .0
7511400119960401    .0
7511400119960402    .0
7511400119960403    .0
7511400119960404    .0
7511400119960405    .0
7511400119960406    .0
7511400119960407    .0
7511400119960408    .0
7511400119960409    .0
7511400119960410    .0
7511400119960411    .0
7511400119960412   3.6
7511400119960413    .0
7511400119960414    .0
7511400119960415    .0
7511400119960416    .0
7511400119960417    .4
7511400119960418    .0
7511400119960419    .0
7511400119960420    .0
7511400119960421    .0
7511400119960422    .0
7511400119960423   1.4
7511400119960424   3.0
7511400119960425    .0
7511400119960426    .0
7511400119960427    .0
7511400119960428    .0
7511400119960429    .0
7511400119960430    .2
7511400119960501    .0
7511400119960502    .6
7511400119960503    .0
7511400119960504    .0
7511400119960505    .0
7511400119960506    .0
7511400119960507    .2
7511400119960508    .0
7511400119960509    .0
7511400119960510    .0
7511400119960511    .0
7511400119960512    .0
7511400119960513    .3
7511400119960514   1.6
7511400119960515    .4
7511400119960516   7.2
7511400119960517   4.6
7511400119960518   8.4
7511400119960519   1.2
7511400119960520   5.2
7511400119960521   3.8
7511400119960522   1.8
7511400119960523    .0
7511400119960524    .0
7511400119960525  10.0
7511400119960526   2.9
7511400119960527    .8
7511400119960528    .0
7511400119960529    .0
7511400119960530    .0
7511400119960531   1.0
7511400119960601    .0
7511400119960602    .0
7511400119960603    .0
7511400119960604    .0
7511400119960605    .0
7511400119960606    .0
7511400119960607    .0
7511400119960608    .2
7511400119960609    .0
7511400119960610   1.8
7511400119960611    .0
7511400119960612    .0
7511400119960613    .0
7511400119960614    .0
7511400119960615    .0
7511400119960616    .0
7511400119960617    .0
7511400119960618    .0
7511400119960619    .2
7511400119960620   4.1
7511400119960621    .0
7511400119960622    .2
7511400119960623    .6
7511400119960624   3.2
7511400119960625    .0
7511400119960626    .2
7511400119960627    .0
7511400119960628   1.3
7511400119960629    .0
7511400119960630    .0
7511400119960701    .2
7511400119960702    .0
7511400119960703   1.2
7511400119960704  15.8
7511400119960705  14.3
7511400119960706    .2
7511400119960707   5.6
7511400119960708    .2
7511400119960709    .0
7511400119960710    .0
7511400119960711    .0
7511400119960712    .0
7511400119960713    .0
7511400119960714    .0
7511400119960715    .0
7511400119960716    .0
7511400119960717    .0
7511400119960718    .0
7511400119960719    .0
7511400119960720    .0
7511400119960721    .0
7511400119960722    .0
7511400119960723    .0
7511400119960724    .0
7511400119960725    .0
7511400119960726    .0
7511400119960727    .0
7511400119960728    .0
7511400119960729    .0
7511400119960730    .0
7511400119960731    .0
7511400119960801    .0
7511400119960802    .0
7511400119960803    .0
7511400119960804    .0
7511400119960805    .0
7511400119960806   9.4
7511400119960807    .0
7511400119960808    .0
7511400119960809    .0
7511400119960810  14.8
7511400119960811   6.0
7511400119960812   1.2
7511400119960813    .2
7511400119960814    .0
7511400119960815    .0
7511400119960816    .0
7511400119960817    .0
7511400119960818    .0
7511400119960819    .0
7511400119960820   4.3
7511400119960821   8.2
7511400119960822    .0
7511400119960823    .1
7511400119960824   3.4
7511400119960825    .0
7511400119960826    .0
7511400119960827    .6
7511400119960828    .0
7511400119960829   1.6
7511400119960830    .0
7511400119960831    .0
7511400119960901    .0
7511400119960902    .0
7511400119960903    .0
7511400119960904    .0
7511400119960905    .0
7511400119960906    .0
7511400119960907    .0
7511400119960908    .0
7511400119960909    .0
7511400119960910    .0
7511400119960911    .0
7511400119960912    .0
7511400119960913    .0
7511400119960914    .0
7511400119960915    .0
7511400119960916    .0
7511400119960917    .0
7511400119960918   3.6
7511400119960919  24.4
7511400119960920    .0
7511400119960921    .0
7511400119960922    .0
7511400119960923    .0
7511400119960924    .0
7511400119960925    .0
7511400119960926   1.2
7511400119960927   4.0
7511400119960928    .0
7511400119960929    .0
7511400119960930   8.3
7511400119961001   8.2
7511400119961002   3.8
7511400119961003    .0
7511400119961004    .2
7511400119961005    .6
7511400119961006    .0
7511400119961007    .0
7511400119961008    .0
7511400119961009    .8
7511400119961010    .0
7511400119961011    .0
7511400119961012    .0
7511400119961013    .2
7511400119961014   5.0
7511400119961015   2.4
7511400119961016   4.4
7511400119961017   3.4
7511400119961018   1.6
7511400119961019    .0
7511400119961020    .2
7511400119961021    .0
7511400119961022    .0
7511400119961023    .0
7511400119961024    .0
7511400119961025   1.4
7511400119961026    .0
7511400119961027    .0
7511400119961028    .2
7511400119961029   3.4
7511400119961030    .0
7511400119961031   3.0
7511400119961101    .0
7511400119961102    .0
7511400119961103    .0
7511400119961104   8.0
7511400119961105    .0
7511400119961106   5.6
7511400119961107    .6
7511400119961108    .4
7511400119961109    .2
7511400119961110   7.2
7511400119961111   8.4
7511400119961112   3.0
7511400119961113    .4
7511400119961114    .0
7511400119961115    .0
7511400119961116    .0
7511400119961117    .0
7511400119961118   1.2
7511400119961119   7.0
7511400119961120   4.6
7511400119961121    .0
7511400119961122    .0
7511400119961123   1.4
7511400119961124   8.4
7511400119961125   2.0
7511400119961126    .2
7511400119961127   7.2
7511400119961128   2.4
7511400119961129  11.6
7511400119961130    .0
7511400119961201   1.0
7511400119961202    .8
7511400119961203   6.6
7511400119961204    .0
7511400119961205   1.8
7511400119961206   3.0
7511400119961207    .0
7511400119961208    .0
7511400119961209    .0
7511400119961210    .0
7511400119961211    .0
7511400119961212   1.4
7511400119961213    .0
7511400119961214    .0
7511400119961215    .0
7511400119961216    .6
7511400119961217   5.8
7511400119961218   4.6
7511400119961219   2.0
7511400119961220    .0
7511400119961221   2.2
7511400119961222   2.8
7511400119961223    .0
7511400119961224    .2
7511400119961225    .0
7511400119961226    .0
7511400119961227    .0
7511400119961228    .0
7511400119961229    .2
7511400119961230    .2
7511400119961231    .0
7511400119970101    .0
7511400119970102    .0
7511400119970103    .0
7511400119970104    .0
7511400119970105    .0
7511400119970106    .0
7511400119970107    .0
7511400119970108    .0
7511400119970109    .0
7511400119970110    .0
7511400119970111    .0
7511400119970112    .0
7511400119970113    .0
7511400119970114    .0
7511400119970115    .0
7511400119970116    .0
7511400119970117    .6
7511400119970118   1.6
7511400119970119    .8
7511400119970120    .0
7511400119970121    .0
7511400119970122    .0
7511400119970123    .6
7511400119970124    .6
7511400119970125    .0
7511400119970126    .0
7511400119970127    .0
7511400119970128    .0
7511400119970129    .0
7511400119970130    .0
7511400119970131    .0
7511400119970201    .0
7511400119970202    .0
7511400119970203    .0
7511400119970204   5.8
7511400119970205    .6
7511400119970206    .0
7511400119970207    .0
7511400119970208    .0
7511400119970209    .0
7511400119970210   2.6
7511400119970211   4.6
7511400119970212   7.6
7511400119970213   3.2
7511400119970214   6.6
7511400119970215    .0
7511400119970216   1.6
7511400119970217   2.0
7511400119970218   5.8
7511400119970219    .0
7511400119970220    .0
7511400119970221    .0
7511400119970222    .0
7511400119970223    .2
7511400119970224  11.6
7511400119970225  25.0
7511400119970226   1.6
7511400119970227    .0
7511400119970228    .0
7511400119970301    .0
7511400119970302   1.0
7511400119970303    .8
7511400119970304   1.4
7511400119970305   3.2
7511400119970306   1.0
7511400119970307    .0
7511400119970308    .0
7511400119970309    .0
7511400119970310    .0
7511400119970311    .0
7511400119970312    .0
7511400119970313    .0
7511400119970314    .4
7511400119970315    .0
7511400119970316    .0
7511400119970317    .0
7511400119970318    .0
7511400119970319   1.1
7511400119970320    .0
7511400119970321    .0
7511400119970322    .0
7511400119970323    .0
7511400119970324    .2
7511400119970325    .0
7511400119970326    .0
7511400119970327    .0
7511400119970328    .0
7511400119970329    .0
7511400119970330    .0
7511400119970331    .0
7511400119970401    .0
7511400119970402    .0
7511400119970403    .0
7511400119970404    .0
7511400119970405    .0
7511400119970406    .0
7511400119970407    .0
7511400119970408    .0
7511400119970409    .0
7511400119970410    .0
7511400119970411    .0
7511400119970412    .0
7511400119970413    .0
7511400119970414    .0
7511400119970415    .0
7511400119970416    .0
7511400119970417    .0
7511400119970418    .0
7511400119970419    .0
7511400119970420    .0
7511400119970421    .0
7511400119970422    .0
7511400119970423    .0
7511400119970424    .0
7511400119970425   4.4
7511400119970426   7.2
7511400119970427   1.8
7511400119970428   1.2
7511400119970429    .4
7511400119970430    .0
7511400119970501    .0
7511400119970502    .0
7511400119970503    .0
7511400119970504   3.2
7511400119970505   9.8
7511400119970506  17.8
7511400119970507   3.8
7511400119970508   7.0
7511400119970509   1.4
7511400119970510   3.0
7511400119970511    .4
7511400119970512    .0
7511400119970513  10.6
7511400119970514    .0
7511400119970515   6.8
7511400119970516    .0
7511400119970517    .0
7511400119970518   1.4
7511400119970519    .0
7511400119970520   6.8
7511400119970521  13.6
7511400119970522  13.6
7511400119970523    .0
7511400119970524    .0
7511400119970525    .0
7511400119970526    .0
7511400119970527    .0
7511400119970528    .0
7511400119970529    .0
7511400119970530    .0
7511400119970531    .0
7511400119970601   1.6
7511400119970602    .2
7511400119970603    .0
7511400119970604    .0
7511400119970605   1.2
7511400119970606    .0
7511400119970607  11.8
7511400119970608    .0
7511400119970609    .0
7511400119970610    .0
7511400119970611   4.0
7511400119970612    .0
7511400119970613   7.0
7511400119970614  10.2
7511400119970615   2.0
7511400119970616    .4
7511400119970617    .4
7511400119970618    .0
7511400119970619   3.4
7511400119970620   2.2
7511400119970621   7.6
7511400119970622   1.0
7511400119970623  11.6
7511400119970624    .0
7511400119970625  11.0
7511400119970626   5.8
7511400119970627   4.8
7511400119970628   3.2
7511400119970629  50.6
7511400119970630   2.8
7511400119970701   4.8
7511400119970702   7.8
7511400119970703   4.8
7511400119970704   8.6
7511400119970705    .0
7511400119970706    .0
7511400119970707    .0
7511400119970708    .0
7511400119970709    .0
7511400119970710    .0
7511400119970711    .0
7511400119970712    .0
7511400119970713    .0
7511400119970714    .0
7511400119970715    .0
7511400119970716    .0
7511400119970717   1.0
7511400119970718    .2
7511400119970719    .0
7511400119970720    .0
7511400119970721    .0
7511400119970722    .0
7511400119970723    .0
7511400119970724    .0
7511400119970725   1.6
7511400119970726    .0
7511400119970727    .0
7511400119970728    .0
7511400119970729    .0
7511400119970730    .0
7511400119970731    .0
7511400119970801    .0
7511400119970802    .0
7511400119970803    .0
7511400119970804   1.0
7511400119970805  28.2
7511400119970806   2.0
7511400119970807   6.2
7511400119970808    .0
7511400119970809    .0
7511400119970810    .0
7511400119970811    .0
7511400119970812    .0
7511400119970813    .0
7511400119970814    .0
7511400119970815    .0
7511400119970816    .0
7511400119970817    .0
7511400119970818    .0
7511400119970819    .0
7511400119970820    .0
7511400119970821    .0
7511400119970822    .0
7511400119970823    .0
7511400119970824    .0
7511400119970825    .4
7511400119970826    .0
7511400119970827  10.6
7511400119970828   2.6
7511400119970829   9.6
7511400119970830    .2
7511400119970831    .0
7511400119970901   2.4
7511400119970902    .0
7511400119970903    .0
7511400119970904    .0
7511400119970905    .0
7511400119970906    .0
7511400119970907    .0
7511400119970908    .0
7511400119970909    .0
7511400119970910    .0
7511400119970911    .0
7511400119970912    .8
7511400119970913    .0
7511400119970914    .0
7511400119970915    .0
7511400119970916    .0
7511400119970917    .0
7511400119970918    .0
7511400119970919    .0
7511400119970920    .0
7511400119970921    .0
7511400119970922    .0
7511400119970923    .0
7511400119970924    .0
7511400119970925    .0
7511400119970926    .0
7511400119970927    .0
7511400119970928    .0
7511400119970929    .0
7511400119970930    .0
7511400119971001    .0
7511400119971002    .0
7511400119971003    .0
7511400119971004    .0
7511400119971005    .0
7511400119971006  33.4
7511400119971007    .4
7511400119971008   2.4
7511400119971009    .0
7511400119971010    .6
7511400119971011   3.6
7511400119971012   4.6
7511400119971013    .0
7511400119971014    .0
7511400119971015  11.6
7511400119971016    .0
7511400119971017    .0
7511400119971018    .0
7511400119971019    .0
7511400119971020   2.2
7511400119971021    .0
7511400119971022    .0
7511400119971023    .0
7511400119971024    .0
7511400119971025    .0
7511400119971026    .0
7511400119971027    .0
7511400119971028    .0
7511400119971029    .0
7511400119971030    .0
7511400119971031    .0
7511400119971101    .0
7511400119971102    .0
7511400119971103    .0
7511400119971104   2.0
7511400119971105    .8
7511400119971106  12.0
7511400119971107   6.0
7511400119971108   6.0
7511400119971109   2.8
7511400119971110   6.2
7511400119971111    .4
7511400119971112    .0
7511400119971113    .0
7511400119971114    .0
7511400119971115   2.4
7511400119971116    .6
7511400119971117    .0
7511400119971118  11.6
7511400119971119    .2
7511400119971120    .0
7511400119971121   6.2
7511400119971122    .0
7511400119971123    .0
7511400119971124    .0
7511400119971125    .0
7511400119971126   4.0
7511400119971127   1.0
7511400119971128   6.2
7511400119971129   1.2
7511400119971130   2.2
7511400119971201  19.4
7511400119971202   5.4
7511400119971203    .0
7511400119971204    .0
7511400119971205    .0
7511400119971206    .0
7511400119971207    .4
7511400119971208    .4
7511400119971209    .0
7511400119971210   9.6
7511400119971211   5.8
7511400119971212    .0
7511400119971213    .0
7511400119971214    .2
7511400119971215    .0
7511400119971216   6.0
7511400119971217   5.6
7511400119971218  19.4
7511400119971219    .2
7511400119971220    .0
7511400119971221    .0
7511400119971222    .0
7511400119971223   1.8
7511400119971224   3.8
7511400119971225   1.0
7511400119971226   1.4
7511400119971227   4.4
7511400119971228    .0
7511400119971229    .0
7511400119971230   2.6
7511400119971231   6.6
7511400119980101   3.6
7511400119980102  12.4
7511400119980103   6.0
7511400119980104   3.0
7511400119980105   9.4
7511400119980106   2.0
7511400119980107   2.4
7511400119980108    .0
7511400119980109    .0
7511400119980110    .0
7511400119980111    .0
7511400119980112    .0
7511400119980113    .4
7511400119980114   1.4
7511400119980115  10.4
7511400119980116   3.6
7511400119980117    .0
7511400119980118  18.6
7511400119980119   3.4
7511400119980120    .0
7511400119980121    .0
7511400119980122    .0
7511400119980123    .0
7511400119980124    .0
7511400119980125    .0
7511400119980126    .0
7511400119980127    .0
7511400119980128    .0
7511400119980129    .0
7511400119980130    .0
7511400119980131    .0
7511400119980201    .0
7511400119980202    .0
7511400119980203    .0
7511400119980204    .0
7511400119980205    .0
7511400119980206    .0
7511400119980207    .6
7511400119980208    .0
7511400119980209    .0
7511400119980210    .0
7511400119980211    .0
7511400119980212    .0
7511400119980213    .0
7511400119980214    .0
7511400119980215    .0
7511400119980216    .0
7511400119980217    .0
7511400119980218    .0
7511400119980219    .0
7511400119980220    .0
7511400119980221   3.6
7511400119980222    .4
7511400119980223    .6
7511400119980224    .0
7511400119980225    .0
7511400119980226    .0
7511400119980227    .4
7511400119980228    .6
7511400119980301    .0
7511400119980302    .0
7511400119980303    .0
7511400119980304  10.2
7511400119980305    .0
7511400119980306   2.8
7511400119980307   1.4
7511400119980308   1.0
7511400119980309    .0
7511400119980310   2.4
7511400119980311   1.4
7511400119980312    .0
7511400119980313    .0
7511400119980314    .0
7511400119980315    .0
7511400119980316    .0
7511400119980317    .0
7511400119980318    .0
7511400119980319    .0
7511400119980320    .0
7511400119980321    .0
7511400119980322    .0
7511400119980323    .0
7511400119980324    .0
7511400119980325    .0
7511400119980326   2.8
7511400119980327    .4
7511400119980328    .0
7511400119980329    .0
7511400119980330    .0
7511400119980331    .2
7511400119980401   2.4
7511400119980402  13.2
7511400119980403   4.4
7511400119980404   5.0
7511400119980405   1.2
7511400119980406  11.4
7511400119980407  15.8
7511400119980408    .8
7511400119980409   6.2
7511400119980410   6.6
7511400119980411   3.0
7511400119980412   1.6
7511400119980413   1.0
7511400119980414   3.4
7511400119980415   3.0
7511400119980416  19.8
7511400119980417  12.8
7511400119980418    .0
7511400119980419   5.4
7511400119980420   2.4
7511400119980421    .0
7511400119980422    .0
7511400119980423    .0
7511400119980424    .4
7511400119980425   1.4
7511400119980426   1.2
7511400119980427    .8
7511400119980428    .2
7511400119980429    .0
7511400119980430    .0
7511400119980501    .0
7511400119980502    .8
7511400119980503    .0
7511400119980504    .0
7511400119980505    .0
7511400119980506    .0
7511400119980507    .0
7511400119980508    .0
7511400119980509    .0
7511400119980510    .0
7511400119980511    .0
7511400119980512    .0
7511400119980513   1.6
7511400119980514    .0
7511400119980515    .0
7511400119980516    .0
7511400119980517    .0
7511400119980518    .0
7511400119980519    .0
7511400119980520    .0
7511400119980521    .0
7511400119980522    .0
7511400119980523    .0
7511400119980524    .0
7511400119980525    .0
7511400119980526   2.2
7511400119980527   1.6
7511400119980528   7.0
7511400119980529    .0
7511400119980530   2.4
7511400119980531    .0
7511400119980601   4.8
7511400119980602    .8
7511400119980603    .0
7511400119980604   6.0
7511400119980605    .6
7511400119980606   4.4
7511400119980607    .2
7511400119980608   2.8
7511400119980609    .4
7511400119980610   6.2
7511400119980611   7.4
7511400119980612    .0
7511400119980613   4.8
7511400119980614   4.4
7511400119980615   2.8
7511400119980616    .0
7511400119980617    .0
7511400119980618    .0
7511400119980619    .0
7511400119980620    .0
7511400119980621    .0
7511400119980622    .0
7511400119980623    .0
7511400119980624    .0
7511400119980625    .0
7511400119980626    .0
7511400119980627   2.2
7511400119980628    .0
7511400119980629    .0
7511400119980630   3.6
7511400119980701    .0
7511400119980702    .0
7511400119980703    .0
7511400119980704    .0
7511400119980705    .0
7511400119980706    .0
7511400119980707    .2
7511400119980708    .0
7511400119980709   1.0
7511400119980710    .0
7511400119980711    .0
7511400119980712   3.6
7511400119980713   9.2
7511400119980714    .0
7511400119980715   2.2
7511400119980716   9.6
7511400119980717    .6
7511400119980718    .0
7511400119980719    .0
7511400119980720   5.0
7511400119980721    .2
7511400119980722   1.6
7511400119980723    .8
7511400119980724    .0
7511400119980725    .0
7511400119980726    .0
7511400119980727    .4
7511400119980728   1.8
7511400119980729   1.2
7511400119980730    .0
7511400119980731    .0
7511400119980801  32.4
7511400119980802   7.2
7511400119980803   1.6
7511400119980804    .0
7511400119980805    .0
7511400119980806    .0
7511400119980807    .0
7511400119980808    .0
7511400119980809    .0
7511400119980810    .0
7511400119980811    .0
7511400119980812    .0
7511400119980813    .0
7511400119980814    .0
7511400119980815    .0
7511400119980816    .0
7511400119980817    .0
7511400119980818    .0
7511400119980819    .0
7511400119980820    .4
7511400119980821   1.0
7511400119980822   4.6
7511400119980823   2.8
7511400119980824   1.4
7511400119980825    .0
7511400119980826    .0
7511400119980827    .0
7511400119980828    .0
7511400119980829    .0
7511400119980830    .0
7511400119980831    .0
7511400119980901   2.6
7511400119980902  19.0
7511400119980903    .0
7511400119980904   4.6
7511400119980905   2.8
7511400119980906    .8
7511400119980907   1.4
7511400119980908   5.4
7511400119980909    .2
7511400119980910   1.4
7511400119980911  11.6
7511400119980912   5.4
7511400119980913   7.2
7511400119980914    .0
7511400119980915   1.8
7511400119980916    .0
7511400119980917    .0
7511400119980918    .0
7511400119980919    .0
7511400119980920    .0
7511400119980921    .0
7511400119980922    .0
7511400119980923    .0
7511400119980924    .0
7511400119980925    .6
7511400119980926   5.6
7511400119980927  14.6
7511400119980928    .4
7511400119980929   6.4
7511400119980930    .6
7511400119981001   1.8
7511400119981002    .6
7511400119981003    .0
7511400119981004   1.0
7511400119981005    .0
7511400119981006    .0
7511400119981007   2.2
7511400119981008  11.2
7511400119981009   2.4
7511400119981010   1.0
7511400119981011   7.0
7511400119981012    .0
7511400119981013   1.0
7511400119981014   2.4
7511400119981015   1.6
7511400119981016    .0
7511400119981017   2.0
7511400119981018    .0
7511400119981019    .0
7511400119981020    .0
7511400119981021    .0
7511400119981022    .0
7511400119981023   2.8
7511400119981024  26.4
7511400119981025   3.2
7511400119981026    .0
7511400119981027    .2
7511400119981028  19.6
7511400119981029    .2
7511400119981030  14.0
7511400119981031  15.6
7511400119981101    .0
7511400119981102   6.8
7511400119981103    .0
7511400119981104    .6
7511400119981105    .0
7511400119981106   3.6
7511400119981107    .0
7511400119981108    .4
7511400119981109    .6
7511400119981110    .0
7511400119981111    .0
7511400119981112    .0
7511400119981113   4.2
7511400119981114   3.6
7511400119981115    .0
7511400119981116    .0
7511400119981117    .0
7511400119981118    .0
7511400119981119    .0
7511400119981120    .0
7511400119981121    .0
7511400119981122    .0
7511400119981123    .0
7511400119981124    .6
7511400119981125   1.0
7511400119981126   1.6
7511400119981127    .0
7511400119981128   9.4
7511400119981129    .2
7511400119981130    .6
7511400119981201    .0
7511400119981202    .0
7511400119981203    .0
7511400119981204    .6
7511400119981205    .8
7511400119981206    .0
7511400119981207    .0
7511400119981208   2.4
7511400119981209   1.4
7511400119981210   4.0
7511400119981211   3.2
7511400119981212   1.0
7511400119981213    .0
7511400119981214    .0
7511400119981215    .0
7511400119981216    .0
7511400119981217    .0
7511400119981218   2.0
7511400119981219   3.4
7511400119981220   3.8
7511400119981221    .0
7511400119981222    .0
7511400119981223   1.4
7511400119981224   1.8
7511400119981225   3.4
7511400119981226   8.2
7511400119981227   1.8
7511400119981228   2.4
7511400119981229    .0
7511400119981230   2.6
7511400119981231   1.4
