7611600119940101  12.4
7611600119940102    .0
7611600119940103   6.4
7611600119940104   5.6
7611600119940105   9.0
7611600119940106    .8
7611600119940107    .0
7611600119940108   4.4
7611600119940109   3.4
7611600119940110   2.6
7611600119940111    .4
7611600119940112   8.0
7611600119940113    .2
7611600119940114   1.4
7611600119940115   1.8
7611600119940116   1.0
7611600119940117    .0
7611600119940118    .2
7611600119940119   8.0
7611600119940120    .0
7611600119940121   1.2
7611600119940122    .2
7611600119940123   4.2
7611600119940124  14.4
7611600119940125   7.4
7611600119940126    .0
7611600119940127   5.8
7611600119940128    .0
7611600119940129    .0
7611600119940130   2.0
7611600119940131    .0
7611600119940201    .6
7611600119940202   7.6
7611600119940203   2.6
7611600119940204    .0
7611600119940205    .0
7611600119940206   2.4
7611600119940207    .0
7611600119940208   1.8
7611600119940209    .0
7611600119940210    .0
7611600119940211   6.2
7611600119940212    .0
7611600119940213    .0
7611600119940214   2.0
7611600119940215    .0
7611600119940216    .0
7611600119940217    .0
7611600119940218    .0
7611600119940219    .6
7611600119940220   1.6
7611600119940221   1.4
7611600119940222    .4
7611600119940223   7.4
7611600119940224   2.2
7611600119940225    .0
7611600119940226    .2
7611600119940227  16.0
7611600119940228    .4
7611600119940301   1.6
7611600119940302   5.6
7611600119940303   1.6
7611600119940304    .0
7611600119940305    .6
7611600119940306    .0
7611600119940307   2.6
7611600119940308    .0
7611600119940309    .0
7611600119940310    .0
7611600119940311    .0
7611600119940312   3.2
7611600119940313   1.8
7611600119940314    .0
7611600119940315   1.4
7611600119940316   2.0
7611600119940317    .4
7611600119940318    .4
7611600119940319   7.0
7611600119940320   1.8
7611600119940321   3.2
7611600119940322    .8
7611600119940323    .8
7611600119940324   3.0
7611600119940325   1.2
7611600119940326    .0
7611600119940327    .0
7611600119940328    .2
7611600119940329    .0
7611600119940330   4.0
7611600119940331   4.6
7611600119940401  10.2
7611600119940402   4.4
7611600119940403  13.8
7611600119940404   8.2
7611600119940405   9.0
7611600119940406    .2
7611600119940407   8.6
7611600119940408   8.0
7611600119940409  11.6
7611600119940410   2.2
7611600119940411    .0
7611600119940412    .2
7611600119940413    .8
7611600119940414   1.6
7611600119940415   3.6
7611600119940416    .0
7611600119940417    .0
7611600119940418    .0
7611600119940419    .0
7611600119940420    .0
7611600119940421    .0
7611600119940422    .0
7611600119940423   2.0
7611600119940424    .0
7611600119940425    .8
7611600119940426    .6
7611600119940427    .0
7611600119940428    .0
7611600119940429    .0
7611600119940430    .0
7611600119940501    .0
7611600119940502    .0
7611600119940503    .4
7611600119940504   1.6
7611600119940505   3.6
7611600119940506    .4
7611600119940507  12.4
7611600119940508   1.2
7611600119940509    .0
7611600119940510    .0
7611600119940511   3.4
7611600119940512    .0
7611600119940513    .0
7611600119940514   4.6
7611600119940515   9.2
7611600119940516  14.6
7611600119940517   4.4
7611600119940518    .0
7611600119940519    .0
7611600119940520  13.0
7611600119940521   8.0
7611600119940522    .8
7611600119940523   1.4
7611600119940524   4.8
7611600119940525   8.2
7611600119940526  10.8
7611600119940527    .0
7611600119940528    .0
7611600119940529    .0
7611600119940530    .0
7611600119940531    .0
7611600119940601   4.8
7611600119940602  11.4
7611600119940603   4.6
7611600119940604  14.2
7611600119940605   1.0
7611600119940606    .6
7611600119940607    .0
7611600119940608    .0
7611600119940609    .2
7611600119940610    .2
7611600119940611    .0
7611600119940612    .0
7611600119940613    .0
7611600119940614    .0
7611600119940615    .0
7611600119940616    .0
7611600119940617    .0
7611600119940618    .0
7611600119940619    .0
7611600119940620    .0
7611600119940621    .0
7611600119940622   1.2
7611600119940623    .0
7611600119940624   2.6
7611600119940625   4.6
7611600119940626    .0
7611600119940627    .0
7611600119940628    .0
7611600119940629    .0
7611600119940630    .0
7611600119940701   3.0
7611600119940702    .0
7611600119940703    .0
7611600119940704    .0
7611600119940705    .0
7611600119940706   4.0
7611600119940707   3.4
7611600119940708    .0
7611600119940709    .0
7611600119940710    .0
7611600119940711    .0
7611600119940712    .0
7611600119940713    .0
7611600119940714    .0
7611600119940715    .0
7611600119940716    .0
7611600119940717    .2
7611600119940718   1.0
7611600119940719  36.6
7611600119940720    .0
7611600119940721    .0
7611600119940722    .0
7611600119940723    .0
7611600119940724   3.0
7611600119940725    .0
7611600119940726    .0
7611600119940727  28.4
7611600119940728    .0
7611600119940729   8.0
7611600119940730   3.7
7611600119940731   2.0
7611600119940801    .0
7611600119940802    .0
7611600119940803    .0
7611600119940804   4.4
7611600119940805  11.0
7611600119940806    .0
7611600119940807    .0
7611600119940808    .0
7611600119940809  13.6
7611600119940810    .0
7611600119940811   3.8
7611600119940812    .0
7611600119940813    .0
7611600119940814    .0
7611600119940815    .0
7611600119940816    .0
7611600119940817  14.2
7611600119940818  25.6
7611600119940819  14.4
7611600119940820    .0
7611600119940821    .0
7611600119940822    .0
7611600119940823    .2
7611600119940824   2.6
7611600119940825   7.4
7611600119940826   1.8
7611600119940827   4.2
7611600119940828    .0
7611600119940829    .4
7611600119940830    .0
7611600119940831    .8
7611600119940901    .2
7611600119940902    .0
7611600119940903    .0
7611600119940904   1.0
7611600119940905    .0
7611600119940906  19.6
7611600119940907   2.4
7611600119940908   5.4
7611600119940909    .0
7611600119940910    .0
7611600119940911   3.4
7611600119940912   1.8
7611600119940913    .6
7611600119940914   2.8
7611600119940915   2.4
7611600119940916    .6
7611600119940917    .2
7611600119940918    .0
7611600119940919  13.6
7611600119940920   2.0
7611600119940921    .0
7611600119940922    .0
7611600119940923   1.6
7611600119940924    .0
7611600119940925   7.4
7611600119940926    .0
7611600119940927    .0
7611600119940928    .0
7611600119940929    .0
7611600119940930    .0
7611600119941001    .0
7611600119941002    .6
7611600119941003   1.2
7611600119941004    .2
7611600119941005    .0
7611600119941006    .0
7611600119941007    .0
7611600119941008    .0
7611600119941009    .0
7611600119941010    .0
7611600119941011    .0
7611600119941012    .0
7611600119941013    .0
7611600119941014    .0
7611600119941015    .0
7611600119941016    .0
7611600119941017    .0
7611600119941018    .0
7611600119941019   8.8
7611600119941020    .4
7611600119941021   4.2
7611600119941022   1.4
7611600119941023   8.4
7611600119941024    .4
7611600119941025    .4
7611600119941026    .0
7611600119941027   3.0
7611600119941028   1.4
7611600119941029   5.4
7611600119941030   7.2
7611600119941031  12.0
7611600119941101    .0
7611600119941102    .0
7611600119941103    .0
7611600119941104   6.2
7611600119941105   5.4
7611600119941106    .2
7611600119941107    .0
7611600119941108    .0
7611600119941109   5.6
7611600119941110    .0
7611600119941111    .0
7611600119941112   7.4
7611600119941113    .0
7611600119941114  11.2
7611600119941115    .0
7611600119941116   1.6
7611600119941117   2.6
7611600119941118  21.0
7611600119941119    .8
7611600119941120    .2
7611600119941121   3.2
7611600119941122    .0
7611600119941123    .0
7611600119941124    .0
7611600119941125    .0
7611600119941126    .4
7611600119941127    .6
7611600119941128    .0
7611600119941129    .0
7611600119941130    .0
7611600119941201    .0
7611600119941202    .0
7611600119941203   5.0
7611600119941204    .6
7611600119941205   1.2
7611600119941206    .0
7611600119941207  11.4
7611600119941208  18.4
7611600119941209   4.0
7611600119941210    .2
7611600119941211    .0
7611600119941212    .0
7611600119941213   3.4
7611600119941214    .0
7611600119941215    .8
7611600119941216    .4
7611600119941217    .0
7611600119941218   7.8
7611600119941219   4.0
7611600119941220    .6
7611600119941221   4.6
7611600119941222    .0
7611600119941223    .0
7611600119941224    .0
7611600119941225    .6
7611600119941226   2.6
7611600119941227  22.0
7611600119941228   5.0
7611600119941229   7.8
7611600119941230   1.4
7611600119941231   3.4
7611600119950101   1.2
7611600119950102    .0
7611600119950103    .0
7611600119950104    .0
7611600119950105    .4
7611600119950106    .0
7611600119950107   1.0
7611600119950108   3.2
7611600119950109   2.0
7611600119950110  13.2
7611600119950111    .0
7611600119950112    .6
7611600119950113    .2
7611600119950114    .0
7611600119950115    .0
7611600119950116    .0
7611600119950117   5.0
7611600119950118    .6
7611600119950119   3.2
7611600119950120   1.6
7611600119950121   9.8
7611600119950122  19.0
7611600119950123   1.8
7611600119950124  20.6
7611600119950125  25.4
7611600119950126   5.6
7611600119950127  10.8
7611600119950128  14.6
7611600119950129   9.8
7611600119950130   6.2
7611600119950131   1.2
7611600119950201   9.4
7611600119950202    .0
7611600119950203   8.6
7611600119950204   6.2
7611600119950205   1.0
7611600119950206    .0
7611600119950207    .4
7611600119950208   6.4
7611600119950209   3.2
7611600119950210   5.0
7611600119950211   2.0
7611600119950212    .0
7611600119950213   2.4
7611600119950214   6.2
7611600119950215  10.6
7611600119950216   7.6
7611600119950217   2.4
7611600119950218   1.0
7611600119950219   7.6
7611600119950220   2.2
7611600119950221   3.2
7611600119950222   3.0
7611600119950223  16.6
7611600119950224  17.0
7611600119950225   3.6
7611600119950226    .8
7611600119950227    .4
7611600119950228    .0
7611600119950301   1.8
7611600119950302   5.6
7611600119950303   1.4
7611600119950304   1.8
7611600119950305  10.4
7611600119950306   5.0
7611600119950307   4.8
7611600119950308   2.0
7611600119950309    .0
7611600119950310    .0
7611600119950311    .0
7611600119950312    .0
7611600119950313    .0
7611600119950314   1.6
7611600119950315   6.6
7611600119950316   3.8
7611600119950317   4.0
7611600119950318  11.6
7611600119950319   1.6
7611600119950320    .0
7611600119950321    .0
7611600119950322    .0
7611600119950323    .0
7611600119950324    .0
7611600119950325    .0
7611600119950326   6.0
7611600119950327   4.6
7611600119950328  12.4
7611600119950329    .0
7611600119950330    .0
7611600119950331   1.2
7611600119950401    .0
7611600119950402    .0
7611600119950403    .0
7611600119950404    .0
7611600119950405    .0
7611600119950406    .0
7611600119950407    .0
7611600119950408    .0
7611600119950409    .0
7611600119950410    .0
7611600119950411    .0
7611600119950412    .0
7611600119950413    .0
7611600119950414    .0
7611600119950415    .2
7611600119950416    .2
7611600119950417   3.8
7611600119950418   6.2
7611600119950419    .0
7611600119950420   1.6
7611600119950421   5.4
7611600119950422    .0
7611600119950423   7.8
7611600119950424  27.8
7611600119950425    .8
7611600119950426    .0
7611600119950427    .0
7611600119950428    .0
7611600119950429   8.4
7611600119950430    .0
7611600119950501    .0
7611600119950502    .0
7611600119950503    .0
7611600119950504    .0
7611600119950505    .0
7611600119950506    .0
7611600119950507    .0
7611600119950508    .0
7611600119950509    .0
7611600119950510    .0
7611600119950511    .0
7611600119950512  16.6
7611600119950513   6.8
7611600119950514    .2
7611600119950515    .0
7611600119950516  16.6
7611600119950517   2.2
7611600119950518    .2
7611600119950519    .0
7611600119950520    .0
7611600119950521    .0
7611600119950522    .0
7611600119950523    .0
7611600119950524   3.2
7611600119950525    .0
7611600119950526    .0
7611600119950527    .0
7611600119950528   4.8
7611600119950529   2.2
7611600119950530   1.2
7611600119950531    .0
7611600119950601    .0
7611600119950602    .0
7611600119950603   9.4
7611600119950604   1.6
7611600119950605    .0
7611600119950606    .0
7611600119950607   3.0
7611600119950608    .0
7611600119950609    .0
7611600119950610    .0
7611600119950611   1.4
7611600119950612    .8
7611600119950613   1.6
7611600119950614    .0
7611600119950615    .0
7611600119950616    .0
7611600119950617   2.8
7611600119950618    .0
7611600119950619    .0
7611600119950620    .0
7611600119950621    .0
7611600119950622    .0
7611600119950623    .0
7611600119950624    .0
7611600119950625    .0
7611600119950626    .0
7611600119950627    .0
7611600119950628    .0
7611600119950629    .0
7611600119950630    .0
7611600119950701   6.6
7611600119950702    .6
7611600119950703   3.2
7611600119950704    .0
7611600119950705    .0
7611600119950706    .0
7611600119950707    .0
7611600119950708    .0
7611600119950709    .0
7611600119950710  31.4
7611600119950711   3.0
7611600119950712    .0
7611600119950713  11.0
7611600119950714   5.0
7611600119950715   2.8
7611600119950716   7.6
7611600119950717   4.2
7611600119950718    .0
7611600119950719    .0
7611600119950720    .0
7611600119950721    .0
7611600119950722    .0
7611600119950723    .0
7611600119950724    .0
7611600119950725    .0
7611600119950726    .0
7611600119950727   2.6
7611600119950728    .0
7611600119950729    .0
7611600119950730    .0
7611600119950731    .0
7611600119950801    .0
7611600119950802    .0
7611600119950803    .0
7611600119950804    .0
7611600119950805    .0
7611600119950806  40.8
7611600119950807    .0
7611600119950808    .0
7611600119950809    .0
7611600119950810    .0
7611600119950811    .0
7611600119950812    .0
7611600119950813   1.8
7611600119950814    .0
7611600119950815    .0
7611600119950816    .0
7611600119950817    .0
7611600119950818    .0
7611600119950819    .0
7611600119950820    .0
7611600119950821    .0
7611600119950822    .0
7611600119950823    .0
7611600119950824   1.6
7611600119950825    .4
7611600119950826    .4
7611600119950827    .4
7611600119950828    .0
7611600119950829    .2
7611600119950830    .0
7611600119950831   4.0
7611600119950901    .0
7611600119950902   2.0
7611600119950903    .2
7611600119950904   2.6
7611600119950905    .0
7611600119950906  15.6
7611600119950907  24.8
7611600119950908   1.8
7611600119950909    .4
7611600119950910   5.6
7611600119950911    .4
7611600119950912    .8
7611600119950913    .0
7611600119950914   3.8
7611600119950915  17.8
7611600119950916   2.4
7611600119950917   3.8
7611600119950918   6.8
7611600119950919    .0
7611600119950920   1.6
7611600119950921    .0
7611600119950922    .0
7611600119950923    .4
7611600119950924   5.0
7611600119950925    .2
7611600119950926   5.2
7611600119950927   6.0
7611600119950928    .6
7611600119950929    .0
7611600119950930   1.0
7611600119951001    .8
7611600119951002    .8
7611600119951003    .2
7611600119951004   8.4
7611600119951005    .0
7611600119951006    .0
7611600119951007    .0
7611600119951008    .0
7611600119951009    .0
7611600119951010    .0
7611600119951011    .0
7611600119951012    .0
7611600119951013    .0
7611600119951014    .0
7611600119951015    .0
7611600119951016    .0
7611600119951017    .0
7611600119951018    .0
7611600119951019    .0
7611600119951020    .4
7611600119951021    .0
7611600119951022    .0
7611600119951023    .0
7611600119951024   1.0
7611600119951025    .0
7611600119951026   3.8
7611600119951027   1.6
7611600119951028    .4
7611600119951029    .0
7611600119951030    .0
7611600119951031    .0
7611600119951101    .4
7611600119951102    .0
7611600119951103    .2
7611600119951104    .0
7611600119951105    .0
7611600119951106    .0
7611600119951107    .0
7611600119951108    .0
7611600119951109    .0
7611600119951110    .2
7611600119951111    .0
7611600119951112    .6
7611600119951113    .2
7611600119951114   1.8
7611600119951115    .8
7611600119951116    .2
7611600119951117    .8
7611600119951118    .0
7611600119951119    .0
7611600119951120    .0
7611600119951121    .6
7611600119951122    .0
7611600119951123    .0
7611600119951124    .0
7611600119951125   2.4
7611600119951126   7.6
7611600119951127    .0
7611600119951128    .0
7611600119951129    .0
7611600119951130    .0
7611600119951201   2.2
7611600119951202    .0
7611600119951203   1.8
7611600119951204    .0
7611600119951205    .0
7611600119951206    .0
7611600119951207    .0
7611600119951208    .0
7611600119951209    .0
7611600119951210    .0
7611600119951211    .0
7611600119951212    .0
7611600119951213    .0
7611600119951214    .2
7611600119951215    .0
7611600119951216    .2
7611600119951217    .2
7611600119951218    .0
7611600119951219   6.6
7611600119951220  16.0
7611600119951221  12.6
7611600119951222  14.6
7611600119951223  10.4
7611600119951224   2.6
7611600119951225    .0
7611600119951226    .2
7611600119951227    .0
7611600119951228    .0
7611600119951229    .0
7611600119951230   5.8
7611600119951231    .0
7611600119960101    .0
7611600119960102    .0
7611600119960103    .0
7611600119960104    .4
7611600119960105  11.6
7611600119960106   3.2
7611600119960107    .0
7611600119960108    .4
7611600119960109   2.6
7611600119960110   1.4
7611600119960111   2.4
7611600119960112    .0
7611600119960113    .0
7611600119960114    .0
7611600119960115    .0
7611600119960116    .0
7611600119960117    .0
7611600119960118    .0
7611600119960119    .0
7611600119960120    .0
7611600119960121    .0
7611600119960122   4.0
7611600119960123   1.8
7611600119960124    .0
7611600119960125    .0
7611600119960126    .0
7611600119960127    .0
7611600119960128    .0
7611600119960129    .0
7611600119960130    .0
7611600119960131    .0
7611600119960201    .0
7611600119960202    .0
7611600119960203    .0
7611600119960204    .0
7611600119960205    .0
7611600119960206    .8
7611600119960207   2.6
7611600119960208    .0
7611600119960209   1.6
7611600119960210    .0
7611600119960211   5.2
7611600119960212  21.2
7611600119960213   1.0
7611600119960214    .0
7611600119960215    .0
7611600119960216    .4
7611600119960217   3.4
7611600119960218  16.6
7611600119960219   9.6
7611600119960220   3.0
7611600119960221    .0
7611600119960222   1.0
7611600119960223    .0
7611600119960224  19.2
7611600119960225  13.2
7611600119960226    .0
7611600119960227    .0
7611600119960228    .0
7611600119960229    .0
7611600119960301    .0
7611600119960302   1.0
7611600119960303    .4
7611600119960304    .4
7611600119960305    .2
7611600119960306    .0
7611600119960307   1.4
7611600119960308   3.4
7611600119960309    .0
7611600119960310    .0
7611600119960311    .0
7611600119960312    .0
7611600119960313    .0
7611600119960314    .0
7611600119960315    .0
7611600119960316    .0
7611600119960317    .0
7611600119960318    .0
7611600119960319    .0
7611600119960320  14.0
7611600119960321    .4
7611600119960322   6.6
7611600119960323    .0
7611600119960324    .0
7611600119960325    .4
7611600119960326    .0
7611600119960327    .0
7611600119960328    .0
7611600119960329    .2
7611600119960330    .0
7611600119960331    .4
7611600119960401    .0
7611600119960402    .0
7611600119960403    .0
7611600119960404    .0
7611600119960405    .0
7611600119960406    .0
7611600119960407    .0
7611600119960408    .0
7611600119960409    .0
7611600119960410    .4
7611600119960411    .0
7611600119960412   8.0
7611600119960413    .0
7611600119960414    .0
7611600119960415    .0
7611600119960416   2.6
7611600119960417   1.8
7611600119960418    .0
7611600119960419    .0
7611600119960420    .0
7611600119960421    .0
7611600119960422    .0
7611600119960423   2.6
7611600119960424   5.4
7611600119960425    .0
7611600119960426    .0
7611600119960427    .0
7611600119960428    .0
7611600119960429    .0
7611600119960430   1.6
7611600119960501   1.0
7611600119960502    .4
7611600119960503    .0
7611600119960504    .0
7611600119960505    .0
7611600119960506   1.0
7611600119960507  12.2
7611600119960508  14.2
7611600119960509    .0
7611600119960510    .0
7611600119960511    .0
7611600119960512    .0
7611600119960513    .0
7611600119960514   3.8
7611600119960515    .4
7611600119960516   7.4
7611600119960517  11.4
7611600119960518   8.4
7611600119960519   3.4
7611600119960520   3.0
7611600119960521   3.2
7611600119960522   8.2
7611600119960523    .0
7611600119960524   1.0
7611600119960525   6.2
7611600119960526   3.6
7611600119960527   2.8
7611600119960528    .0
7611600119960529    .0
7611600119960530    .0
7611600119960531    .0
7611600119960601   5.2
7611600119960602   7.0
7611600119960603    .0
7611600119960604    .0
7611600119960605    .0
7611600119960606    .0
7611600119960607    .0
7611600119960608   1.2
7611600119960609    .0
7611600119960610    .0
7611600119960611    .0
7611600119960612    .0
7611600119960613    .0
7611600119960614    .0
7611600119960615    .0
7611600119960616    .0
7611600119960617    .0
7611600119960618    .0
7611600119960619    .2
7611600119960620    .8
7611600119960621    .8
7611600119960622    .0
7611600119960623    .0
7611600119960624    .0
7611600119960625    .0
7611600119960626    .0
7611600119960627    .0
7611600119960628   1.6
7611600119960629    .0
7611600119960630   1.2
7611600119960701   1.6
7611600119960702    .0
7611600119960703   5.2
7611600119960704    .0
7611600119960705   3.2
7611600119960706   1.6
7611600119960707    .2
7611600119960708    .0
7611600119960709    .6
7611600119960710    .2
7611600119960711    .0
7611600119960712    .0
7611600119960713    .2
7611600119960714    .0
7611600119960715    .0
7611600119960716    .0
7611600119960717    .0
7611600119960718    .0
7611600119960719    .0
7611600119960720    .0
7611600119960721    .0
7611600119960722    .0
7611600119960723    .0
7611600119960724    .0
7611600119960725    .0
7611600119960726    .0
7611600119960727    .0
7611600119960728    .0
7611600119960729  12.0
7611600119960730    .2
7611600119960731    .0
7611600119960801    .0
7611600119960802    .2
7611600119960803    .0
7611600119960804    .0
7611600119960805    .0
7611600119960806   4.5
7611600119960807    .0
7611600119960808    .0
7611600119960809    .2
7611600119960810  16.8
7611600119960811   3.4
7611600119960812   2.8
7611600119960813    .0
7611600119960814    .0
7611600119960815    .2
7611600119960816    .0
7611600119960817    .0
7611600119960818    .0
7611600119960819    .0
7611600119960820   1.4
7611600119960821    .0
7611600119960822    .4
7611600119960823    .8
7611600119960824    .6
7611600119960825    .8
7611600119960826   1.4
7611600119960827   1.0
7611600119960828    .8
7611600119960829   4.2
7611600119960830    .6
7611600119960831    .2
7611600119960901    .0
7611600119960902    .0
7611600119960903    .0
7611600119960904    .0
7611600119960905    .0
7611600119960906    .0
7611600119960907    .0
7611600119960908    .0
7611600119960909    .0
7611600119960910    .2
7611600119960911    .2
7611600119960912    .4
7611600119960913    .2
7611600119960914    .0
7611600119960915    .2
7611600119960916    .0
7611600119960917    .0
7611600119960918    .0
7611600119960919  41.2
7611600119960920    .2
7611600119960921    .0
7611600119960922   2.2
7611600119960923   8.4
7611600119960924    .8
7611600119960925    .6
7611600119960926   1.0
7611600119960927   2.4
7611600119960928    .0
7611600119960929    .0
7611600119960930   6.8
7611600119961001   3.8
7611600119961002    .2
7611600119961003   1.2
7611600119961004   2.8
7611600119961005   1.8
7611600119961006    .0
7611600119961007    .0
7611600119961008   2.6
7611600119961009   5.0
7611600119961010    .2
7611600119961011    .0
7611600119961012    .2
7611600119961013    .0
7611600119961014   5.2
7611600119961015    .4
7611600119961016   2.2
7611600119961017    .4
7611600119961018   3.8
7611600119961019    .2
7611600119961020   2.2
7611600119961021    .2
7611600119961022    .2
7611600119961023    .0
7611600119961024    .2
7611600119961025   1.0
7611600119961026    .2
7611600119961027    .0
7611600119961028   2.8
7611600119961029   3.4
7611600119961030    .0
7611600119961031   6.8
7611600119961101    .6
7611600119961102    .0
7611600119961103    .0
7611600119961104   8.2
7611600119961105   2.0
7611600119961106   2.8
7611600119961107  13.0
7611600119961108    .2
7611600119961109    .0
7611600119961110   5.2
7611600119961111   8.0
7611600119961112   1.8
7611600119961113    .0
7611600119961114    .0
7611600119961115    .0
7611600119961116    .0
7611600119961117   2.6
7611600119961118   1.4
7611600119961119   6.4
7611600119961120  15.8
7611600119961121    .2
7611600119961122    .4
7611600119961123   8.8
7611600119961124  18.2
7611600119961125  11.2
7611600119961126    .0
7611600119961127   5.0
7611600119961128   5.8
7611600119961129  19.2
7611600119961130   2.2
7611600119961201   2.2
7611600119961202   6.6
7611600119961203  13.0
7611600119961204    .0
7611600119961205    .2
7611600119961206   5.6
7611600119961207    .2
7611600119961208    .0
7611600119961209    .0
7611600119961210    .0
7611600119961211    .0
7611600119961212   4.4
7611600119961213    .2
7611600119961214    .0
7611600119961215    .0
7611600119961216   1.0
7611600119961217   8.0
7611600119961218   9.6
7611600119961219  12.8
7611600119961220    .2
7611600119961221    .0
7611600119961222   4.2
7611600119961223    .6
7611600119961224    .0
7611600119961225    .0
7611600119961226    .0
7611600119961227    .0
7611600119961228    .2
7611600119961229   1.2
7611600119961230    .8
7611600119961231    .0
7611600119970101    .0
7611600119970102    .0
7611600119970103    .0
7611600119970104    .0
7611600119970105    .0
7611600119970106    .0
7611600119970107    .0
7611600119970108   1.0
7611600119970109   3.2
7611600119970110    .0
7611600119970111    .0
7611600119970112    .0
7611600119970113    .0
7611600119970114    .0
7611600119970115    .0
7611600119970116    .0
7611600119970117    .4
7611600119970118   2.4
7611600119970119    .2
7611600119970120    .0
7611600119970121    .2
7611600119970122    .4
7611600119970123   1.8
7611600119970124   3.4
7611600119970125    .2
7611600119970126    .0
7611600119970127    .0
7611600119970128    .0
7611600119970129    .0
7611600119970130    .0
7611600119970131    .0
7611600119970201    .0
7611600119970202    .8
7611600119970203    .0
7611600119970204   7.2
7611600119970205    .2
7611600119970206    .0
7611600119970207    .0
7611600119970208    .2
7611600119970209    .0
7611600119970210   3.6
7611600119970211   8.2
7611600119970212   5.8
7611600119970213    .6
7611600119970214  11.8
7611600119970215    .0
7611600119970216   2.8
7611600119970217   6.0
7611600119970218   2.4
7611600119970219   1.8
7611600119970220    .0
7611600119970221    .4
7611600119970222    .0
7611600119970223   1.8
7611600119970224  16.4
7611600119970225   3.0
7611600119970226   2.8
7611600119970227    .0
7611600119970228    .0
7611600119970301    .2
7611600119970302   2.2
7611600119970303    .8
7611600119970304   1.4
7611600119970305   2.8
7611600119970306    .2
7611600119970307    .2
7611600119970308    .4
7611600119970309    .2
7611600119970310    .0
7611600119970311    .2
7611600119970312    .0
7611600119970313    .0
7611600119970314    .2
7611600119970315    .2
7611600119970316    .0
7611600119970317    .2
7611600119970318    .2
7611600119970319    .2
7611600119970320    .0
7611600119970321    .0
7611600119970322    .0
7611600119970323    .0
7611600119970324    .6
7611600119970325    .0
7611600119970326    .4
7611600119970327    .2
7611600119970328    .0
7611600119970329    .2
7611600119970330    .0
7611600119970331    .0
7611600119970401    .0
7611600119970402    .0
7611600119970403    .0
7611600119970404    .0
7611600119970405    .0
7611600119970406    .0
7611600119970407    .0
7611600119970408    .0
7611600119970409    .0
7611600119970410    .0
7611600119970411    .0
7611600119970412    .0
7611600119970413    .0
7611600119970414    .0
7611600119970415    .0
7611600119970416    .0
7611600119970417    .0
7611600119970418    .0
7611600119970419    .0
7611600119970420    .0
7611600119970421    .0
7611600119970422    .0
7611600119970423    .0
7611600119970424    .0
7611600119970425   6.6
7611600119970426   9.0
7611600119970427   3.4
7611600119970428   1.4
7611600119970429    .0
7611600119970430    .0
7611600119970501    .0
7611600119970502    .0
7611600119970503    .4
7611600119970504   1.2
7611600119970505  10.8
7611600119970506   3.4
7611600119970507    .4
7611600119970508  10.0
7611600119970509   4.8
7611600119970510   1.6
7611600119970511   2.0
7611600119970512   1.8
7611600119970513   1.6
7611600119970514    .2
7611600119970515   9.0
7611600119970516   7.8
7611600119970517    .2
7611600119970518   3.6
7611600119970519   1.4
7611600119970520  15.0
7611600119970521   2.4
7611600119970522   1.2
7611600119970523    .0
7611600119970524    .0
7611600119970525    .0
7611600119970526    .0
7611600119970527    .0
7611600119970528    .0
7611600119970529    .0
7611600119970530    .0
7611600119970531    .0
7611600119970601   2.6
7611600119970602   1.2
7611600119970603  17.6
7611600119970604    .0
7611600119970605    .0
7611600119970606   5.4
7611600119970607   4.0
7611600119970608   3.2
7611600119970609    .0
7611600119970610   7.2
7611600119970611   3.2
7611600119970612   1.6
7611600119970613  18.6
7611600119970614    .2
7611600119970615    .0
7611600119970616  13.4
7611600119970617   1.4
7611600119970618   1.2
7611600119970619   5.0
7611600119970620   3.8
7611600119970621    .8
7611600119970622   4.2
7611600119970623   6.2
7611600119970624    .0
7611600119970625  20.8
7611600119970626  34.6
7611600119970627   1.2
7611600119970628   2.0
7611600119970629   7.4
7611600119970630   4.0
7611600119970701   4.0
7611600119970702   3.0
7611600119970703   3.8
7611600119970704   2.6
7611600119970705    .2
7611600119970706    .0
7611600119970707    .0
7611600119970708    .0
7611600119970709    .0
7611600119970710    .0
7611600119970711    .0
7611600119970712    .0
7611600119970713    .0
7611600119970714    .2
7611600119970715    .0
7611600119970716    .0
7611600119970717    .8
7611600119970718    .2
7611600119970719    .0
7611600119970720    .0
7611600119970721    .0
7611600119970722    .0
7611600119970723    .0
7611600119970724    .6
7611600119970725   1.8
7611600119970726   5.8
7611600119970727    .0
7611600119970728    .0
7611600119970729    .0
7611600119970730    .0
7611600119970731    .0
7611600119970801    .0
7611600119970802    .2
7611600119970803   1.6
7611600119970804  21.2
7611600119970805  36.0
7611600119970806  17.2
7611600119970807   1.0
7611600119970808    .2
7611600119970809    .0
7611600119970810    .0
7611600119970811    .0
7611600119970812    .0
7611600119970813    .2
7611600119970814    .2
7611600119970815    .0
7611600119970816    .0
7611600119970817    .0
7611600119970818    .0
7611600119970819    .0
7611600119970820    .0
7611600119970821    .0
7611600119970822    .0
7611600119970823    .2
7611600119970824    .0
7611600119970825    .2
7611600119970826    .0
7611600119970827  12.2
7611600119970828    .6
7611600119970829  14.6
7611600119970830   2.8
7611600119970831    .0
7611600119970901    .2
7611600119970902    .0
7611600119970903    .2
7611600119970904   2.4
7611600119970905    .2
7611600119970906    .2
7611600119970907    .8
7611600119970908    .0
7611600119970909    .2
7611600119970910    .0
7611600119970911    .0
7611600119970912   7.4
7611600119970913  10.8
7611600119970914    .2
7611600119970915    .0
7611600119970916    .2
7611600119970917    .0
7611600119970918    .2
7611600119970919    .0
7611600119970920    .0
7611600119970921    .0
7611600119970922    .0
7611600119970923    .0
7611600119970924    .0
7611600119970925    .0
7611600119970926    .0
7611600119970927    .0
7611600119970928    .2
7611600119970929    .2
7611600119970930    .4
7611600119971001    .0
7611600119971002    .4
7611600119971003    .0
7611600119971004    .2
7611600119971005    .0
7611600119971006   2.2
7611600119971007   1.0
7611600119971008  14.8
7611600119971009   1.0
7611600119971010   3.0
7611600119971011   8.8
7611600119971012    .6
7611600119971013   2.2
7611600119971014   3.4
7611600119971015   3.8
7611600119971016    .0
7611600119971017    .2
7611600119971018    .2
7611600119971019    .2
7611600119971020   8.8
7611600119971021    .0
7611600119971022    .0
7611600119971023    .2
7611600119971024    .0
7611600119971025    .2
7611600119971026    .2
7611600119971027    .0
7611600119971028    .0
7611600119971029    .0
7611600119971030    .0
7611600119971031    .0
7611600119971101    .0
7611600119971102    .0
7611600119971103    .0
7611600119971104   1.4
7611600119971105   8.0
7611600119971106   9.2
7611600119971107   1.0
7611600119971108   4.4
7611600119971109   1.8
7611600119971110    .0
7611600119971111    .4
7611600119971112    .2
7611600119971113    .2
7611600119971114    .8
7611600119971115   3.0
7611600119971116    .4
7611600119971117    .0
7611600119971118   3.8
7611600119971119   2.4
7611600119971120   2.0
7611600119971121    .4
7611600119971122    .4
7611600119971123    .2
7611600119971124    .0
7611600119971125    .0
7611600119971126   3.0
7611600119971127  10.4
7611600119971128   5.4
7611600119971129   6.6
7611600119971130    .4
7611600119971201  19.4
7611600119971202   3.0
7611600119971203    .2
7611600119971204    .0
7611600119971205    .0
7611600119971206    .0
7611600119971207   3.0
7611600119971208   2.0
7611600119971209    .8
7611600119971210  16.8
7611600119971211   4.0
7611600119971212    .0
7611600119971213    .0
7611600119971214    .2
7611600119971215    .0
7611600119971216   3.8
7611600119971217   5.2
7611600119971218  38.0
7611600119971219    .2
7611600119971220    .0
7611600119971221    .0
7611600119971222   2.0
7611600119971223   3.8
7611600119971224   7.4
7611600119971225   6.0
7611600119971226   6.8
7611600119971227  10.2
7611600119971228    .0
7611600119971229    .6
7611600119971230   4.2
7611600119971231   2.8
7611600119980101   8.2
7611600119980102  10.0
7611600119980103   5.6
7611600119980104   9.2
7611600119980105  10.2
7611600119980106   8.2
7611600119980107    .4
7611600119980108    .0
7611600119980109    .2
7611600119980110    .0
7611600119980111    .0
7611600119980112    .0
7611600119980113    .4
7611600119980114   4.0
7611600119980115   6.4
7611600119980116   2.6
7611600119980117    .8
7611600119980118  13.4
7611600119980119   1.8
7611600119980120    .4
7611600119980121    .0
7611600119980122    .0
7611600119980123    .0
7611600119980124    .0
7611600119980125    .0
7611600119980126    .0
7611600119980127    .0
7611600119980128    .0
7611600119980129    .0
7611600119980130    .0
7611600119980131    .0
7611600119980201    .0
7611600119980202    .0
7611600119980203    .0
7611600119980204    .0
7611600119980205    .0
7611600119980206    .0
7611600119980207   5.0
7611600119980208    .0
7611600119980209    .0
7611600119980210    .0
7611600119980211    .0
7611600119980212    .0
7611600119980213    .0
7611600119980214    .0
7611600119980215    .0
7611600119980216    .0
7611600119980217    .0
7611600119980218    .0
7611600119980219    .0
7611600119980220    .0
7611600119980221   3.4
7611600119980222   1.0
7611600119980223    .2
7611600119980224    .2
7611600119980225    .0
7611600119980226    .0
7611600119980227    .6
7611600119980228   2.4
7611600119980301    .2
7611600119980302    .0
7611600119980303   1.0
7611600119980304  10.6
7611600119980305    .0
7611600119980306   3.2
7611600119980307   6.6
7611600119980308   1.2
7611600119980309    .0
7611600119980310   7.0
7611600119980311   3.4
7611600119980312    .0
7611600119980313    .8
7611600119980314    .2
7611600119980315    .0
7611600119980316    .0
7611600119980317    .0
7611600119980318    .0
7611600119980319    .0
7611600119980320    .0
7611600119980321    .0
7611600119980322    .0
7611600119980323    .0
7611600119980324    .0
7611600119980325    .0
7611600119980326   8.6
7611600119980327    .0
7611600119980328    .0
7611600119980329    .0
7611600119980330    .2
7611600119980331   1.4
7611600119980401    .2
7611600119980402  10.6
7611600119980403   1.6
7611600119980404   3.6
7611600119980405   5.2
7611600119980406   4.0
7611600119980407   8.2
7611600119980408   5.8
7611600119980409   3.0
7611600119980410   2.0
7611600119980411  11.6
7611600119980412    .0
7611600119980413    .8
7611600119980414   9.4
7611600119980415   6.0
7611600119980416  10.0
7611600119980417   5.0
7611600119980418   2.6
7611600119980419   3.6
7611600119980420    .4
7611600119980421    .0
7611600119980422    .0
7611600119980423   2.2
7611600119980424    .6
7611600119980425   3.4
7611600119980426   1.0
7611600119980427   5.4
7611600119980428    .8
7611600119980429    .6
7611600119980430    .0
7611600119980501    .0
7611600119980502   1.6
7611600119980503    .0
7611600119980504    .0
7611600119980505    .0
7611600119980506    .2
7611600119980507    .0
7611600119980508    .0
7611600119980509    .0
7611600119980510    .0
7611600119980511    .0
7611600119980512    .0
7611600119980513   1.6
7611600119980514    .2
7611600119980515    .0
7611600119980516    .0
7611600119980517    .0
7611600119980518    .0
7611600119980519    .0
7611600119980520    .0
7611600119980521    .0
7611600119980522    .2
7611600119980523    .0
7611600119980524    .2
7611600119980525    .0
7611600119980526   5.4
7611600119980527   8.6
7611600119980528   2.6
7611600119980529    .0
7611600119980530   2.0
7611600119980531   6.0
7611600119980601    .8
7611600119980602   2.0
7611600119980603    .6
7611600119980604   8.0
7611600119980605  14.6
7611600119980606   1.8
7611600119980607    .6
7611600119980608    .6
7611600119980609   4.6
7611600119980610   7.6
7611600119980611   3.6
7611600119980612    .0
7611600119980613  12.2
7611600119980614   4.0
7611600119980615   1.6
7611600119980616    .2
7611600119980617    .0
7611600119980618    .0
7611600119980619    .0
7611600119980620    .0
7611600119980621    .2
7611600119980622    .0
7611600119980623    .2
7611600119980624    .2
7611600119980625    .0
7611600119980626    .0
7611600119980627   6.6
7611600119980628    .4
7611600119980629    .2
7611600119980630   4.4
7611600119980701    .0
7611600119980702    .0
7611600119980703    .2
7611600119980704    .0
7611600119980705    .0
7611600119980706    .2
7611600119980707    .2
7611600119980708    .2
7611600119980709   3.2
7611600119980710    .4
7611600119980711   1.6
7611600119980712   9.8
7611600119980713    .6
7611600119980714    .0
7611600119980715   9.8
7611600119980716   6.0
7611600119980717    .4
7611600119980718    .0
7611600119980719    .0
7611600119980720   8.4
7611600119980721   1.4
7611600119980722    .2
7611600119980723   1.8
7611600119980724    .0
7611600119980725    .0
7611600119980726    .0
7611600119980727    .6
7611600119980728   3.8
7611600119980729    .0
7611600119980730    .2
7611600119980731    .0
7611600119980801    .0
7611600119980802   2.8
7611600119980803    .4
7611600119980804    .6
7611600119980805    .2
7611600119980806    .0
7611600119980807    .0
7611600119980808    .0
7611600119980809    .0
7611600119980810    .0
7611600119980811    .0
7611600119980812    .0
7611600119980813    .2
7611600119980814    .0
7611600119980815    .0
7611600119980816    .2
7611600119980817    .2
7611600119980818    .0
7611600119980819    .0
7611600119980820   1.6
7611600119980821    .6
7611600119980822   8.0
7611600119980823   6.0
7611600119980824   8.4
7611600119980825   1.0
7611600119980826    .6
7611600119980827    .0
7611600119980828    .2
7611600119980829    .0
7611600119980830    .0
7611600119980831    .0
7611600119980901   3.6
7611600119980902   7.8
7611600119980903   2.8
7611600119980904   8.6
7611600119980905   9.8
7611600119980906    .0
7611600119980907    .0
7611600119980908  10.0
7611600119980909   2.4
7611600119980910   1.6
7611600119980911   5.4
7611600119980912  19.2
7611600119980913  10.6
7611600119980914   4.4
7611600119980915   5.0
7611600119980916    .0
7611600119980917    .0
7611600119980918    .2
7611600119980919    .0
7611600119980920    .2
7611600119980921    .0
7611600119980922    .0
7611600119980923    .0
7611600119980924    .0
7611600119980925    .0
7611600119980926   3.8
7611600119980927   5.2
7611600119980928   3.4
7611600119980929   3.8
7611600119980930   3.2
7611600119981001   2.0
7611600119981002    .6
7611600119981003   1.2
7611600119981004   2.4
7611600119981005    .0
7611600119981006    .0
7611600119981007   5.8
7611600119981008  17.8
7611600119981009  11.4
7611600119981010    .2
7611600119981011   5.6
7611600119981012    .0
7611600119981013   2.4
7611600119981014   4.2
7611600119981015    .6
7611600119981016    .0
7611600119981017   3.4
7611600119981018    .2
7611600119981019   1.8
7611600119981020    .0
7611600119981021    .4
7611600119981022    .0
7611600119981023   6.0
7611600119981024  35.0
7611600119981025   5.2
7611600119981026   5.6
7611600119981027   1.8
7611600119981028  15.2
7611600119981029   5.4
7611600119981030   7.4
7611600119981031  22.4
7611600119981101    .2
7611600119981102   5.4
7611600119981103   1.2
7611600119981104   1.8
7611600119981105    .6
7611600119981106   1.8
7611600119981107    .0
7611600119981108   2.2
7611600119981109   1.2
7611600119981110    .8
7611600119981111   2.4
7611600119981112   7.6
7611600119981113   6.4
7611600119981114   6.8
7611600119981115    .2
7611600119981116    .0
7611600119981117    .0
7611600119981118    .0
7611600119981119    .0
7611600119981120    .0
7611600119981121    .0
7611600119981122    .0
7611600119981123    .0
7611600119981124   3.0
7611600119981125    .8
7611600119981126   5.8
7611600119981127   1.0
7611600119981128   8.8
7611600119981129    .2
7611600119981130    .0
7611600119981201    .0
7611600119981202    .2
7611600119981203    .8
7611600119981204    .6
7611600119981205   3.4
7611600119981206    .0
7611600119981207    .2
7611600119981208  16.2
7611600119981209   4.8
7611600119981210   6.8
7611600119981211   6.2
7611600119981212   3.0
7611600119981213    .0
7611600119981214    .0
7611600119981215    .8
7611600119981216    .2
7611600119981217    .4
7611600119981218   1.6
7611600119981219   4.0
7611600119981220    .8
7611600119981221    .0
7611600119981222    .2
7611600119981223   2.8
7611600119981224   4.4
7611600119981225   5.6
7611600119981226  14.0
7611600119981227  10.6
7611600119981228    .0
7611600119981229    .0
7611600119981230   7.0
7611600119981231    .6
