7655200119940101   9.2
7655200119940102    .2
7655200119940103   4.8
7655200119940104   7.6
7655200119940105   3.8
7655200119940106    .4
7655200119940107    .0
7655200119940108   5.5
7655200119940109   5.8
7655200119940110    .0
7655200119940111    .8
7655200119940112   5.5
7655200119940113   1.3
7655200119940114    .0
7655200119940115   4.2
7655200119940116   1.5
7655200119940117    .0
7655200119940118   1.0
7655200119940119   2.9
7655200119940120    .4
7655200119940121    .9
7655200119940122   2.0
7655200119940123   2.3
7655200119940124   7.7
7655200119940125   2.5
7655200119940126    .0
7655200119940127   2.5
7655200119940128    .0
7655200119940129    .0
7655200119940130    .3
7655200119940131    .0
7655200119940201   1.7
7655200119940202   5.2
7655200119940203   2.9
7655200119940204    .0
7655200119940205    .0
7655200119940206   1.2
7655200119940207    .0
7655200119940208   2.6
7655200119940209    .0
7655200119940210   3.0
7655200119940211  11.0
7655200119940212    .0
7655200119940213    .0
7655200119940214    .0
7655200119940215    .0
7655200119940216    .0
7655200119940217    .0
7655200119940218    .0
7655200119940219   3.1
7655200119940220   6.3
7655200119940221   2.2
7655200119940222   1.1
7655200119940223   4.6
7655200119940224   2.9
7655200119940225    .0
7655200119940226    .7
7655200119940227   2.1
7655200119940228   2.0
7655200119940301   3.9
7655200119940302   4.0
7655200119940303    .2
7655200119940304    .0
7655200119940305   2.0
7655200119940306    .0
7655200119940307   3.1
7655200119940308    .0
7655200119940309    .0
7655200119940310    .0
7655200119940311    .0
7655200119940312   1.3
7655200119940313    .2
7655200119940314    .0
7655200119940315    .1
7655200119940316    .7
7655200119940317    .7
7655200119940318    .4
7655200119940319   7.0
7655200119940320   6.0
7655200119940321    .4
7655200119940322   1.0
7655200119940323    .3
7655200119940324    .0
7655200119940325    .0
7655200119940326    .0
7655200119940327    .0
7655200119940328    .3
7655200119940329    .0
7655200119940330   6.1
7655200119940331   4.1
7655200119940401   2.8
7655200119940402   2.4
7655200119940403  12.0
7655200119940404   6.0
7655200119940405   3.2
7655200119940406    .7
7655200119940407   5.9
7655200119940408   8.6
7655200119940409   7.1
7655200119940410   4.5
7655200119940411    .0
7655200119940412   3.7
7655200119940413    .7
7655200119940414  11.3
7655200119940415   6.7
7655200119940416    .0
7655200119940417    .0
7655200119940418    .0
7655200119940419    .0
7655200119940420    .0
7655200119940421    .0
7655200119940422    .0
7655200119940423    .8
7655200119940424   3.3
7655200119940425   1.2
7655200119940426    .6
7655200119940427    .0
7655200119940428    .0
7655200119940429    .0
7655200119940430    .0
7655200119940501    .0
7655200119940502    .0
7655200119940503    .3
7655200119940504   2.4
7655200119940505   2.9
7655200119940506    .5
7655200119940507  14.2
7655200119940508    .0
7655200119940509   1.0
7655200119940510    .0
7655200119940511   5.3
7655200119940512    .0
7655200119940513    .0
7655200119940514   5.0
7655200119940515    .3
7655200119940516  11.4
7655200119940517  10.7
7655200119940518   1.3
7655200119940519    .0
7655200119940520  14.5
7655200119940521   1.3
7655200119940522    .8
7655200119940523    .5
7655200119940524  11.5
7655200119940525   5.4
7655200119940526    .0
7655200119940527    .0
7655200119940528    .0
7655200119940529    .0
7655200119940530    .0
7655200119940531    .0
7655200119940601   3.0
7655200119940602  11.9
7655200119940603   5.3
7655200119940604   7.0
7655200119940605   3.0
7655200119940606    .0
7655200119940607    .0
7655200119940608   2.2
7655200119940609    .0
7655200119940610    .0
7655200119940611    .0
7655200119940612    .0
7655200119940613    .0
7655200119940614    .0
7655200119940615    .0
7655200119940616    .0
7655200119940617    .0
7655200119940618    .0
7655200119940619    .0
7655200119940620    .0
7655200119940621    .0
7655200119940622    .5
7655200119940623    .0
7655200119940624  13.5
7655200119940625    .8
7655200119940626    .0
7655200119940627    .0
7655200119940628    .0
7655200119940629    .0
7655200119940630    .0
7655200119940701  33.4
7655200119940702    .0
7655200119940703    .0
7655200119940704    .0
7655200119940705    .0
7655200119940706    .9
7655200119940707   3.7
7655200119940708    .0
7655200119940709    .0
7655200119940710    .0
7655200119940711    .0
7655200119940712    .0
7655200119940713    .0
7655200119940714    .0
7655200119940715    .0
7655200119940716    .4
7655200119940717    .0
7655200119940718   6.7
7655200119940719  14.8
7655200119940720    .0
7655200119940721    .0
7655200119940722    .0
7655200119940723    .0
7655200119940724    .0
7655200119940725    .0
7655200119940726    .0
7655200119940727  34.0
7655200119940728    .0
7655200119940729    .7
7655200119940730    .0
7655200119940731   7.9
7655200119940801    .0
7655200119940802    .0
7655200119940803    .0
7655200119940804   7.6
7655200119940805   3.3
7655200119940806    .0
7655200119940807    .0
7655200119940808    .0
7655200119940809  22.0
7655200119940810  12.4
7655200119940811  19.0
7655200119940812    .0
7655200119940813    .0
7655200119940814    .0
7655200119940815    .0
7655200119940816    .0
7655200119940817   8.8
7655200119940818  25.0
7655200119940819   6.0
7655200119940820    .0
7655200119940821    .0
7655200119940822    .0
7655200119940823    .0
7655200119940824    .9
7655200119940825  11.3
7655200119940826    .9
7655200119940827   4.1
7655200119940828    .0
7655200119940829    .8
7655200119940830    .0
7655200119940831   9.3
7655200119940901    .5
7655200119940902    .0
7655200119940903    .0
7655200119940904    .3
7655200119940905    .0
7655200119940906  11.5
7655200119940907    .3
7655200119940908   5.0
7655200119940909   2.7
7655200119940910   1.4
7655200119940911   3.7
7655200119940912   1.0
7655200119940913   5.2
7655200119940914   6.3
7655200119940915  18.4
7655200119940916   1.0
7655200119940917    .0
7655200119940918    .0
7655200119940919   6.0
7655200119940920   1.7
7655200119940921    .0
7655200119940922    .0
7655200119940923   1.3
7655200119940924    .0
7655200119940925    .2
7655200119940926    .1
7655200119940927    .0
7655200119940928    .0
7655200119940929    .0
7655200119940930    .0
7655200119941001    .0
7655200119941002   1.4
7655200119941003   1.4
7655200119941004    .3
7655200119941005    .0
7655200119941006    .0
7655200119941007    .0
7655200119941008    .0
7655200119941009    .0
7655200119941010    .0
7655200119941011    .0
7655200119941012    .0
7655200119941013    .0
7655200119941014    .0
7655200119941015    .0
7655200119941016    .0
7655200119941017    .0
7655200119941018    .0
7655200119941019   7.1
7655200119941020    .0
7655200119941021   9.8
7655200119941022   3.7
7655200119941023  13.7
7655200119941024   2.2
7655200119941025   1.5
7655200119941026   3.0
7655200119941027   1.3
7655200119941028   9.4
7655200119941029   3.3
7655200119941030  12.3
7655200119941031   9.2
7655200119941101    .0
7655200119941102    .2
7655200119941103    .0
7655200119941104  33.0
7655200119941105   8.5
7655200119941106    .0
7655200119941107    .0
7655200119941108    .8
7655200119941109  12.1
7655200119941110    .8
7655200119941111    .1
7655200119941112  11.6
7655200119941113    .0
7655200119941114  15.3
7655200119941115    .0
7655200119941116    .0
7655200119941117   1.1
7655200119941118  15.9
7655200119941119    .0
7655200119941120    .1
7655200119941121   2.6
7655200119941122    .0
7655200119941123    .0
7655200119941124    .0
7655200119941125    .0
7655200119941126    .2
7655200119941127    .0
7655200119941128    .0
7655200119941129    .0
7655200119941130    .0
7655200119941201    .0
7655200119941202    .0
7655200119941203   4.2
7655200119941204   3.8
7655200119941205   2.0
7655200119941206    .0
7655200119941207   9.0
7655200119941208  15.0
7655200119941209   2.4
7655200119941210    .2
7655200119941211    .0
7655200119941212    .0
7655200119941213   3.6
7655200119941214    .0
7655200119941215    .8
7655200119941216    .6
7655200119941217    .2
7655200119941218   5.0
7655200119941219   9.6
7655200119941220    .0
7655200119941221   7.8
7655200119941222    .2
7655200119941223    .0
7655200119941224    .0
7655200119941225   3.4
7655200119941226    .2
7655200119941227  15.8
7655200119941228   8.0
7655200119941229  12.8
7655200119941230   5.2
7655200119941231   3.6
7655200119950101   1.2
7655200119950102    .0
7655200119950103    .0
7655200119950104    .0
7655200119950105   4.0
7655200119950106    .2
7655200119950107    .6
7655200119950108   3.4
7655200119950109    .0
7655200119950110   2.4
7655200119950111    .0
7655200119950112    .0
7655200119950113    .0
7655200119950114    .0
7655200119950115    .0
7655200119950116    .0
7655200119950117   4.4
7655200119950118    .4
7655200119950119  20.0
7655200119950120    .0
7655200119950121   4.6
7655200119950122  11.8
7655200119950123   2.0
7655200119950124  16.6
7655200119950125  17.4
7655200119950126  14.0
7655200119950127  14.4
7655200119950128   4.4
7655200119950129  14.8
7655200119950130   2.6
7655200119950131    .6
7655200119950201  11.6
7655200119950202    .0
7655200119950203   7.6
7655200119950204   2.0
7655200119950205    .8
7655200119950206    .0
7655200119950207   3.0
7655200119950208   1.0
7655200119950209   4.8
7655200119950210   2.2
7655200119950211   3.4
7655200119950212    .2
7655200119950213   3.6
7655200119950214   7.2
7655200119950215   9.8
7655200119950216   7.8
7655200119950217   3.4
7655200119950218   2.4
7655200119950219   5.6
7655200119950220   3.2
7655200119950221   1.2
7655200119950222   3.2
7655200119950223   8.0
7655200119950224  11.0
7655200119950225   1.8
7655200119950226    .0
7655200119950227    .2
7655200119950228    .0
7655200119950301   2.4
7655200119950302   9.0
7655200119950303   3.4
7655200119950304   1.4
7655200119950305   3.6
7655200119950306   4.4
7655200119950307   3.2
7655200119950308   2.6
7655200119950309    .0
7655200119950310    .0
7655200119950311    .0
7655200119950312    .0
7655200119950313    .0
7655200119950314    .6
7655200119950315   4.0
7655200119950316   3.6
7655200119950317   1.4
7655200119950318   5.6
7655200119950319    .0
7655200119950320    .0
7655200119950321    .0
7655200119950322    .0
7655200119950323    .0
7655200119950324    .0
7655200119950325    .0
7655200119950326   3.8
7655200119950327    .6
7655200119950328   5.0
7655200119950329    .0
7655200119950330    .0
7655200119950331    .0
7655200119950401    .0
7655200119950402    .0
7655200119950403    .2
7655200119950404    .0
7655200119950405    .2
7655200119950406    .6
7655200119950407    .0
7655200119950408    .0
7655200119950409    .0
7655200119950410    .0
7655200119950411    .0
7655200119950412    .0
7655200119950413    .0
7655200119950414    .0
7655200119950415    .6
7655200119950416    .0
7655200119950417   4.8
7655200119950418   3.6
7655200119950419    .4
7655200119950420    .4
7655200119950421   1.8
7655200119950422    .2
7655200119950423    .8
7655200119950424  22.4
7655200119950425   2.4
7655200119950426   4.0
7655200119950427    .0
7655200119950428    .0
7655200119950429  11.8
7655200119950430    .0
7655200119950501    .0
7655200119950502    .0
7655200119950503    .0
7655200119950504    .0
7655200119950505    .0
7655200119950506    .0
7655200119950507    .0
7655200119950508    .0
7655200119950509    .0
7655200119950510    .0
7655200119950511   5.0
7655200119950512   7.2
7655200119950513    .0
7655200119950514    .0
7655200119950515    .0
7655200119950516   2.6
7655200119950517    .2
7655200119950518    .2
7655200119950519    .0
7655200119950520    .0
7655200119950521    .0
7655200119950522    .0
7655200119950523    .0
7655200119950524   4.4
7655200119950525   7.0
7655200119950526    .0
7655200119950527    .0
7655200119950528   1.8
7655200119950529   1.4
7655200119950530    .0
7655200119950531    .2
7655200119950601    .0
7655200119950602    .0
7655200119950603   9.0
7655200119950604    .8
7655200119950605    .0
7655200119950606    .0
7655200119950607    .6
7655200119950608   5.8
7655200119950609    .0
7655200119950610   1.4
7655200119950611   4.8
7655200119950612    .0
7655200119950613    .2
7655200119950614    .0
7655200119950615    .0
7655200119950616    .0
7655200119950617   5.2
7655200119950618    .2
7655200119950619    .0
7655200119950620    .0
7655200119950621    .0
7655200119950622    .0
7655200119950623    .0
7655200119950624    .0
7655200119950625    .0
7655200119950626    .0
7655200119950627    .0
7655200119950628    .0
7655200119950629    .0
7655200119950630    .0
7655200119950701   2.6
7655200119950702  12.0
7655200119950703    .0
7655200119950704    .0
7655200119950705    .0
7655200119950706    .0
7655200119950707    .0
7655200119950708    .0
7655200119950709    .0
7655200119950710   1.6
7655200119950711   1.0
7655200119950712    .0
7655200119950713  10.0
7655200119950714   8.6
7655200119950715    .0
7655200119950716    .0
7655200119950717   3.8
7655200119950718    .0
7655200119950719    .0
7655200119950720    .0
7655200119950721    .0
7655200119950722    .0
7655200119950723    .0
7655200119950724    .0
7655200119950725    .0
7655200119950726   1.8
7655200119950727   3.0
7655200119950728   1.2
7655200119950729    .0
7655200119950730    .0
7655200119950731    .0
7655200119950801    .0
7655200119950802    .0
7655200119950803    .0
7655200119950804    .0
7655200119950805   3.4
7655200119950806   1.2
7655200119950807    .2
7655200119950808    .0
7655200119950809    .0
7655200119950810    .0
7655200119950811    .0
7655200119950812   2.0
7655200119950813   1.2
7655200119950814    .0
7655200119950815    .0
7655200119950816    .0
7655200119950817    .0
7655200119950818    .0
7655200119950819    .4
7655200119950820    .0
7655200119950821    .0
7655200119950822    .0
7655200119950823   7.4
7655200119950824    .2
7655200119950825    .4
7655200119950826    .0
7655200119950827    .0
7655200119950828    .0
7655200119950829   1.6
7655200119950830   2.0
7655200119950831   1.0
7655200119950901    .0
7655200119950902  10.0
7655200119950903   4.6
7655200119950904    .0
7655200119950905    .0
7655200119950906   3.6
7655200119950907   6.8
7655200119950908    .2
7655200119950909   5.4
7655200119950910   1.8
7655200119950911    .0
7655200119950912   2.4
7655200119950913    .0
7655200119950914  10.2
7655200119950915  14.2
7655200119950916  14.8
7655200119950917  14.0
7655200119950918  12.6
7655200119950919    .0
7655200119950920   1.2
7655200119950921    .0
7655200119950922    .0
7655200119950923    .0
7655200119950924  11.0
7655200119950925    .0
7655200119950926   7.4
7655200119950927   6.0
7655200119950928   1.6
7655200119950929    .0
7655200119950930    .8
7655200119951001    .0
7655200119951002    .2
7655200119951003    .2
7655200119951004   1.4
7655200119951005    .0
7655200119951006    .0
7655200119951007    .0
7655200119951008    .0
7655200119951009    .0
7655200119951010    .0
7655200119951011    .0
7655200119951012    .0
7655200119951013    .0
7655200119951014    .0
7655200119951015    .0
7655200119951016    .0
7655200119951017    .0
7655200119951018    .0
7655200119951019    .0
7655200119951020    .2
7655200119951021    .0
7655200119951022    .0
7655200119951023    .0
7655200119951024   1.0
7655200119951025    .0
7655200119951026   3.0
7655200119951027   1.0
7655200119951028    .0
7655200119951029    .0
7655200119951030    .0
7655200119951031    .0
7655200119951101    .0
7655200119951102    .0
7655200119951103    .0
7655200119951104    .0
7655200119951105    .0
7655200119951106    .0
7655200119951107    .0
7655200119951108    .0
7655200119951109    .0
7655200119951110    .2
7655200119951111    .0
7655200119951112   6.0
7655200119951113    .2
7655200119951114   3.0
7655200119951115    .6
7655200119951116   4.4
7655200119951117    .0
7655200119951118    .0
7655200119951119    .0
7655200119951120    .0
7655200119951121    .4
7655200119951122    .0
7655200119951123    .0
7655200119951124    .0
7655200119951125   6.0
7655200119951126   1.0
7655200119951127    .0
7655200119951128    .0
7655200119951129    .0
7655200119951130    .2
7655200119951201   2.2
7655200119951202    .0
7655200119951203   7.8
7655200119951204    .2
7655200119951205    .0
7655200119951206    .0
7655200119951207    .0
7655200119951208    .0
7655200119951209    .0
7655200119951210    .0
7655200119951211    .0
7655200119951212    .0
7655200119951213    .0
7655200119951214    .0
7655200119951215    .0
7655200119951216   1.4
7655200119951217    .2
7655200119951218    .0
7655200119951219   8.4
7655200119951220   7.4
7655200119951221   8.2
7655200119951222   2.4
7655200119951223   6.4
7655200119951224   1.0
7655200119951225    .2
7655200119951226   2.0
7655200119951227    .0
7655200119951228    .0
7655200119951229    .0
7655200119951230   2.6
7655200119951231    .0
7655200119960101    .0
7655200119960102    .0
7655200119960103    .0
7655200119960104    .2
7655200119960105   1.8
7655200119960106   3.6
7655200119960107    .0
7655200119960108   3.4
7655200119960109    .0
7655200119960110    .0
7655200119960111   1.8
7655200119960112    .0
7655200119960113    .0
7655200119960114    .0
7655200119960115    .0
7655200119960116    .0
7655200119960117    .0
7655200119960118    .0
7655200119960119    .0
7655200119960120    .0
7655200119960121    .0
7655200119960122   1.0
7655200119960123   2.4
7655200119960124    .0
7655200119960125    .0
7655200119960126    .0
7655200119960127    .0
7655200119960128    .0
7655200119960129    .0
7655200119960130    .0
7655200119960131    .0
7655200119960201    .0
7655200119960202    .0
7655200119960203    .4
7655200119960204    .0
7655200119960205    .0
7655200119960206   1.4
7655200119960207   3.4
7655200119960208    .0
7655200119960209   1.4
7655200119960210    .0
7655200119960211   6.2
7655200119960212   9.2
7655200119960213   1.0
7655200119960214    .2
7655200119960215    .0
7655200119960216    .0
7655200119960217   3.8
7655200119960218   6.4
7655200119960219    .2
7655200119960220   1.2
7655200119960221    .0
7655200119960222   2.6
7655200119960223    .2
7655200119960224  10.8
7655200119960225   4.4
7655200119960226    .0
7655200119960227    .0
7655200119960228    .0
7655200119960229    .0
7655200119960301    .0
7655200119960302    .0
7655200119960303    .0
7655200119960304    .0
7655200119960305    .0
7655200119960306    .0
7655200119960307   1.0
7655200119960308    .8
7655200119960309    .0
7655200119960310    .0
7655200119960311    .0
7655200119960312    .0
7655200119960313    .0
7655200119960314    .0
7655200119960315    .0
7655200119960316    .0
7655200119960317    .0
7655200119960318    .0
7655200119960319    .0
7655200119960320   7.2
7655200119960321    .0
7655200119960322   6.8
7655200119960323    .0
7655200119960324    .2
7655200119960325   1.6
7655200119960326    .2
7655200119960327    .0
7655200119960328    .0
7655200119960329    .0
7655200119960330    .0
7655200119960331    .0
7655200119960401    .0
7655200119960402    .0
7655200119960403    .0
7655200119960404    .0
7655200119960405    .0
7655200119960406    .0
7655200119960407    .0
7655200119960408    .0
7655200119960409    .0
7655200119960410   1.2
7655200119960411    .0
7655200119960412   4.4
7655200119960413    .0
7655200119960414    .0
7655200119960415    .0
7655200119960416   1.2
7655200119960417    .0
7655200119960418    .0
7655200119960419    .0
7655200119960420    .0
7655200119960421    .0
7655200119960422   5.2
7655200119960423    .6
7655200119960424    .0
7655200119960425    .0
7655200119960426    .0
7655200119960427    .0
7655200119960428    .0
7655200119960429    .0
7655200119960430    .0
7655200119960501   4.6
7655200119960502   3.6
7655200119960503    .0
7655200119960504    .0
7655200119960505    .0
7655200119960506   1.8
7655200119960507    .0
7655200119960508   1.4
7655200119960509    .0
7655200119960510    .0
7655200119960511    .8
7655200119960512    .0
7655200119960513    .0
7655200119960514    .0
7655200119960515    .0
7655200119960516  17.8
7655200119960517  12.4
7655200119960518  11.6
7655200119960519   1.0
7655200119960520   2.0
7655200119960521    .0
7655200119960522   7.4
7655200119960523    .0
7655200119960524   5.2
7655200119960525   2.0
7655200119960526   3.0
7655200119960527    .0
7655200119960528    .0
7655200119960529    .0
7655200119960530    .0
7655200119960531    .0
7655200119960601    .6
7655200119960602    .0
7655200119960603    .0
7655200119960604    .0
7655200119960605    .0
7655200119960606    .0
7655200119960607    .0
7655200119960608    .2
7655200119960609    .0
7655200119960610    .0
7655200119960611    .0
7655200119960612    .0
7655200119960613    .0
7655200119960614    .0
7655200119960615    .0
7655200119960616    .0
7655200119960617    .0
7655200119960618    .0
7655200119960619   1.2
7655200119960620    .2
7655200119960621    .0
7655200119960622    .0
7655200119960623    .0
7655200119960624    .0
7655200119960625    .0
7655200119960626    .0
7655200119960627    .0
7655200119960628   1.6
7655200119960629    .0
7655200119960630    .8
7655200119960701    .0
7655200119960702    .0
7655200119960703   5.6
7655200119960704    .0
7655200119960705    .2
7655200119960706    .0
7655200119960707    .0
7655200119960708    .0
7655200119960709    .0
7655200119960710    .0
7655200119960711    .0
7655200119960712    .0
7655200119960713    .0
7655200119960714    .0
7655200119960715    .0
7655200119960716    .0
7655200119960717    .0
7655200119960718    .0
7655200119960719    .0
7655200119960720    .0
7655200119960721    .0
7655200119960722    .0
7655200119960723    .0
7655200119960724    .0
7655200119960725    .0
7655200119960726    .0
7655200119960727    .0
7655200119960728    .0
7655200119960729    .0
7655200119960730    .0
7655200119960731    .0
7655200119960801    .0
7655200119960802    .0
7655200119960803    .0
7655200119960804    .0
7655200119960805    .0
7655200119960806    .0
7655200119960807    .0
7655200119960808    .0
7655200119960809    .0
7655200119960810    .2
7655200119960811   8.6
7655200119960812   4.8
7655200119960813    .0
7655200119960814    .0
7655200119960815    .0
7655200119960816    .0
7655200119960817    .0
7655200119960818    .0
7655200119960819    .0
7655200119960820    .2
7655200119960821    .0
7655200119960822    .0
7655200119960823   1.4
7655200119960824   1.0
7655200119960825    .4
7655200119960826    .2
7655200119960827    .6
7655200119960828    .2
7655200119960829    .0
7655200119960830    .0
7655200119960831    .0
7655200119960901    .0
7655200119960902    .0
7655200119960903    .0
7655200119960904    .0
7655200119960905    .0
7655200119960906    .0
7655200119960907    .0
7655200119960908   1.6
7655200119960909    .2
7655200119960910    .2
7655200119960911    .0
7655200119960912    .0
7655200119960913    .0
7655200119960914    .0
7655200119960915    .0
7655200119960916    .0
7655200119960917    .0
7655200119960918    .0
7655200119960919  11.2
7655200119960920    .0
7655200119960921    .0
7655200119960922    .2
7655200119960923    .8
7655200119960924    .0
7655200119960925    .6
7655200119960926   1.4
7655200119960927   2.4
7655200119960928    .0
7655200119960929    .0
7655200119960930  19.4
7655200119961001   1.0
7655200119961002    .0
7655200119961003    .8
7655200119961004  10.4
7655200119961005    .0
7655200119961006   2.0
7655200119961007    .0
7655200119961008   6.2
7655200119961009   3.4
7655200119961010    .0
7655200119961011    .0
7655200119961012    .0
7655200119961013    .0
7655200119961014   5.6
7655200119961015    .0
7655200119961016    .4
7655200119961017    .0
7655200119961018   6.6
7655200119961019    .0
7655200119961020   1.2
7655200119961021    .0
7655200119961022    .0
7655200119961023    .0
7655200119961024    .0
7655200119961025    .8
7655200119961026    .0
7655200119961027    .4
7655200119961028   4.8
7655200119961029    .4
7655200119961030    .0
7655200119961031   3.8
7655200119961101   1.0
7655200119961102    .0
7655200119961103    .2
7655200119961104   9.8
7655200119961105    .4
7655200119961106   1.0
7655200119961107  12.4
7655200119961108   3.4
7655200119961109   2.6
7655200119961110   2.8
7655200119961111   7.4
7655200119961112   6.8
7655200119961113    .0
7655200119961114    .0
7655200119961115    .0
7655200119961116    .0
7655200119961117   6.4
7655200119961118    .2
7655200119961119   8.8
7655200119961120   8.0
7655200119961121    .0
7655200119961122   3.4
7655200119961123   7.6
7655200119961124   7.0
7655200119961125   6.0
7655200119961126    .0
7655200119961127    .0
7655200119961128   5.4
7655200119961129   8.8
7655200119961130    .2
7655200119961201   2.6
7655200119961202   5.4
7655200119961203  18.0
7655200119961204    .0
7655200119961205    .0
7655200119961206    .8
7655200119961207    .2
7655200119961208    .2
7655200119961209    .0
7655200119961210    .0
7655200119961211    .0
7655200119961212   3.4
7655200119961213    .0
7655200119961214    .0
7655200119961215    .0
7655200119961216   2.2
7655200119961217   6.0
7655200119961218   5.4
7655200119961219   6.0
7655200119961220   1.0
7655200119961221    .0
7655200119961222   7.2
7655200119961223   2.8
7655200119961224    .0
7655200119961225    .0
7655200119961226    .0
7655200119961227    .4
7655200119961228    .0
7655200119961229    .8
7655200119961230    .0
7655200119961231    .8
7655200119970101    .0
7655200119970102    .0
7655200119970103    .0
7655200119970104    .0
7655200119970105    .0
7655200119970106    .0
7655200119970107    .0
7655200119970108   3.2
7655200119970109   1.8
7655200119970110    .0
7655200119970111    .0
7655200119970112    .0
7655200119970113    .0
7655200119970114    .0
7655200119970115    .0
7655200119970116    .0
7655200119970117    .6
7655200119970118    .8
7655200119970119    .0
7655200119970120    .0
7655200119970121   1.0
7655200119970122    .0
7655200119970123    .8
7655200119970124    .0
7655200119970125    .0
7655200119970126    .0
7655200119970127    .2
7655200119970128    .0
7655200119970129    .0
7655200119970130    .0
7655200119970131    .0
7655200119970201    .2
7655200119970202   1.2
7655200119970203    .0
7655200119970204  14.6
7655200119970205    .0
7655200119970206    .0
7655200119970207    .0
7655200119970208    .0
7655200119970209    .0
7655200119970210   4.2
7655200119970211   8.2
7655200119970212   9.4
7655200119970213    .4
7655200119970214  12.4
7655200119970215    .0
7655200119970216   2.4
7655200119970217   8.4
7655200119970218   1.2
7655200119970219    .2
7655200119970220    .2
7655200119970221    .0
7655200119970222    .0
7655200119970223   2.6
7655200119970224   3.2
7655200119970225    .2
7655200119970226    .8
7655200119970227    .0
7655200119970228    .4
7655200119970301    .2
7655200119970302   2.0
7655200119970303   1.8
7655200119970304   1.8
7655200119970305   1.2
7655200119970306    .0
7655200119970307    .0
7655200119970308    .0
7655200119970309    .0
7655200119970310    .0
7655200119970311    .0
7655200119970312    .0
7655200119970313    .0
7655200119970314    .2
7655200119970315    .2
7655200119970316    .0
7655200119970317    .0
7655200119970318    .2
7655200119970319    .0
7655200119970320    .0
7655200119970321    .0
7655200119970322    .0
7655200119970323    .0
7655200119970324   1.2
7655200119970325    .0
7655200119970326    .6
7655200119970327    .0
7655200119970328    .0
7655200119970329    .0
7655200119970330    .0
7655200119970331    .0
7655200119970401    .0
7655200119970402    .0
7655200119970403    .2
7655200119970404    .0
7655200119970405    .0
7655200119970406    .0
7655200119970407    .0
7655200119970408    .0
7655200119970409    .0
7655200119970410    .0
7655200119970411    .0
7655200119970412    .0
7655200119970413    .0
7655200119970414    .0
7655200119970415    .0
7655200119970416    .0
7655200119970417    .0
7655200119970418    .0
7655200119970419    .0
7655200119970420    .0
7655200119970421    .0
7655200119970422    .0
7655200119970423    .0
7655200119970424    .0
7655200119970425   7.0
7655200119970426   5.4
7655200119970427   1.2
7655200119970428    .8
7655200119970429    .0
7655200119970430    .0
7655200119970501    .0
7655200119970502    .0
7655200119970503    .0
7655200119970504    .8
7655200119970505   7.0
7655200119970506   8.2
7655200119970507   1.8
7655200119970508   5.6
7655200119970509    .6
7655200119970510   5.0
7655200119970511   1.4
7655200119970512   1.4
7655200119970513    .0
7655200119970514    .0
7655200119970515    .4
7655200119970516    .0
7655200119970517   6.2
7655200119970518    .0
7655200119970519   4.0
7655200119970520  17.6
7655200119970521   1.0
7655200119970522    .6
7655200119970523    .0
7655200119970524    .0
7655200119970525    .0
7655200119970526    .0
7655200119970527    .0
7655200119970528    .0
7655200119970529    .0
7655200119970530    .0
7655200119970531    .0
7655200119970601   9.2
7655200119970602    .8
7655200119970603    .0
7655200119970604    .0
7655200119970605    .0
7655200119970606  10.6
7655200119970607    .8
7655200119970608   4.6
7655200119970609    .0
7655200119970610   5.2
7655200119970611   3.2
7655200119970612   3.8
7655200119970613   4.8
7655200119970614    .0
7655200119970615    .0
7655200119970616   3.4
7655200119970617    .2
7655200119970618    .2
7655200119970619   4.2
7655200119970620   2.4
7655200119970621   1.8
7655200119970622    .0
7655200119970623    .0
7655200119970624    .0
7655200119970625  16.2
7655200119970626  26.4
7655200119970627  13.8
7655200119970628    .0
7655200119970629  12.2
7655200119970630   2.0
7655200119970701    .8
7655200119970702   5.2
7655200119970703    .0
7655200119970704    .2
7655200119970705    .0
7655200119970706    .0
7655200119970707    .0
7655200119970708    .0
7655200119970709    .0
7655200119970710    .0
7655200119970711    .0
7655200119970712    .0
7655200119970713    .0
7655200119970714    .0
7655200119970715    .2
7655200119970716    .0
7655200119970717    .0
7655200119970718    .6
7655200119970719    .0
7655200119970720    .0
7655200119970721    .0
7655200119970722    .0
7655200119970723    .0
7655200119970724    .4
7655200119970725   1.6
7655200119970726    .6
7655200119970727    .0
7655200119970728    .0
7655200119970729    .0
7655200119970730    .4
7655200119970731    .0
7655200119970801    .0
7655200119970802    .0
7655200119970803    .0
7655200119970804   1.0
7655200119970805  20.0
7655200119970806   7.4
7655200119970807    .2
7655200119970808    .2
7655200119970809    .0
7655200119970810    .0
7655200119970811    .0
7655200119970812   2.6
7655200119970813    .2
7655200119970814    .0
7655200119970815    .0
7655200119970816    .0
7655200119970817    .0
7655200119970818    .2
7655200119970819    .0
7655200119970820    .0
7655200119970821    .0
7655200119970822    .0
7655200119970823    .2
7655200119970824   8.4
7655200119970825  26.6
7655200119970826    .2
7655200119970827  17.0
7655200119970828   7.0
7655200119970829   8.2
7655200119970830   1.6
7655200119970831    .0
7655200119970901    .0
7655200119970902    .0
7655200119970903    .0
7655200119970904   1.0
7655200119970905    .0
7655200119970906    .0
7655200119970907    .2
7655200119970908    .0
7655200119970909    .0
7655200119970910    .0
7655200119970911    .0
7655200119970912   1.6
7655200119970913  10.4
7655200119970914    .0
7655200119970915    .0
7655200119970916    .0
7655200119970917    .0
7655200119970918    .0
7655200119970919    .0
7655200119970920    .0
7655200119970921    .0
7655200119970922    .0
7655200119970923    .0
7655200119970924    .0
7655200119970925    .0
7655200119970926    .0
7655200119970927    .0
7655200119970928    .2
7655200119970929    .2
7655200119970930    .4
7655200119971001    .0
7655200119971002    .0
7655200119971003    .0
7655200119971004    .0
7655200119971005    .0
7655200119971006   9.0
7655200119971007   1.2
7655200119971008  20.0
7655200119971009   9.8
7655200119971010   3.4
7655200119971011  12.0
7655200119971012   1.2
7655200119971013   3.8
7655200119971014   2.0
7655200119971015  10.0
7655200119971016    .0
7655200119971017    .0
7655200119971018    .0
7655200119971019    .0
7655200119971020   9.0
7655200119971021    .0
7655200119971022    .0
7655200119971023    .0
7655200119971024    .0
7655200119971025    .0
7655200119971026    .0
7655200119971027    .0
7655200119971028    .0
7655200119971029    .0
7655200119971030    .0
7655200119971031    .0
7655200119971101    .0
7655200119971102    .0
7655200119971103    .0
7655200119971104   1.6
7655200119971105   8.4
7655200119971106   1.6
7655200119971107    .8
7655200119971108  14.2
7655200119971109    .8
7655200119971110   1.6
7655200119971111    .6
7655200119971112    .0
7655200119971113    .2
7655200119971114    .8
7655200119971115    .4
7655200119971116    .2
7655200119971117    .0
7655200119971118   3.6
7655200119971119   9.6
7655200119971120   4.0
7655200119971121    .0
7655200119971122    .2
7655200119971123   1.2
7655200119971124    .8
7655200119971125    .0
7655200119971126   2.0
7655200119971127  11.0
7655200119971128   4.2
7655200119971129  10.4
7655200119971130    .6
7655200119971201  29.2
7655200119971202  16.0
7655200119971203  11.2
7655200119971204    .8
7655200119971205    .0
7655200119971206    .0
7655200119971207   2.4
7655200119971208    .0
7655200119971209   3.4
7655200119971210   8.6
7655200119971211    .2
7655200119971212    .0
7655200119971213    .0
7655200119971214    .0
7655200119971215    .0
7655200119971216   2.4
7655200119971217   1.6
7655200119971218   5.2
7655200119971219    .0
7655200119971220    .0
7655200119971221    .0
7655200119971222   2.0
7655200119971223   3.2
7655200119971224   4.8
7655200119971225   5.4
7655200119971226   3.4
7655200119971227  10.8
7655200119971228   1.6
7655200119971229   1.8
7655200119971230   4.4
7655200119971231    .0
7655200119980101   7.2
7655200119980102  11.4
7655200119980103   9.0
7655200119980104  12.6
7655200119980105   7.2
7655200119980106   2.8
7655200119980107   1.8
7655200119980108    .0
7655200119980109    .0
7655200119980110    .0
7655200119980111    .0
7655200119980112    .0
7655200119980113   3.8
7655200119980114   2.8
7655200119980115  10.6
7655200119980116   1.6
7655200119980117   1.0
7655200119980118  13.0
7655200119980119   2.0
7655200119980120    .0
7655200119980121    .0
7655200119980122    .0
7655200119980123    .0
7655200119980124    .0
7655200119980125    .0
7655200119980126    .0
7655200119980127    .0
7655200119980128    .0
7655200119980129    .0
7655200119980130    .0
7655200119980131    .2
7655200119980201    .0
7655200119980202    .0
7655200119980203    .0
7655200119980204    .2
7655200119980205    .0
7655200119980206    .6
7655200119980207   2.2
7655200119980208    .0
7655200119980209    .0
7655200119980210    .0
7655200119980211    .0
7655200119980212    .0
7655200119980213    .0
7655200119980214    .0
7655200119980215    .0
7655200119980216    .0
7655200119980217    .0
7655200119980218    .0
7655200119980219    .0
7655200119980220    .0
7655200119980221   9.8
7655200119980222    .0
7655200119980223    .2
7655200119980224    .2
7655200119980225    .0
7655200119980226    .0
7655200119980227   2.8
7655200119980228   1.0
7655200119980301    .2
7655200119980302    .0
7655200119980303   1.0
7655200119980304  15.8
7655200119980305    .2
7655200119980306   3.4
7655200119980307    .2
7655200119980308    .0
7655200119980309    .0
7655200119980310   2.0
7655200119980311   1.6
7655200119980312    .4
7655200119980313   1.0
7655200119980314    .0
7655200119980315    .0
7655200119980316    .0
7655200119980317    .0
7655200119980318    .0
7655200119980319    .0
7655200119980320    .0
7655200119980321    .0
7655200119980322    .0
7655200119980323    .0
7655200119980324    .0
7655200119980325   1.2
7655200119980326   5.6
7655200119980327    .0
7655200119980328    .0
7655200119980329    .0
7655200119980330    .0
7655200119980331    .8
7655200119980401  10.4
7655200119980402   7.0
7655200119980403   1.8
7655200119980404   4.6
7655200119980405   1.6
7655200119980406    .0
7655200119980407   3.8
7655200119980408   2.8
7655200119980409   2.2
7655200119980410   5.2
7655200119980411  16.0
7655200119980412   1.4
7655200119980413    .6
7655200119980414   9.6
7655200119980415   3.6
7655200119980416   4.6
7655200119980417   4.4
7655200119980418    .8
7655200119980419   1.0
7655200119980420    .4
7655200119980421    .0
7655200119980422    .0
7655200119980423   4.0
7655200119980424   1.0
7655200119980425  10.6
7655200119980426   1.6
7655200119980427    .0
7655200119980428    .6
7655200119980429   1.2
7655200119980430    .4
7655200119980501   1.0
7655200119980502   2.0
7655200119980503    .4
7655200119980504    .0
7655200119980505    .2
7655200119980506    .4
7655200119980507    .0
7655200119980508    .0
7655200119980509    .0
7655200119980510    .0
7655200119980511    .0
7655200119980512    .0
7655200119980513   4.4
7655200119980514    .0
7655200119980515    .0
7655200119980516    .0
7655200119980517    .0
7655200119980518    .0
7655200119980519    .0
7655200119980520    .0
7655200119980521    .0
7655200119980522    .0
7655200119980523    .0
7655200119980524    .0
7655200119980525    .0
7655200119980526    .8
7655200119980527   2.2
7655200119980528  17.8
7655200119980529    .0
7655200119980530   8.4
7655200119980531    .0
7655200119980601   5.6
7655200119980602   4.2
7655200119980603   2.2
7655200119980604    .6
7655200119980605   6.0
7655200119980606   2.8
7655200119980607    .0
7655200119980608   2.2
7655200119980609   5.4
7655200119980610   8.6
7655200119980611   1.4
7655200119980612    .0
7655200119980613   6.8
7655200119980614    .6
7655200119980615    .0
7655200119980616    .0
7655200119980617    .0
7655200119980618    .0
7655200119980619    .0
7655200119980620    .0
7655200119980621    .0
7655200119980622    .0
7655200119980623    .0
7655200119980624   1.4
7655200119980625    .0
7655200119980626    .2
7655200119980627   3.2
7655200119980628    .0
7655200119980629   1.8
7655200119980630   2.2
7655200119980701    .2
7655200119980702    .0
7655200119980703    .0
7655200119980704    .0
7655200119980705    .0
7655200119980706    .2
7655200119980707    .0
7655200119980708    .0
7655200119980709   1.6
7655200119980710    .2
7655200119980711   2.8
7655200119980712   3.0
7655200119980713    .0
7655200119980714    .0
7655200119980715  12.2
7655200119980716   2.6
7655200119980717    .8
7655200119980718    .0
7655200119980719    .0
7655200119980720    .2
7655200119980721   5.6
7655200119980722    .2
7655200119980723    .4
7655200119980724    .0
7655200119980725    .2
7655200119980726    .0
7655200119980727    .0
7655200119980728    .0
7655200119980729    .2
7655200119980730    .0
7655200119980731    .0
7655200119980801    .0
7655200119980802   6.6
7655200119980803   2.0
7655200119980804    .0
7655200119980805    .0
7655200119980806    .0
7655200119980807    .0
7655200119980808    .0
7655200119980809    .0
7655200119980810    .0
7655200119980811    .0
7655200119980812    .0
7655200119980813    .0
7655200119980814    .0
7655200119980815    .0
7655200119980816    .0
7655200119980817    .2
7655200119980818    .0
7655200119980819    .0
7655200119980820   1.6
7655200119980821    .2
7655200119980822   2.4
7655200119980823   7.6
7655200119980824   2.2
7655200119980825    .0
7655200119980826    .4
7655200119980827    .0
7655200119980828    .0
7655200119980829    .0
7655200119980830    .0
7655200119980831    .0
7655200119980901   2.4
7655200119980902  32.2
7655200119980903    .2
7655200119980904   9.8
7655200119980905    .6
7655200119980906    .0
7655200119980907    .4
7655200119980908  11.8
7655200119980909   6.0
7655200119980910   5.2
7655200119980911  11.4
7655200119980912  24.6
7655200119980913  12.6
7655200119980914    .8
7655200119980915   2.8
7655200119980916    .8
7655200119980917    .0
7655200119980918    .0
7655200119980919    .0
7655200119980920    .0
7655200119980921    .0
7655200119980922    .0
7655200119980923    .0
7655200119980924   4.0
7655200119980925   2.2
7655200119980926   4.6
7655200119980927   2.4
7655200119980928   7.2
7655200119980929   2.8
7655200119980930   2.0
7655200119981001    .0
7655200119981002    .0
7655200119981003   7.4
7655200119981004   8.0
7655200119981005    .0
7655200119981006    .0
7655200119981007    .2
7655200119981008  12.8
7655200119981009   8.4
7655200119981010    .0
7655200119981011   3.2
7655200119981012    .0
7655200119981013   1.0
7655200119981014    .2
7655200119981015    .0
7655200119981016    .0
7655200119981017   6.6
7655200119981018    .0
7655200119981019   6.2
7655200119981020    .2
7655200119981021   1.8
7655200119981022   1.0
7655200119981023  12.0
7655200119981024  27.6
7655200119981025   4.8
7655200119981026   3.2
7655200119981027    .4
7655200119981028   7.0
7655200119981029   5.4
7655200119981030  17.0
7655200119981031  19.4
7655200119981101    .2
7655200119981102   3.4
7655200119981103   4.6
7655200119981104    .0
7655200119981105   1.8
7655200119981106   1.2
7655200119981107    .0
7655200119981108   1.4
7655200119981109   1.0
7655200119981110    .0
7655200119981111   3.0
7655200119981112   7.0
7655200119981113   6.4
7655200119981114   4.0
7655200119981115   4.2
7655200119981116    .0
7655200119981117    .0
7655200119981118    .0
7655200119981119    .0
7655200119981120    .0
7655200119981121    .0
7655200119981122    .0
7655200119981123    .0
7655200119981124   6.6
7655200119981125   5.6
7655200119981126    .0
7655200119981127   3.0
7655200119981128   4.2
7655200119981129    .0
7655200119981130    .2
7655200119981201    .0
7655200119981202    .0
7655200119981203    .0
7655200119981204   2.8
7655200119981205   1.8
7655200119981206    .0
7655200119981207    .4
7655200119981208  25.6
7655200119981209   5.6
7655200119981210   6.2
7655200119981211   2.8
7655200119981212   1.6
7655200119981213    .0
7655200119981214    .0
7655200119981215    .8
7655200119981216    .0
7655200119981217    .6
7655200119981218   2.6
7655200119981219   9.0
7655200119981220    .4
7655200119981221    .0
7655200119981222    .0
7655200119981223   3.0
7655200119981224   3.6
7655200119981225   1.6
7655200119981226  11.2
7655200119981227  17.4
7655200119981228    .2
7655200119981229    .0
7655200119981230   3.4
7655200119981231    .0
