7862100119940101  10.6
7862100119940102    .0
7862100119940103  12.2
7862100119940104   2.4
7862100119940105  11.6
7862100119940106   2.0
7862100119940107    .0
7862100119940108    .6
7862100119940109    .8
7862100119940110   7.0
7862100119940111   8.0
7862100119940112   9.6
7862100119940113    .0
7862100119940114    .0
7862100119940115   7.0
7862100119940116   1.2
7862100119940117    .0
7862100119940118    .0
7862100119940119   2.0
7862100119940120    .0
7862100119940121    .6
7862100119940122   1.6
7862100119940123   1.2
7862100119940124   5.6
7862100119940125   1.2
7862100119940126    .0
7862100119940127   1.2
7862100119940128    .0
7862100119940129    .0
7862100119940130    .4
7862100119940131    .0
7862100119940201    .6
7862100119940202  16.0
7862100119940203   9.4
7862100119940204   2.4
7862100119940205    .0
7862100119940206    .2
7862100119940207   4.0
7862100119940208   3.0
7862100119940209    .8
7862100119940210    .0
7862100119940211   2.0
7862100119940212    .0
7862100119940213    .0
7862100119940214   1.2
7862100119940215    .6
7862100119940216    .0
7862100119940217    .0
7862100119940218    .0
7862100119940219   2.4
7862100119940220   9.0
7862100119940221    .0
7862100119940222    .4
7862100119940223   8.2
7862100119940224   1.6
7862100119940225    .0
7862100119940226    .0
7862100119940227   2.8
7862100119940228   1.8
7862100119940301    .8
7862100119940302   6.8
7862100119940303    .2
7862100119940304    .0
7862100119940305    .0
7862100119940306    .0
7862100119940307   2.2
7862100119940308    .2
7862100119940309    .0
7862100119940310    .0
7862100119940311    .2
7862100119940312   1.4
7862100119940313    .8
7862100119940314    .0
7862100119940315   1.0
7862100119940316    .0
7862100119940317    .8
7862100119940318    .4
7862100119940319  11.6
7862100119940320   3.6
7862100119940321   2.6
7862100119940322   1.0
7862100119940323    .2
7862100119940324    .0
7862100119940325    .6
7862100119940326    .0
7862100119940327    .0
7862100119940328    .2
7862100119940329    .0
7862100119940330   5.2
7862100119940331   4.0
7862100119940401   4.0
7862100119940402   4.4
7862100119940403  10.0
7862100119940404   2.2
7862100119940405   5.2
7862100119940406    .6
7862100119940407   6.6
7862100119940408  10.4
7862100119940409   9.6
7862100119940410   1.6
7862100119940411    .0
7862100119940412    .0
7862100119940413    .2
7862100119940414   2.0
7862100119940415    .2
7862100119940416    .0
7862100119940417    .0
7862100119940418    .0
7862100119940419    .0
7862100119940420    .0
7862100119940421    .0
7862100119940422    .0
7862100119940423   1.6
7862100119940424   3.8
7862100119940425    .8
7862100119940426   1.2
7862100119940427    .0
7862100119940428    .0
7862100119940429    .0
7862100119940430    .0
7862100119940501    .0
7862100119940502    .0
7862100119940503    .0
7862100119940504   2.0
7862100119940505   3.0
7862100119940506    .0
7862100119940507   5.4
7862100119940508    .0
7862100119940509    .0
7862100119940510    .0
7862100119940511   1.4
7862100119940512    .0
7862100119940513    .4
7862100119940514  12.2
7862100119940515  10.4
7862100119940516   5.6
7862100119940517    .0
7862100119940518    .8
7862100119940519    .0
7862100119940520  12.6
7862100119940521   2.8
7862100119940522    .0
7862100119940523    .8
7862100119940524   8.0
7862100119940525   6.8
7862100119940526   8.6
7862100119940527    .0
7862100119940528    .0
7862100119940529    .0
7862100119940530    .0
7862100119940531    .0
7862100119940601  11.2
7862100119940602   6.8
7862100119940603   1.0
7862100119940604  12.0
7862100119940605   1.6
7862100119940606   1.8
7862100119940607    .0
7862100119940608    .0
7862100119940609    .0
7862100119940610    .0
7862100119940611    .8
7862100119940612    .0
7862100119940613    .0
7862100119940614    .0
7862100119940615    .0
7862100119940616    .0
7862100119940617    .0
7862100119940618    .0
7862100119940619    .0
7862100119940620    .0
7862100119940621    .0
7862100119940622    .0
7862100119940623    .0
7862100119940624   2.4
7862100119940625   5.4
7862100119940626    .0
7862100119940627    .0
7862100119940628    .0
7862100119940629    .0
7862100119940630    .0
7862100119940701    .0
7862100119940702    .0
7862100119940703    .0
7862100119940704    .0
7862100119940705    .0
7862100119940706    .0
7862100119940707   3.6
7862100119940708    .4
7862100119940709    .0
7862100119940710    .0
7862100119940711    .0
7862100119940712    .0
7862100119940713    .0
7862100119940714    .0
7862100119940715    .0
7862100119940716    .4
7862100119940717  29.6
7862100119940718    .0
7862100119940719   9.8
7862100119940720    .0
7862100119940721    .0
7862100119940722    .0
7862100119940723    .0
7862100119940724    .4
7862100119940725    .0
7862100119940726    .0
7862100119940727  20.4
7862100119940728    .2
7862100119940729    .0
7862100119940730    .2
7862100119940731    .4
7862100119940801    .0
7862100119940802    .0
7862100119940803    .0
7862100119940804    .0
7862100119940805   5.2
7862100119940806    .0
7862100119940807  15.2
7862100119940808    .0
7862100119940809  20.8
7862100119940810   7.1
7862100119940811   2.2
7862100119940812    .6
7862100119940813    .0
7862100119940814    .0
7862100119940815    .0
7862100119940816    .0
7862100119940817   5.0
7862100119940818    .0
7862100119940819    .0
7862100119940820    .0
7862100119940821    .0
7862100119940822    .0
7862100119940823    .2
7862100119940824    .2
7862100119940825    .2
7862100119940826    .2
7862100119940827    .6
7862100119940828    .0
7862100119940829    .0
7862100119940830    .0
7862100119940831   4.6
7862100119940901    .0
7862100119940902    .0
7862100119940903   1.0
7862100119940904    .0
7862100119940905    .2
7862100119940906  19.4
7862100119940907    .0
7862100119940908   1.8
7862100119940909   8.4
7862100119940910   1.8
7862100119940911   3.6
7862100119940912    .6
7862100119940913    .0
7862100119940914   1.8
7862100119940915   3.8
7862100119940916    .2
7862100119940917    .0
7862100119940918    .0
7862100119940919   8.4
7862100119940920   8.8
7862100119940921    .0
7862100119940922    .2
7862100119940923    .7
7862100119940924    .0
7862100119940925   3.8
7862100119940926    .2
7862100119940927    .0
7862100119940928    .0
7862100119940929    .0
7862100119940930    .0
7862100119941001    .0
7862100119941002   2.2
7862100119941003   1.0
7862100119941004    .0
7862100119941005    .0
7862100119941006    .0
7862100119941007    .0
7862100119941008    .0
7862100119941009    .0
7862100119941010    .0
7862100119941011    .0
7862100119941012    .0
7862100119941013    .0
7862100119941014    .0
7862100119941015    .0
7862100119941016    .0
7862100119941017    .0
7862100119941018    .0
7862100119941019   7.6
7862100119941020    .0
7862100119941021   5.0
7862100119941022   3.2
7862100119941023   6.6
7862100119941024    .4
7862100119941025   5.2
7862100119941026   3.8
7862100119941027   4.0
7862100119941028   1.2
7862100119941029   5.8
7862100119941030   1.4
7862100119941031    .8
7862100119941101    .0
7862100119941102    .0
7862100119941103    .0
7862100119941104  14.8
7862100119941105   7.0
7862100119941106    .0
7862100119941107    .0
7862100119941108    .0
7862100119941109   6.4
7862100119941110    .2
7862100119941111    .0
7862100119941112   1.8
7862100119941113    .0
7862100119941114   3.0
7862100119941115   1.2
7862100119941116    .0
7862100119941117    .6
7862100119941118  13.0
7862100119941119    .0
7862100119941120    .2
7862100119941121    .4
7862100119941122    .0
7862100119941123    .0
7862100119941124    .0
7862100119941125    .0
7862100119941126    .4
7862100119941127    .8
7862100119941128    .0
7862100119941129    .0
7862100119941130    .0
7862100119941201    .0
7862100119941202    .0
7862100119941203   3.6
7862100119941204   3.2
7862100119941205   1.2
7862100119941206    .0
7862100119941207   5.8
7862100119941208   6.6
7862100119941209   6.6
7862100119941210    .0
7862100119941211    .2
7862100119941212    .0
7862100119941213   2.4
7862100119941214    .0
7862100119941215    .0
7862100119941216    .4
7862100119941217    .2
7862100119941218   1.6
7862100119941219    .2
7862100119941220    .6
7862100119941221   2.0
7862100119941222    .0
7862100119941223    .0
7862100119941224    .0
7862100119941225    .0
7862100119941226   2.8
7862100119941227  10.0
7862100119941228    .8
7862100119941229   5.0
7862100119941230    .0
7862100119941231   1.6
7862100119950101    .6
7862100119950102    .0
7862100119950103    .0
7862100119950104    .0
7862100119950105   6.6
7862100119950106    .0
7862100119950107    .0
7862100119950108   5.6
7862100119950109   1.4
7862100119950110  12.8
7862100119950111    .4
7862100119950112    .8
7862100119950113    .0
7862100119950114    .0
7862100119950115    .0
7862100119950116    .0
7862100119950117   6.6
7862100119950118   1.6
7862100119950119   2.4
7862100119950120   1.6
7862100119950121  37.4
7862100119950122  20.6
7862100119950123    .0
7862100119950124  14.4
7862100119950125   2.4
7862100119950126   7.2
7862100119950127  11.2
7862100119950128    .4
7862100119950129   1.8
7862100119950130   3.0
7862100119950131    .0
7862100119950201  13.0
7862100119950202    .0
7862100119950203   5.2
7862100119950204   3.4
7862100119950205    .8
7862100119950206    .0
7862100119950207    .0
7862100119950208   2.6
7862100119950209   1.6
7862100119950210   4.2
7862100119950211   4.0
7862100119950212    .0
7862100119950213   3.4
7862100119950214   4.0
7862100119950215   3.2
7862100119950216   4.2
7862100119950217   1.0
7862100119950218    .4
7862100119950219   7.0
7862100119950220   4.8
7862100119950221    .2
7862100119950222   1.8
7862100119950223   7.8
7862100119950224   8.2
7862100119950225   4.2
7862100119950226    .2
7862100119950227    .0
7862100119950228    .0
7862100119950301    .2
7862100119950302   7.6
7862100119950303    .6
7862100119950304    .4
7862100119950305   5.8
7862100119950306   1.8
7862100119950307   9.4
7862100119950308   1.4
7862100119950309    .0
7862100119950310    .0
7862100119950311    .0
7862100119950312    .0
7862100119950313    .0
7862100119950314   4.0
7862100119950315   1.6
7862100119950316   2.8
7862100119950317   9.4
7862100119950318  19.2
7862100119950319   1.2
7862100119950320   1.2
7862100119950321    .0
7862100119950322    .0
7862100119950323    .0
7862100119950324    .0
7862100119950325    .0
7862100119950326   1.0
7862100119950327   3.8
7862100119950328   7.4
7862100119950329    .0
7862100119950330    .0
7862100119950331   2.2
7862100119950401    .0
7862100119950402    .0
7862100119950403    .0
7862100119950404    .0
7862100119950405    .0
7862100119950406    .0
7862100119950407    .0
7862100119950408    .0
7862100119950409    .0
7862100119950410    .0
7862100119950411    .0
7862100119950412    .0
7862100119950413    .0
7862100119950414    .0
7862100119950415    .0
7862100119950416    .0
7862100119950417    .8
7862100119950418  13.6
7862100119950419    .0
7862100119950420    .0
7862100119950421   6.8
7862100119950422    .0
7862100119950423  12.6
7862100119950424  11.0
7862100119950425   2.0
7862100119950426   7.6
7862100119950427    .0
7862100119950428    .0
7862100119950429   6.2
7862100119950430    .0
7862100119950501    .0
7862100119950502    .0
7862100119950503    .0
7862100119950504    .0
7862100119950505    .0
7862100119950506    .0
7862100119950507    .0
7862100119950508    .0
7862100119950509    .0
7862100119950510    .0
7862100119950511    .0
7862100119950512  25.4
7862100119950513   8.6
7862100119950514    .0
7862100119950515    .0
7862100119950516  15.2
7862100119950517   6.2
7862100119950518   1.4
7862100119950519    .0
7862100119950520    .0
7862100119950521    .0
7862100119950522    .0
7862100119950523    .0
7862100119950524   1.4
7862100119950525   5.8
7862100119950526    .0
7862100119950527    .0
7862100119950528   5.0
7862100119950529    .0
7862100119950530   3.8
7862100119950531    .0
7862100119950601    .4
7862100119950602    .0
7862100119950603   3.2
7862100119950604   6.2
7862100119950605    .2
7862100119950606    .0
7862100119950607   2.8
7862100119950608    .0
7862100119950609    .0
7862100119950610    .0
7862100119950611    .6
7862100119950612    .4
7862100119950613   2.0
7862100119950614   1.4
7862100119950615    .0
7862100119950616    .0
7862100119950617   3.6
7862100119950618    .2
7862100119950619    .0
7862100119950620    .0
7862100119950621    .0
7862100119950622    .0
7862100119950623    .0
7862100119950624    .0
7862100119950625    .0
7862100119950626    .0
7862100119950627    .0
7862100119950628    .0
7862100119950629    .0
7862100119950630    .0
7862100119950701    .0
7862100119950702  36.4
7862100119950703   1.2
7862100119950704    .0
7862100119950705    .0
7862100119950706    .0
7862100119950707    .0
7862100119950708    .0
7862100119950709    .0
7862100119950710  25.4
7862100119950711    .0
7862100119950712    .0
7862100119950713    .0
7862100119950714   1.0
7862100119950715  10.8
7862100119950716    .0
7862100119950717    .4
7862100119950718    .0
7862100119950719    .0
7862100119950720    .0
7862100119950721    .2
7862100119950722   1.6
7862100119950723    .0
7862100119950724    .0
7862100119950725    .0
7862100119950726   1.4
7862100119950727   3.2
7862100119950728    .0
7862100119950729    .0
7862100119950730    .0
7862100119950731    .0
7862100119950801    .0
7862100119950802    .0
7862100119950803    .0
7862100119950804    .0
7862100119950805   4.0
7862100119950806   9.0
7862100119950807  18.0
7862100119950808    .0
7862100119950809    .0
7862100119950810    .0
7862100119950811    .0
7862100119950812   1.6
7862100119950813    .0
7862100119950814    .0
7862100119950815    .0
7862100119950816    .0
7862100119950817    .0
7862100119950818    .0
7862100119950819    .0
7862100119950820    .0
7862100119950821    .0
7862100119950822    .0
7862100119950823  37.4
7862100119950824    .0
7862100119950825    .2
7862100119950826    .4
7862100119950827    .0
7862100119950828    .0
7862100119950829    .2
7862100119950830    .0
7862100119950831    .4
7862100119950901    .0
7862100119950902   3.8
7862100119950903    .4
7862100119950904    .0
7862100119950905   1.2
7862100119950906   6.2
7862100119950907  14.6
7862100119950908    .0
7862100119950909    .2
7862100119950910   4.2
7862100119950911    .0
7862100119950912    .8
7862100119950913    .0
7862100119950914   2.4
7862100119950915   9.0
7862100119950916   9.8
7862100119950917   2.6
7862100119950918   3.2
7862100119950919    .0
7862100119950920    .0
7862100119950921    .0
7862100119950922    .0
7862100119950923    .2
7862100119950924   9.8
7862100119950925    .0
7862100119950926    .0
7862100119950927   4.8
7862100119950928    .0
7862100119950929    .0
7862100119950930    .4
7862100119951001    .8
7862100119951002   4.2
7862100119951003    .2
7862100119951004   1.4
7862100119951005    .0
7862100119951006    .0
7862100119951007    .0
7862100119951008    .0
7862100119951009    .0
7862100119951010    .0
7862100119951011    .0
7862100119951012    .0
7862100119951013    .0
7862100119951014    .0
7862100119951015   3.6
7862100119951016    .0
7862100119951017    .0
7862100119951018    .0
7862100119951019    .0
7862100119951020    .0
7862100119951021    .0
7862100119951022    .0
7862100119951023    .0
7862100119951024    .6
7862100119951025    .0
7862100119951026    .0
7862100119951027    .8
7862100119951028   2.0
7862100119951029    .4
7862100119951030    .0
7862100119951031    .0
7862100119951101    .0
7862100119951102    .0
7862100119951103    .0
7862100119951104    .0
7862100119951105    .0
7862100119951106    .0
7862100119951107    .0
7862100119951108    .2
7862100119951109    .0
7862100119951110    .6
7862100119951111    .0
7862100119951112   1.4
7862100119951113    .2
7862100119951114   1.8
7862100119951115    .4
7862100119951116   4.0
7862100119951117    .0
7862100119951118    .0
7862100119951119    .0
7862100119951120    .0
7862100119951121    .4
7862100119951122    .0
7862100119951123    .0
7862100119951124    .0
7862100119951125    .8
7862100119951126   4.4
7862100119951127    .0
7862100119951128    .0
7862100119951129    .0
7862100119951130    .0
7862100119951201   1.6
7862100119951202   1.0
7862100119951203   2.4
7862100119951204    .0
7862100119951205   1.6
7862100119951206   3.8
7862100119951207    .0
7862100119951208    .0
7862100119951209    .0
7862100119951210    .0
7862100119951211    .0
7862100119951212    .0
7862100119951213    .0
7862100119951214    .8
7862100119951215    .0
7862100119951216    .8
7862100119951217    .8
7862100119951218    .0
7862100119951219   1.0
7862100119951220   4.4
7862100119951221   8.4
7862100119951222   6.4
7862100119951223   1.4
7862100119951224   4.2
7862100119951225    .0
7862100119951226    .2
7862100119951227    .0
7862100119951228    .0
7862100119951229    .0
7862100119951230  10.7
7862100119951231   2.0
7862100119960101    .0
7862100119960102    .2
7862100119960103    .0
7862100119960104    .0
7862100119960105   9.4
7862100119960106   7.8
7862100119960107    .0
7862100119960108   1.4
7862100119960109   1.4
7862100119960110   7.6
7862100119960111   1.2
7862100119960112    .0
7862100119960113    .2
7862100119960114    .0
7862100119960115    .0
7862100119960116    .0
7862100119960117    .0
7862100119960118    .0
7862100119960119    .0
7862100119960120    .0
7862100119960121    .0
7862100119960122   9.8
7862100119960123   2.6
7862100119960124    .0
7862100119960125    .0
7862100119960126   3.0
7862100119960127    .0
7862100119960128    .0
7862100119960129    .2
7862100119960130    .0
7862100119960131    .0
7862100119960201    .0
7862100119960202    .0
7862100119960203    .2
7862100119960204    .0
7862100119960205    .0
7862100119960206   1.2
7862100119960207   7.0
7862100119960208    .0
7862100119960209   1.0
7862100119960210    .0
7862100119960211   1.6
7862100119960212  17.2
7862100119960213   1.8
7862100119960214    .0
7862100119960215    .0
7862100119960216    .0
7862100119960217    .8
7862100119960218   9.2
7862100119960219   3.4
7862100119960220    .6
7862100119960221    .0
7862100119960222   1.4
7862100119960223   1.8
7862100119960224   1.8
7862100119960225   3.6
7862100119960226   2.6
7862100119960227    .0
7862100119960228    .0
7862100119960229    .0
7862100119960301    .0
7862100119960302   1.6
7862100119960303   1.8
7862100119960304    .8
7862100119960305    .4
7862100119960306    .0
7862100119960307   3.0
7862100119960308    .8
7862100119960309    .0
7862100119960310    .0
7862100119960311    .0
7862100119960312    .0
7862100119960313    .0
7862100119960314    .0
7862100119960315    .0
7862100119960316    .0
7862100119960317    .0
7862100119960318    .0
7862100119960319    .0
7862100119960320   2.8
7862100119960321   8.8
7862100119960322   1.8
7862100119960323    .0
7862100119960324    .0
7862100119960325    .2
7862100119960326    .0
7862100119960327    .0
7862100119960328    .0
7862100119960329   1.4
7862100119960330    .0
7862100119960331    .0
7862100119960401    .0
7862100119960402    .0
7862100119960403    .0
7862100119960404    .0
7862100119960405    .0
7862100119960406    .0
7862100119960407    .0
7862100119960408    .0
7862100119960409    .0
7862100119960410    .0
7862100119960411    .0
7862100119960412   3.0
7862100119960413    .0
7862100119960414    .0
7862100119960415    .0
7862100119960416    .0
7862100119960417    .2
7862100119960418    .0
7862100119960419    .0
7862100119960420    .0
7862100119960421    .0
7862100119960422    .0
7862100119960423    .0
7862100119960424   1.2
7862100119960425    .0
7862100119960426    .0
7862100119960427    .0
7862100119960428    .0
7862100119960429    .0
7862100119960430    .0
7862100119960501    .0
7862100119960502    .6
7862100119960503    .2
7862100119960504    .0
7862100119960505    .0
7862100119960506    .4
7862100119960507    .8
7862100119960508    .0
7862100119960509    .0
7862100119960510    .0
7862100119960511    .0
7862100119960512    .0
7862100119960513    .0
7862100119960514   2.6
7862100119960515    .2
7862100119960516   3.4
7862100119960517   4.6
7862100119960518   8.0
7862100119960519    .0
7862100119960520    .8
7862100119960521   2.4
7862100119960522   3.0
7862100119960523    .0
7862100119960524    .4
7862100119960525  11.6
7862100119960526   2.4
7862100119960527   1.6
7862100119960528    .0
7862100119960529    .0
7862100119960530    .0
7862100119960531    .8
7862100119960601    .0
7862100119960602   1.0
7862100119960603    .0
7862100119960604    .0
7862100119960605    .0
7862100119960606    .0
7862100119960607    .0
7862100119960608    .0
7862100119960609    .0
7862100119960610    .0
7862100119960611    .0
7862100119960612    .0
7862100119960613    .0
7862100119960614    .0
7862100119960615    .0
7862100119960616    .0
7862100119960617    .0
7862100119960618    .0
7862100119960619    .8
7862100119960620   2.2
7862100119960621    .0
7862100119960622    .0
7862100119960623    .0
7862100119960624    .0
7862100119960625    .0
7862100119960626    .0
7862100119960627    .0
7862100119960628    .6
7862100119960629    .0
7862100119960630   1.2
7862100119960701    .2
7862100119960702    .0
7862100119960703   2.2
7862100119960704  12.8
7862100119960705  12.6
7862100119960706    .6
7862100119960707  16.0
7862100119960708    .0
7862100119960709    .2
7862100119960710    .0
7862100119960711    .0
7862100119960712    .0
7862100119960713    .0
7862100119960714    .0
7862100119960715    .0
7862100119960716    .0
7862100119960717    .0
7862100119960718    .0
7862100119960719    .0
7862100119960720    .0
7862100119960721    .0
7862100119960722    .0
7862100119960723    .0
7862100119960724    .0
7862100119960725    .0
7862100119960726    .0
7862100119960727    .0
7862100119960728    .0
7862100119960729    .6
7862100119960730    .2
7862100119960731    .0
7862100119960801    .0
7862100119960802    .0
7862100119960803    .0
7862100119960804    .0
7862100119960805    .0
7862100119960806   3.4
7862100119960807    .0
7862100119960808    .0
7862100119960809    .0
7862100119960810   6.6
7862100119960811   7.8
7862100119960812   4.8
7862100119960813    .0
7862100119960814    .2
7862100119960815    .0
7862100119960816    .0
7862100119960817    .0
7862100119960818    .0
7862100119960819    .0
7862100119960820   9.4
7862100119960821  14.8
7862100119960822    .0
7862100119960823    .0
7862100119960824   4.0
7862100119960825    .0
7862100119960826    .0
7862100119960827    .0
7862100119960828    .0
7862100119960829   8.4
7862100119960830    .0
7862100119960831    .2
7862100119960901    .0
7862100119960902    .0
7862100119960903    .0
7862100119960904    .0
7862100119960905    .0
7862100119960906    .0
7862100119960907    .0
7862100119960908    .0
7862100119960909    .0
7862100119960910    .0
7862100119960911    .0
7862100119960912    .2
7862100119960913    .0
7862100119960914    .0
7862100119960915    .2
7862100119960916    .0
7862100119960917    .0
7862100119960918   3.2
7862100119960919  43.6
7862100119960920    .0
7862100119960921    .0
7862100119960922    .0
7862100119960923    .0
7862100119960924    .0
7862100119960925    .0
7862100119960926   1.0
7862100119960927    .6
7862100119960928    .0
7862100119960929    .0
7862100119960930   5.8
7862100119961001   4.6
7862100119961002    .2
7862100119961003    .4
7862100119961004    .4
7862100119961005    .0
7862100119961006    .2
7862100119961007    .2
7862100119961008    .0
7862100119961009    .8
7862100119961010    .0
7862100119961011    .0
7862100119961012    .2
7862100119961013    .2
7862100119961014   6.4
7862100119961015   2.0
7862100119961016   4.8
7862100119961017   2.0
7862100119961018   1.8
7862100119961019    .0
7862100119961020    .2
7862100119961021   1.2
7862100119961022    .2
7862100119961023    .0
7862100119961024    .2
7862100119961025    .8
7862100119961026    .6
7862100119961027    .2
7862100119961028    .6
7862100119961029   4.0
7862100119961030    .0
7862100119961031   2.8
7862100119961101    .6
7862100119961102    .0
7862100119961103    .0
7862100119961104  11.2
7862100119961105    .4
7862100119961106   4.8
7862100119961107    .6
7862100119961108    .2
7862100119961109    .2
7862100119961110   7.0
7862100119961111  13.0
7862100119961112   4.0
7862100119961113    .2
7862100119961114    .2
7862100119961115    .0
7862100119961116    .0
7862100119961117   1.2
7862100119961118    .6
7862100119961119   4.2
7862100119961120   2.8
7862100119961121    .0
7862100119961122    .2
7862100119961123   3.0
7862100119961124  10.0
7862100119961125   2.4
7862100119961126    .0
7862100119961127   6.8
7862100119961128   5.8
7862100119961129  13.2
7862100119961130    .6
7862100119961201   1.0
7862100119961202    .8
7862100119961203   6.0
7862100119961204    .0
7862100119961205   1.8
7862100119961206   2.8
7862100119961207    .4
7862100119961208    .0
7862100119961209    .0
7862100119961210    .0
7862100119961211    .0
7862100119961212   2.4
7862100119961213    .0
7862100119961214    .2
7862100119961215    .0
7862100119961216    .6
7862100119961217   4.0
7862100119961218   6.6
7862100119961219    .6
7862100119961220    .2
7862100119961221   2.6
7862100119961222   1.6
7862100119961223    .4
7862100119961224    .0
7862100119961225    .0
7862100119961226    .0
7862100119961227    .0
7862100119961228    .0
7862100119961229    .2
7862100119961230   1.2
7862100119961231    .4
7862100119970101    .0
7862100119970102    .0
7862100119970103    .0
7862100119970104    .0
7862100119970105    .4
7862100119970106    .0
7862100119970107    .0
7862100119970108    .0
7862100119970109    .0
7862100119970110    .0
7862100119970111    .0
7862100119970112    .0
7862100119970113    .0
7862100119970114    .0
7862100119970115    .0
7862100119970116    .0
7862100119970117   1.4
7862100119970118   1.4
7862100119970119    .4
7862100119970120    .0
7862100119970121    .0
7862100119970122    .2
7862100119970123    .2
7862100119970124    .0
7862100119970125    .0
7862100119970126    .2
7862100119970127    .0
7862100119970128    .0
7862100119970129    .0
7862100119970130    .0
7862100119970131    .0
7862100119970201    .0
7862100119970202    .4
7862100119970203    .0
7862100119970204   6.4
7862100119970205   1.6
7862100119970206    .2
7862100119970207    .0
7862100119970208    .0
7862100119970209    .2
7862100119970210   2.8
7862100119970211   4.2
7862100119970212   9.8
7862100119970213   3.2
7862100119970214   8.0
7862100119970215    .0
7862100119970216   2.4
7862100119970217   3.4
7862100119970218   5.0
7862100119970219    .4
7862100119970220    .0
7862100119970221    .0
7862100119970222    .0
7862100119970223    .2
7862100119970224  13.6
7862100119970225  28.8
7862100119970226   1.0
7862100119970227    .0
7862100119970228    .0
7862100119970301    .2
7862100119970302   2.4
7862100119970303    .8
7862100119970304   1.8
7862100119970305   2.6
7862100119970306   1.4
7862100119970307    .0
7862100119970308    .0
7862100119970309    .2
7862100119970310    .2
7862100119970311    .0
7862100119970312    .0
7862100119970313    .0
7862100119970314    .8
7862100119970315    .0
7862100119970316    .0
7862100119970317    .0
7862100119970318    .8
7862100119970319   1.2
7862100119970320    .0
7862100119970321    .0
7862100119970322    .0
7862100119970323    .0
7862100119970324    .2
7862100119970325    .0
7862100119970326    .0
7862100119970327    .0
7862100119970328    .0
7862100119970329    .0
7862100119970330    .0
7862100119970331    .0
7862100119970401    .0
7862100119970402    .0
7862100119970403    .0
7862100119970404    .0
7862100119970405    .0
7862100119970406    .0
7862100119970407    .0
7862100119970408    .0
7862100119970409    .0
7862100119970410    .0
7862100119970411    .0
7862100119970412    .0
7862100119970413    .0
7862100119970414    .0
7862100119970415    .0
7862100119970416    .0
7862100119970417    .0
7862100119970418    .0
7862100119970419    .0
7862100119970420    .0
7862100119970421    .0
7862100119970422    .0
7862100119970423    .0
7862100119970424    .0
7862100119970425   4.0
7862100119970426   6.6
7862100119970427   1.2
7862100119970428   3.2
7862100119970429    .0
7862100119970430    .0
7862100119970501    .0
7862100119970502    .0
7862100119970503    .0
7862100119970504   2.8
7862100119970505   9.8
7862100119970506  19.8
7862100119970507   2.0
7862100119970508  11.6
7862100119970509    .8
7862100119970510   1.8
7862100119970511   1.6
7862100119970512   1.0
7862100119970513   7.4
7862100119970514    .0
7862100119970515  24.2
7862100119970516    .0
7862100119970517    .0
7862100119970518   2.6
7862100119970519   4.0
7862100119970520  12.6
7862100119970521   9.2
7862100119970522   1.8
7862100119970523    .0
7862100119970524    .0
7862100119970525    .0
7862100119970526    .0
7862100119970527    .0
7862100119970528    .0
7862100119970529    .0
7862100119970530    .0
7862100119970531    .0
7862100119970601    .0
7862100119970602   1.6
7862100119970603    .0
7862100119970604    .0
7862100119970605    .6
7862100119970606    .0
7862100119970607  11.2
7862100119970608    .2
7862100119970609    .0
7862100119970610    .0
7862100119970611   9.6
7862100119970612    .6
7862100119970613   9.0
7862100119970614   4.2
7862100119970615   1.2
7862100119970616   6.2
7862100119970617   4.4
7862100119970618    .2
7862100119970619   3.0
7862100119970620   3.6
7862100119970621   8.4
7862100119970622   5.4
7862100119970623   9.0
7862100119970624    .0
7862100119970625   7.8
7862100119970626   5.4
7862100119970627   7.8
7862100119970628   2.4
7862100119970629  24.6
7862100119970630   5.2
7862100119970701   7.2
7862100119970702   6.8
7862100119970703   3.6
7862100119970704   3.2
7862100119970705    .0
7862100119970706    .0
7862100119970707    .0
7862100119970708    .0
7862100119970709    .0
7862100119970710    .0
7862100119970711    .6
7862100119970712    .0
7862100119970713    .0
7862100119970714    .0
7862100119970715    .0
7862100119970716    .0
7862100119970717    .2
7862100119970718    .0
7862100119970719    .0
7862100119970720    .0
7862100119970721    .2
7862100119970722    .0
7862100119970723    .0
7862100119970724    .2
7862100119970725   1.8
7862100119970726    .0
7862100119970727    .0
7862100119970728    .0
7862100119970729    .0
7862100119970730    .0
7862100119970731    .0
7862100119970801    .0
7862100119970802    .0
7862100119970803    .0
7862100119970804    .2
7862100119970805  12.0
7862100119970806   1.8
7862100119970807    .0
7862100119970808    .0
7862100119970809    .0
7862100119970810    .0
7862100119970811    .0
7862100119970812    .0
7862100119970813    .0
7862100119970814    .0
7862100119970815    .0
7862100119970816    .0
7862100119970817    .0
7862100119970818    .0
7862100119970819    .0
7862100119970820    .0
7862100119970821    .8
7862100119970822    .0
7862100119970823    .0
7862100119970824   1.2
7862100119970825   1.0
7862100119970826    .0
7862100119970827  12.4
7862100119970828    .6
7862100119970829   9.0
7862100119970830    .4
7862100119970831    .0
7862100119970901    .2
7862100119970902    .0
7862100119970903    .0
7862100119970904    .2
7862100119970905    .0
7862100119970906    .0
7862100119970907    .0
7862100119970908    .0
7862100119970909    .0
7862100119970910    .0
7862100119970911    .0
7862100119970912    .4
7862100119970913    .2
7862100119970914    .0
7862100119970915    .0
7862100119970916    .0
7862100119970917    .0
7862100119970918    .0
7862100119970919    .0
7862100119970920    .0
7862100119970921    .0
7862100119970922    .0
7862100119970923    .0
7862100119970924    .0
7862100119970925    .0
7862100119970926    .2
7862100119970927    .0
7862100119970928    .0
7862100119970929    .0
7862100119970930    .0
7862100119971001    .0
7862100119971002    .0
7862100119971003    .0
7862100119971004    .0
7862100119971005    .2
7862100119971006   7.6
7862100119971007    .6
7862100119971008   5.4
7862100119971009    .8
7862100119971010    .6
7862100119971011  16.6
7862100119971012   2.6
7862100119971013    .4
7862100119971014   1.2
7862100119971015   2.0
7862100119971016    .2
7862100119971017    .2
7862100119971018    .4
7862100119971019    .0
7862100119971020   1.0
7862100119971021    .0
7862100119971022    .0
7862100119971023    .0
7862100119971024    .0
7862100119971025    .2
7862100119971026    .2
7862100119971027    .0
7862100119971028    .0
7862100119971029    .0
7862100119971030    .0
7862100119971031    .0
7862100119971101    .2
7862100119971102    .0
7862100119971103    .4
7862100119971104   4.4
7862100119971105   3.2
7862100119971106  13.4
7862100119971107   2.8
7862100119971108   6.0
7862100119971109   4.0
7862100119971110   3.8
7862100119971111    .6
7862100119971112    .0
7862100119971113    .0
7862100119971114    .0
7862100119971115   2.0
7862100119971116    .2
7862100119971117    .0
7862100119971118  11.0
7862100119971119   1.4
7862100119971120   1.0
7862100119971121   2.4
7862100119971122    .2
7862100119971123    .2
7862100119971124    .2
7862100119971125    .0
7862100119971126   5.0
7862100119971127   2.4
7862100119971128   7.8
7862100119971129   3.6
7862100119971130   2.2
7862100119971201  19.8
7862100119971202  10.2
7862100119971203    .0
7862100119971204    .0
7862100119971205    .0
7862100119971206    .0
7862100119971207    .6
7862100119971208    .4
7862100119971209    .0
7862100119971210  10.8
7862100119971211   6.0
7862100119971212    .4
7862100119971213    .2
7862100119971214   1.0
7862100119971215    .0
7862100119971216   7.8
7862100119971217   5.6
7862100119971218  28.2
7862100119971219    .4
7862100119971220    .2
7862100119971221    .0
7862100119971222    .0
7862100119971223   1.8
7862100119971224   3.8
7862100119971225   5.2
7862100119971226   1.2
7862100119971227   1.6
7862100119971228    .0
7862100119971229    .0
7862100119971230   4.8
7862100119971231   7.6
7862100119980101   4.8
7862100119980102  10.6
7862100119980103   5.2
7862100119980104   4.0
7862100119980105   7.0
7862100119980106   4.2
7862100119980107   1.6
7862100119980108    .0
7862100119980109    .2
7862100119980110    .2
7862100119980111    .0
7862100119980112    .0
7862100119980113   1.2
7862100119980114   4.4
7862100119980115  11.8
7862100119980116   4.8
7862100119980117    .2
7862100119980118  21.0
7862100119980119   1.8
7862100119980120    .0
7862100119980121    .2
7862100119980122    .0
7862100119980123    .0
7862100119980124    .0
7862100119980125    .0
7862100119980126    .0
7862100119980127    .0
7862100119980128    .0
7862100119980129    .0
7862100119980130    .0
7862100119980131    .2
7862100119980201    .0
7862100119980202    .0
7862100119980203    .0
7862100119980204    .2
7862100119980205    .2
7862100119980206    .0
7862100119980207    .8
7862100119980208    .2
7862100119980209    .2
7862100119980210    .0
7862100119980211    .2
7862100119980212    .2
7862100119980213    .0
7862100119980214    .2
7862100119980215    .2
7862100119980216    .0
7862100119980217    .0
7862100119980218    .2
7862100119980219    .2
7862100119980220    .0
7862100119980221   3.2
7862100119980222    .4
7862100119980223    .8
7862100119980224    .0
7862100119980225    .0
7862100119980226    .0
7862100119980227    .4
7862100119980228   1.4
7862100119980301    .0
7862100119980302    .2
7862100119980303    .0
7862100119980304  12.2
7862100119980305    .0
7862100119980306   2.0
7862100119980307   2.4
7862100119980308   2.6
7862100119980309    .0
7862100119980310   3.0
7862100119980311   1.6
7862100119980312    .0
7862100119980313    .0
7862100119980314    .2
7862100119980315    .0
7862100119980316    .0
7862100119980317    .0
7862100119980318    .0
7862100119980319    .0
7862100119980320    .0
7862100119980321    .2
7862100119980322    .0
7862100119980323    .0
7862100119980324    .0
7862100119980325    .0
7862100119980326   3.8
7862100119980327    .6
7862100119980328    .0
7862100119980329    .0
7862100119980330    .0
7862100119980331    .2
7862100119980401    .0
7862100119980402  14.0
7862100119980403   3.6
7862100119980404  11.6
7862100119980405   3.6
7862100119980406  25.0
7862100119980407  17.8
7862100119980408   2.6
7862100119980409  12.8
7862100119980410   5.4
7862100119980411   4.6
7862100119980412    .2
7862100119980413   1.0
7862100119980414   4.4
7862100119980415   3.8
7862100119980416  21.2
7862100119980417   8.4
7862100119980418    .2
7862100119980419   9.0
7862100119980420    .6
7862100119980421    .0
7862100119980422    .0
7862100119980423    .2
7862100119980424    .0
7862100119980425   4.8
7862100119980426   5.6
7862100119980427   3.8
7862100119980428    .2
7862100119980429    .0
7862100119980430    .0
7862100119980501    .2
7862100119980502   1.4
7862100119980503    .0
7862100119980504    .0
7862100119980505    .0
7862100119980506    .0
7862100119980507    .0
7862100119980508    .0
7862100119980509    .0
7862100119980510    .0
7862100119980511    .0
7862100119980512    .0
7862100119980513   1.2
7862100119980514    .0
7862100119980515    .0
7862100119980516    .0
7862100119980517    .0
7862100119980518    .0
7862100119980519    .0
7862100119980520    .0
7862100119980521    .4
7862100119980522    .0
7862100119980523    .0
7862100119980524    .0
7862100119980525    .0
7862100119980526   2.0
7862100119980527   2.2
7862100119980528   4.4
7862100119980529    .0
7862100119980530   1.6
7862100119980531   1.4
7862100119980601   4.0
7862100119980602   1.4
7862100119980603    .0
7862100119980604   8.6
7862100119980605    .4
7862100119980606   5.2
7862100119980607    .6
7862100119980608   2.2
7862100119980609    .4
7862100119980610   7.4
7862100119980611   5.2
7862100119980612    .0
7862100119980613   5.8
7862100119980614   3.0
7862100119980615   3.4
7862100119980616    .0
7862100119980617    .0
7862100119980618    .0
7862100119980619    .0
7862100119980620    .0
7862100119980621    .0
7862100119980622    .0
7862100119980623    .0
7862100119980624    .0
7862100119980625    .0
7862100119980626    .0
7862100119980627   3.2
7862100119980628    .0
7862100119980629    .0
7862100119980630   3.0
7862100119980701    .0
7862100119980702   1.8
7862100119980703    .0
7862100119980704    .2
7862100119980705    .0
7862100119980706    .0
7862100119980707    .0
7862100119980708    .2
7862100119980709   2.2
7862100119980710    .0
7862100119980711    .2
7862100119980712   3.6
7862100119980713  10.8
7862100119980714    .0
7862100119980715   2.4
7862100119980716  14.8
7862100119980717    .2
7862100119980718    .2
7862100119980719    .0
7862100119980720   4.0
7862100119980721   1.0
7862100119980722   1.4
7862100119980723   2.4
7862100119980724    .0
7862100119980725    .0
7862100119980726    .0
7862100119980727   1.6
7862100119980728    .6
7862100119980729    .4
7862100119980730    .0
7862100119980731    .0
7862100119980801  22.0
7862100119980802  13.6
7862100119980803   1.2
7862100119980804    .0
7862100119980805    .0
7862100119980806    .0
7862100119980807    .0
7862100119980808    .0
7862100119980809    .0
7862100119980810    .0
7862100119980811    .0
7862100119980812    .0
7862100119980813    .0
7862100119980814    .0
7862100119980815    .0
7862100119980816    .0
7862100119980817    .0
7862100119980818    .0
7862100119980819    .0
7862100119980820    .8
7862100119980821   3.4
7862100119980822   7.6
7862100119980823   4.6
7862100119980824   3.0
7862100119980825    .0
7862100119980826    .0
7862100119980827    .0
7862100119980828    .0
7862100119980829    .0
7862100119980830    .0
7862100119980831    .0
7862100119980901   6.0
7862100119980902  17.6
7862100119980903   1.6
7862100119980904  13.4
7862100119980905   4.6
7862100119980906    .0
7862100119980907    .0
7862100119980908   6.0
7862100119980909    .0
7862100119980910   2.2
7862100119980911   7.8
7862100119980912   7.8
7862100119980913  10.0
7862100119980914    .4
7862100119980915   1.6
7862100119980916    .0
7862100119980917    .0
7862100119980918    .0
7862100119980919    .2
7862100119980920    .0
7862100119980921    .0
7862100119980922    .0
7862100119980923    .0
7862100119980924    .0
7862100119980925    .2
7862100119980926   6.0
7862100119980927  17.2
7862100119980928    .8
7862100119980929   5.2
7862100119980930    .0
7862100119981001   1.8
7862100119981002    .2
7862100119981003    .0
7862100119981004   1.6
7862100119981005    .0
7862100119981006    .2
7862100119981007   2.0
7862100119981008  12.8
7862100119981009   6.0
7862100119981010   1.6
7862100119981011   8.0
7862100119981012    .2
7862100119981013   1.8
7862100119981014   3.2
7862100119981015   1.6
7862100119981016    .2
7862100119981017   4.4
7862100119981018    .0
7862100119981019    .0
7862100119981020    .0
7862100119981021    .2
7862100119981022    .0
7862100119981023   3.6
7862100119981024  30.6
7862100119981025   3.2
7862100119981026   7.4
7862100119981027    .8
7862100119981028  23.6
7862100119981029   1.0
7862100119981030  25.8
7862100119981031  17.2
7862100119981101    .2
7862100119981102   3.2
7862100119981103    .2
7862100119981104    .4
7862100119981105    .2
7862100119981106   1.2
7862100119981107    .2
7862100119981108    .4
7862100119981109   1.8
7862100119981110    .4
7862100119981111    .6
7862100119981112   3.8
7862100119981113   3.0
7862100119981114   4.4
7862100119981115    .2
7862100119981116    .0
7862100119981117    .2
7862100119981118    .0
7862100119981119    .2
7862100119981120    .0
7862100119981121    .0
7862100119981122    .0
7862100119981123    .0
7862100119981124   2.2
7862100119981125    .6
7862100119981126   4.0
7862100119981127    .0
7862100119981128  11.6
7862100119981129    .4
7862100119981130    .2
7862100119981201    .0
7862100119981202    .0
7862100119981203    .0
7862100119981204    .2
7862100119981205    .6
7862100119981206    .2
7862100119981207    .4
7862100119981208   5.0
7862100119981209   1.8
7862100119981210   7.0
7862100119981211   3.8
7862100119981212    .6
7862100119981213    .0
7862100119981214    .0
7862100119981215    .2
7862100119981216    .2
7862100119981217    .0
7862100119981218   1.6
7862100119981219   5.0
7862100119981220   5.0
7862100119981221    .2
7862100119981222    .0
7862100119981223   2.8
7862100119981224   3.6
7862100119981225   3.8
7862100119981226  15.0
7862100119981227   3.6
7862100119981228   2.2
7862100119981229    .0
7862100119981230   3.4
7862100119981231   2.4
