8303100119940101    .0
8303100119940102    .6
8303100119940103    .0
8303100119940104    .4
8303100119940105   7.6
8303100119940106  88.2
8303100119940107  11.2
8303100119940108    .2
8303100119940109    .0
8303100119940110  59.8
8303100119940111    .0
8303100119940112    .0
8303100119940113    .0
8303100119940114    .0
8303100119940115    .0
8303100119940116    .0
8303100119940117    .0
8303100119940118    .0
8303100119940119    .0
8303100119940120    .0
8303100119940121    .0
8303100119940122    .0
8303100119940123    .0
8303100119940124    .0
8303100119940125    .0
8303100119940126    .0
8303100119940127    .0
8303100119940128    .0
8303100119940129    .0
8303100119940130    .0
8303100119940131    .0
8303100119940201    .0
8303100119940202    .0
8303100119940203  20.8
8303100119940204  55.0
8303100119940205  16.2
8303100119940206    .0
8303100119940207    .0
8303100119940208    .0
8303100119940209    .0
8303100119940210    .0
8303100119940211    .0
8303100119940212    .0
8303100119940213    .0
8303100119940214    .0
8303100119940215    .2
8303100119940216    .0
8303100119940217    .0
8303100119940218    .0
8303100119940219    .0
8303100119940220   1.8
8303100119940221    .0
8303100119940222    .0
8303100119940223  11.8
8303100119940224    .0
8303100119940225    .0
8303100119940226    .0
8303100119940227    .6
8303100119940228    .6
8303100119940301   7.0
8303100119940302    .0
8303100119940303    .0
8303100119940304    .0
8303100119940305    .0
8303100119940306    .0
8303100119940307    .0
8303100119940308    .0
8303100119940309    .0
8303100119940310    .0
8303100119940311    .0
8303100119940312    .0
8303100119940313    .0
8303100119940314    .0
8303100119940315    .0
8303100119940316    .0
8303100119940317    .0
8303100119940318    .0
8303100119940319    .0
8303100119940320    .0
8303100119940321    .0
8303100119940322    .0
8303100119940323    .0
8303100119940324    .0
8303100119940325    .0
8303100119940326    .0
8303100119940327    .0
8303100119940328    .0
8303100119940329    .0
8303100119940330    .0
8303100119940331    .0
8303100119940401    .4
8303100119940402    .0
8303100119940403    .0
8303100119940404    .0
8303100119940405    .0
8303100119940406    .0
8303100119940407   5.4
8303100119940408    .0
8303100119940409   1.4
8303100119940410    .0
8303100119940411    .0
8303100119940412    .0
8303100119940413    .0
8303100119940414    .0
8303100119940415   2.2
8303100119940416  18.8
8303100119940417   1.6
8303100119940418    .0
8303100119940419    .6
8303100119940420    .0
8303100119940421    .0
8303100119940422    .0
8303100119940423    .0
8303100119940424  15.2
8303100119940425  10.0
8303100119940426    .0
8303100119940427    .0
8303100119940428    .0
8303100119940429    .0
8303100119940430    .0
8303100119940501    .0
8303100119940502    .0
8303100119940503    .0
8303100119940504    .0
8303100119940505    .0
8303100119940506    .0
8303100119940507    .0
8303100119940508    .0
8303100119940509   6.6
8303100119940510    .0
8303100119940511    .0
8303100119940512    .0
8303100119940513   1.8
8303100119940514    .6
8303100119940515    .0
8303100119940516    .0
8303100119940517  45.8
8303100119940518   1.0
8303100119940519    .0
8303100119940520    .0
8303100119940521    .0
8303100119940522    .0
8303100119940523    .0
8303100119940524   2.6
8303100119940525    .0
8303100119940526    .0
8303100119940527    .0
8303100119940528    .0
8303100119940529    .0
8303100119940530    .0
8303100119940531    .0
8303100119940601    .0
8303100119940602    .0
8303100119940603    .0
8303100119940604    .0
8303100119940605    .0
8303100119940606    .0
8303100119940607    .0
8303100119940608    .0
8303100119940609    .0
8303100119940610    .0
8303100119940611  18.0
8303100119940612    .0
8303100119940613    .6
8303100119940614    .0
8303100119940615    .0
8303100119940616    .0
8303100119940617    .0
8303100119940618    .0
8303100119940619    .0
8303100119940620    .0
8303100119940621    .2
8303100119940622    .0
8303100119940623    .0
8303100119940624    .0
8303100119940625   3.6
8303100119940626  11.6
8303100119940627    .0
8303100119940628    .0
8303100119940629    .0
8303100119940630    .0
8303100119940701    .0
8303100119940702    .0
8303100119940703    .0
8303100119940704    .0
8303100119940705    .0
8303100119940706    .0
8303100119940707    .0
8303100119940708    .0
8303100119940709    .0
8303100119940710    .0
8303100119940711    .4
8303100119940712    .0
8303100119940713    .0
8303100119940714    .0
8303100119940715    .0
8303100119940716    .0
8303100119940717    .0
8303100119940718    .2
8303100119940719    .0
8303100119940720    .0
8303100119940721    .0
8303100119940722    .0
8303100119940723    .0
8303100119940724    .0
8303100119940725    .0
8303100119940726    .0
8303100119940727    .0
8303100119940728    .0
8303100119940729    .0
8303100119940730    .0
8303100119940731  11.0
8303100119940801    .2
8303100119940802    .0
8303100119940803    .0
8303100119940804    .0
8303100119940805    .0
8303100119940806    .0
8303100119940807    .0
8303100119940808    .0
8303100119940809    .0
8303100119940810    .0
8303100119940811    .0
8303100119940812    .0
8303100119940813   1.0
8303100119940814    .0
8303100119940815    .0
8303100119940816    .0
8303100119940817    .0
8303100119940818    .0
8303100119940819    .0
8303100119940820    .0
8303100119940821    .0
8303100119940822    .0
8303100119940823    .0
8303100119940824    .0
8303100119940825    .0
8303100119940826    .0
8303100119940827    .0
8303100119940828    .0
8303100119940829    .0
8303100119940830    .0
8303100119940831  40.4
8303100119940901  10.0
8303100119940902    .0
8303100119940903    .0
8303100119940904    .0
8303100119940905    .0
8303100119940906    .0
8303100119940907    .0
8303100119940908    .2
8303100119940909    .0
8303100119940910    .0
8303100119940911    .0
8303100119940912   3.6
8303100119940913  24.0
8303100119940914  10.2
8303100119940915    .0
8303100119940916   6.6
8303100119940917    .0
8303100119940918    .4
8303100119940919    .0
8303100119940920   3.4
8303100119940921  13.8
8303100119940922   4.8
8303100119940923  47.8
8303100119940924    .6
8303100119940925  20.4
8303100119940926  19.2
8303100119940927    .0
8303100119940928    .0
8303100119940929    .2
8303100119940930  11.4
8303100119941001    .0
8303100119941002    .2
8303100119941003    .0
8303100119941004    .0
8303100119941005    .0
8303100119941006    .0
8303100119941007   1.4
8303100119941008    .0
8303100119941009    .0
8303100119941010   2.6
8303100119941011    .0
8303100119941012    .0
8303100119941013    .0
8303100119941014    .0
8303100119941015    .0
8303100119941016    .0
8303100119941017    .0
8303100119941018    .0
8303100119941019  58.4
8303100119941020  28.0
8303100119941021   4.4
8303100119941022  24.4
8303100119941023   2.6
8303100119941024    .0
8303100119941025    .0
8303100119941026    .0
8303100119941027   6.8
8303100119941028  12.2
8303100119941029    .0
8303100119941030    .0
8303100119941031    .2
8303100119941101    .0
8303100119941102  19.6
8303100119941103  12.2
8303100119941104  26.8
8303100119941105  28.2
8303100119941106    .0
8303100119941107  25.4
8303100119941108    .0
8303100119941109  40.0
8303100119941110    .0
8303100119941111    .0
8303100119941112    .0
8303100119941113    .0
8303100119941114    .0
8303100119941115    .0
8303100119941116    .0
8303100119941117    .0
8303100119941118    .0
8303100119941119    .0
8303100119941120    .0
8303100119941121    .0
8303100119941122    .0
8303100119941123    .0
8303100119941124    .0
8303100119941125    .0
8303100119941126    .0
8303100119941127    .0
8303100119941128    .0
8303100119941129    .0
8303100119941130    .0
8303100119941201    .0
8303100119941202    .0
8303100119941203    .0
8303100119941204    .0
8303100119941205    .2
8303100119941206    .0
8303100119941207  13.0
8303100119941208    .0
8303100119941209    .0
8303100119941210    .0
8303100119941211    .0
8303100119941212    .0
8303100119941213    .2
8303100119941214    .0
8303100119941215    .0
8303100119941216    .0
8303100119941217    .0
8303100119941218    .0
8303100119941219   1.4
8303100119941220    .0
8303100119941221   3.6
8303100119941222    .0
8303100119941223    .0
8303100119941224    .0
8303100119941225    .0
8303100119941226    .0
8303100119941227    .0
8303100119941228    .0
8303100119941229    .0
8303100119941230    .0
8303100119941231    .0
8303100119950101    .0
8303100119950102    .0
8303100119950103    .0
8303100119950104    .0
8303100119950105    .0
8303100119950106    .4
8303100119950107    .0
8303100119950108    .0
8303100119950109    .0
8303100119950110    .0
8303100119950111    .0
8303100119950112    .0
8303100119950113    .0
8303100119950114    .0
8303100119950115    .0
8303100119950116    .0
8303100119950117    .0
8303100119950118  27.0
8303100119950119    .0
8303100119950120   3.8
8303100119950121    .0
8303100119950122    .0
8303100119950123    .0
8303100119950124    .0
8303100119950125    .0
8303100119950126    .2
8303100119950127    .0
8303100119950128    .0
8303100119950129    .0
8303100119950130    .0
8303100119950131    .0
8303100119950201    .0
8303100119950202    .0
8303100119950203    .0
8303100119950204    .0
8303100119950205    .0
8303100119950206    .0
8303100119950207    .0
8303100119950208    .0
8303100119950209    .0
8303100119950210  10.8
8303100119950211    .4
8303100119950212    .0
8303100119950213  19.4
8303100119950214    .0
8303100119950215    .0
8303100119950216    .0
8303100119950217    .0
8303100119950218    .0
8303100119950219    .0
8303100119950220    .0
8303100119950221    .0
8303100119950222   6.6
8303100119950223    .8
8303100119950224   4.0
8303100119950225   4.4
8303100119950226    .2
8303100119950227    .0
8303100119950228    .0
8303100119950301    .0
8303100119950302    .0
8303100119950303    .8
8303100119950304    .0
8303100119950305   1.0
8303100119950306    .0
8303100119950307   2.0
8303100119950308  11.2
8303100119950309    .0
8303100119950310    .0
8303100119950311    .0
8303100119950312    .0
8303100119950313   9.9
8303100119950314    .0
8303100119950315    .0
8303100119950316    .0
8303100119950317    .0
8303100119950318    .0
8303100119950319    .0
8303100119950320    .0
8303100119950321    .0
8303100119950322    .0
8303100119950323    .0
8303100119950324    .0
8303100119950325    .0
8303100119950326    .0
8303100119950327    .0
8303100119950328    .0
8303100119950329    .0
8303100119950330    .0
8303100119950331    .0
8303100119950401    .0
8303100119950402    .0
8303100119950403    .0
8303100119950404    .0
8303100119950405    .0
8303100119950406    .0
8303100119950407    .0
8303100119950408    .0
8303100119950409    .0
8303100119950410    .0
8303100119950411    .0
8303100119950412    .0
8303100119950413   1.6
8303100119950414   4.6
8303100119950415    .0
8303100119950416    .0
8303100119950417    .0
8303100119950418    .0
8303100119950419   2.8
8303100119950420    .2
8303100119950421  20.6
8303100119950422  15.4
8303100119950423  37.2
8303100119950424  52.4
8303100119950425    .8
8303100119950426    .0
8303100119950427    .0
8303100119950428   1.4
8303100119950429   1.0
8303100119950430    .0
8303100119950501    .0
8303100119950502    .0
8303100119950503    .0
8303100119950504    .0
8303100119950505    .0
8303100119950506    .0
8303100119950507    .0
8303100119950508    .0
8303100119950509    .0
8303100119950510    .0
8303100119950511   8.8
8303100119950512   5.0
8303100119950513    .0
8303100119950514    .0
8303100119950515    .2
8303100119950516   3.2
8303100119950517    .0
8303100119950518   6.8
8303100119950519    .0
8303100119950520    .0
8303100119950521   2.4
8303100119950522    .0
8303100119950523    .0
8303100119950524    .0
8303100119950525   8.0
8303100119950526  18.2
8303100119950527    .0
8303100119950528    .0
8303100119950529    .0
8303100119950530   1.6
8303100119950531    .8
8303100119950601    .0
8303100119950602    .0
8303100119950603    .2
8303100119950604    .6
8303100119950605    .0
8303100119950606    .0
8303100119950607    .0
8303100119950608    .0
8303100119950609    .0
8303100119950610   1.0
8303100119950611    .0
8303100119950612    .0
8303100119950613    .0
8303100119950614    .0
8303100119950615    .0
8303100119950616    .0
8303100119950617    .0
8303100119950618    .0
8303100119950619    .0
8303100119950620    .0
8303100119950621    .0
8303100119950622    .0
8303100119950623    .2
8303100119950624    .0
8303100119950625    .0
8303100119950626    .0
8303100119950627    .0
8303100119950628    .0
8303100119950629    .0
8303100119950630    .0
8303100119950701    .0
8303100119950702    .0
8303100119950703    .2
8303100119950704    .0
8303100119950705  12.6
8303100119950706    .0
8303100119950707    .0
8303100119950708    .0
8303100119950709    .0
8303100119950710    .0
8303100119950711    .0
8303100119950712    .0
8303100119950713    .0
8303100119950714    .0
8303100119950715    .0
8303100119950716    .0
8303100119950717    .0
8303100119950718    .0
8303100119950719    .0
8303100119950720    .0
8303100119950721    .0
8303100119950722    .0
8303100119950723    .0
8303100119950724    .0
8303100119950725    .0
8303100119950726    .0
8303100119950727    .0
8303100119950728    .0
8303100119950729    .0
8303100119950730    .0
8303100119950731   2.6
8303100119950801   1.2
8303100119950802    .0
8303100119950803    .0
8303100119950804    .0
8303100119950805    .0
8303100119950806    .0
8303100119950807    .0
8303100119950808    .0
8303100119950809    .0
8303100119950810    .0
8303100119950811  25.4
8303100119950812   1.4
8303100119950813   7.6
8303100119950814  39.2
8303100119950815    .2
8303100119950816    .0
8303100119950817   3.4
8303100119950818    .0
8303100119950819   2.6
8303100119950820    .0
8303100119950821    .0
8303100119950822    .2
8303100119950823   3.4
8303100119950824  27.2
8303100119950825    .0
8303100119950826    .0
8303100119950827    .0
8303100119950828    .0
8303100119950829    .0
8303100119950830    .0
8303100119950831    .0
8303100119950901    .0
8303100119950902    .0
8303100119950903    .0
8303100119950904    .0
8303100119950905    .0
8303100119950906   1.6
8303100119950907   6.0
8303100119950908    .0
8303100119950909    .0
8303100119950910    .0
8303100119950911    .0
8303100119950912  22.4
8303100119950913    .0
8303100119950914    .0
8303100119950915    .0
8303100119950916    .0
8303100119950917    .0
8303100119950918  29.8
8303100119950919   3.8
8303100119950920   1.2
8303100119950921    .0
8303100119950922    .0
8303100119950923    .0
8303100119950924    .0
8303100119950925   4.0
8303100119950926    .0
8303100119950927    .0
8303100119950928    .0
8303100119950929    .0
8303100119950930    .0
8303100119951001    .0
8303100119951002    .0
8303100119951003   3.6
8303100119951004    .4
8303100119951005  29.8
8303100119951006    .2
8303100119951007    .2
8303100119951008    .2
8303100119951009    .2
8303100119951010    .2
8303100119951011    .0
8303100119951012    .0
8303100119951013    .2
8303100119951014    .2
8303100119951015    .0
8303100119951016    .2
8303100119951017    .0
8303100119951018    .0
8303100119951019    .0
8303100119951020    .0
8303100119951021    .0
8303100119951022    .0
8303100119951023    .0
8303100119951024    .0
8303100119951025    .0
8303100119951026    .0
8303100119951027    .0
8303100119951028    .0
8303100119951029   4.2
8303100119951030    .0
8303100119951031    .0
8303100119951101    .0
8303100119951102    .0
8303100119951103    .0
8303100119951104    .0
8303100119951105    .0
8303100119951106    .0
8303100119951107    .0
8303100119951108    .0
8303100119951109    .0
8303100119951110   4.2
8303100119951111    .0
8303100119951112  42.0
8303100119951113   2.0
8303100119951114    .0
8303100119951115   5.8
8303100119951116    .2
8303100119951117    .0
8303100119951118    .0
8303100119951119    .0
8303100119951120    .0
8303100119951121    .0
8303100119951122   7.0
8303100119951123    .0
8303100119951124    .2
8303100119951125    .4
8303100119951126  11.4
8303100119951127  18.6
8303100119951128    .0
8303100119951129    .0
8303100119951130    .0
8303100119951201    .0
8303100119951202    .0
8303100119951203    .0
8303100119951204    .0
8303100119951205    .0
8303100119951206   2.6
8303100119951207  26.0
8303100119951208    .2
8303100119951209    .0
8303100119951210    .0
8303100119951211    .0
8303100119951212   1.8
8303100119951213  21.0
8303100119951214   3.4
8303100119951215   2.4
8303100119951216   9.0
8303100119951217   2.0
8303100119951218    .0
8303100119951219    .0
8303100119951220    .0
8303100119951221    .0
8303100119951222   2.8
8303100119951223    .0
8303100119951224    .4
8303100119951225    .0
8303100119951226   4.4
8303100119951227    .0
8303100119951228   9.0
8303100119951229   2.0
8303100119951230  21.6
8303100119951231  12.2
8303100119960101   3.8
8303100119960102    .0
8303100119960103    .0
8303100119960104    .0
8303100119960105  15.4
8303100119960106  12.0
8303100119960107   1.2
8303100119960108    .0
8303100119960109   7.6
8303100119960110  50.0
8303100119960111  43.4
8303100119960112  35.0
8303100119960113    .0
8303100119960114   1.0
8303100119960115    .0
8303100119960116    .0
8303100119960117    .0
8303100119960118    .0
8303100119960119    .0
8303100119960120  25.0
8303100119960121   6.2
8303100119960122   1.4
8303100119960123  27.4
8303100119960124  31.2
8303100119960125  34.8
8303100119960126    .0
8303100119960127   1.2
8303100119960128   3.6
8303100119960129    .0
8303100119960130    .0
8303100119960131    .0
8303100119960201  13.8
8303100119960202   5.6
8303100119960203    .0
8303100119960204    .0
8303100119960205    .0
8303100119960206   3.0
8303100119960207   5.0
8303100119960208    .0
8303100119960209    .0
8303100119960210    .0
8303100119960211    .0
8303100119960212    .6
8303100119960213    .0
8303100119960214    .0
8303100119960215    .0
8303100119960216    .0
8303100119960217    .0
8303100119960218    .0
8303100119960219    .0
8303100119960220    .0
8303100119960221    .0
8303100119960222    .0
8303100119960223    .0
8303100119960224    .0
8303100119960225    .0
8303100119960226    .2
8303100119960227    .0
8303100119960228    .0
8303100119960229    .0
8303100119960301    .0
8303100119960302    .0
8303100119960303    .0
8303100119960304    .0
8303100119960305    .0
8303100119960306   3.2
8303100119960307   2.6
8303100119960308    .0
8303100119960309    .0
8303100119960310   4.2
8303100119960311    .0
8303100119960312    .0
8303100119960313   2.4
8303100119960314  21.8
8303100119960315   2.0
8303100119960316    .0
8303100119960317    .0
8303100119960318    .0
8303100119960319    .0
8303100119960320    .0
8303100119960321    .0
8303100119960322    .0
8303100119960323    .0
8303100119960324    .0
8303100119960325    .0
8303100119960326    .0
8303100119960327    .0
8303100119960328    .4
8303100119960329    .0
8303100119960330    .0
8303100119960331    .0
8303100119960401  11.6
8303100119960402    .4
8303100119960403   6.8
8303100119960404    .0
8303100119960405    .0
8303100119960406    .0
8303100119960407    .0
8303100119960408    .0
8303100119960409    .0
8303100119960410    .0
8303100119960411    .0
8303100119960412    .0
8303100119960413    .0
8303100119960414    .0
8303100119960415    .4
8303100119960416    .0
8303100119960417    .2
8303100119960418    .0
8303100119960419    .0
8303100119960420    .0
8303100119960421    .0
8303100119960422   3.2
8303100119960423   1.0
8303100119960424    .0
8303100119960425   1.4
8303100119960426   3.8
8303100119960427  10.8
8303100119960428   6.2
8303100119960429    .0
8303100119960430  12.6
8303100119960501    .6
8303100119960502    .2
8303100119960503    .0
8303100119960504    .0
8303100119960505    .0
8303100119960506    .0
8303100119960507   1.0
8303100119960508   9.6
8303100119960509   4.2
8303100119960510   1.6
8303100119960511  11.6
8303100119960512    .2
8303100119960513    .0
8303100119960514    .0
8303100119960515    .0
8303100119960516    .0
8303100119960517    .0
8303100119960518    .0
8303100119960519    .8
8303100119960520    .0
8303100119960521    .0
8303100119960522    .0
8303100119960523    .0
8303100119960524    .0
8303100119960525    .0
8303100119960526    .0
8303100119960527    .0
8303100119960528    .0
8303100119960529    .0
8303100119960530    .0
8303100119960531    .0
8303100119960601    .0
8303100119960602   7.0
8303100119960603  10.6
8303100119960604    .0
8303100119960605    .0
8303100119960606    .0
8303100119960607    .0
8303100119960608    .0
8303100119960609    .0
8303100119960610    .0
8303100119960611    .0
8303100119960612    .0
8303100119960613    .0
8303100119960614    .0
8303100119960615    .1
8303100119960616   1.2
8303100119960617    .0
8303100119960618    .0
8303100119960619    .0
8303100119960620   1.6
8303100119960621   1.8
8303100119960622    .0
8303100119960623    .0
8303100119960624    .0
8303100119960625    .0
8303100119960626    .2
8303100119960627    .0
8303100119960628    .0
8303100119960629    .0
8303100119960630    .0
8303100119960701    .0
8303100119960702    .0
8303100119960703    .0
8303100119960704    .0
8303100119960705    .0
8303100119960706    .0
8303100119960707   1.4
8303100119960708    .0
8303100119960709    .0
8303100119960710    .0
8303100119960711    .0
8303100119960712    .0
8303100119960713    .0
8303100119960714    .0
8303100119960715    .0
8303100119960716    .0
8303100119960717    .0
8303100119960718    .0
8303100119960719    .0
8303100119960720    .0
8303100119960721    .0
8303100119960722    .0
8303100119960723    .0
8303100119960724    .0
8303100119960725    .0
8303100119960726    .0
8303100119960727    .8
8303100119960728    .0
8303100119960729    .0
8303100119960730    .0
8303100119960731    .0
8303100119960801    .0
8303100119960802    .0
8303100119960803    .0
8303100119960804    .0
8303100119960805  24.0
8303100119960806    .0
8303100119960807    .0
8303100119960808  30.4
8303100119960809    .0
8303100119960810   6.6
8303100119960811   5.2
8303100119960812    .0
8303100119960813    .0
8303100119960814    .0
8303100119960815    .0
8303100119960816    .0
8303100119960817    .0
8303100119960818    .0
8303100119960819    .0
8303100119960820    .0
8303100119960821  25.6
8303100119960822    .0
8303100119960823    .0
8303100119960824   2.2
8303100119960825    .0
8303100119960826  12.0
8303100119960827    .0
8303100119960828    .0
8303100119960829    .0
8303100119960830    .0
8303100119960831    .0
8303100119960901    .0
8303100119960902   4.2
8303100119960903 114.8
8303100119960904    .0
8303100119960905    .0
8303100119960906    .0
8303100119960907    .0
8303100119960908    .0
8303100119960909    .0
8303100119960910    .0
8303100119960911    .6
8303100119960912    .2
8303100119960913    .0
8303100119960914    .0
8303100119960915    .0
8303100119960916    .0
8303100119960917  51.0
8303100119960918    .2
8303100119960919  17.8
8303100119960920  21.8
8303100119960921   7.6
8303100119960922  19.2
8303100119960923    .0
8303100119960924    .0
8303100119960925    .0
8303100119960926    .0
8303100119960927    .0
8303100119960928    .0
8303100119960929    .0
8303100119960930    .0
8303100119961001   5.2
8303100119961002   3.6
8303100119961003   1.2
8303100119961004    .0
8303100119961005    .0
8303100119961006    .2
8303100119961007  31.4
8303100119961008   3.0
8303100119961009    .0
8303100119961010  13.6
8303100119961011    .0
8303100119961012    .0
8303100119961013    .0
8303100119961014   8.4
8303100119961015  23.6
8303100119961016    .0
8303100119961017    .0
8303100119961018    .0
8303100119961019    .0
8303100119961020    .0
8303100119961021    .0
8303100119961022    .2
8303100119961023    .2
8303100119961024    .4
8303100119961025    .0
8303100119961026    .0
8303100119961027    .0
8303100119961028    .0
8303100119961029    .0
8303100119961030    .0
8303100119961031    .0
8303100119961101    .0
8303100119961102    .0
8303100119961103    .0
8303100119961104    .0
8303100119961105   7.2
8303100119961106    .0
8303100119961107    .0
8303100119961108    .0
8303100119961109    .0
8303100119961110  20.4
8303100119961111  35.8
8303100119961112    .6
8303100119961113   7.0
8303100119961114    .2
8303100119961115  15.6
8303100119961116  22.8
8303100119961117  61.6
8303100119961118   4.0
8303100119961119    .6
8303100119961120    .0
8303100119961121    .4
8303100119961122    .0
8303100119961123   3.0
8303100119961124    .0
8303100119961125   7.0
8303100119961126    .0
8303100119961127    .2
8303100119961128    .0
8303100119961129    .0
8303100119961130    .0
8303100119961201    .0
8303100119961202    .0
8303100119961203    .0
8303100119961204   2.8
8303100119961205    .0
8303100119961206   6.4
8303100119961207    .0
8303100119961208  18.4
8303100119961209   8.8
8303100119961210  15.6
8303100119961211    .4
8303100119961212   7.4
8303100119961213   2.2
8303100119961214    .0
8303100119961215    .0
8303100119961216    .2
8303100119961217    .2
8303100119961218   1.2
8303100119961219  25.8
8303100119961220    .6
8303100119961221    .2
8303100119961222  15.4
8303100119961223    .0
8303100119961224   3.2
8303100119961225    .2
8303100119961226    .0
8303100119961227    .0
8303100119961228    .4
8303100119961229    .2
8303100119961230    .0
8303100119961231  12.4
8303100119970101    .8
8303100119970102  38.4
8303100119970103  15.4
8303100119970104  10.4
8303100119970105    .0
8303100119970106   2.4
8303100119970107    .0
8303100119970108  35.4
8303100119970109    .0
8303100119970110    .0
8303100119970111    .0
8303100119970112    .2
8303100119970113    .2
8303100119970114    .2
8303100119970115    .0
8303100119970116    .0
8303100119970117    .0
8303100119970118  10.6
8303100119970119  19.8
8303100119970120   2.2
8303100119970121    .0
8303100119970122    .0
8303100119970123    .0
8303100119970124    .0
8303100119970125    .0
8303100119970126    .0
8303100119970127    .6
8303100119970128    .0
8303100119970129    .0
8303100119970130    .0
8303100119970131    .0
8303100119970201    .0
8303100119970202    .0
8303100119970203    .0
8303100119970204    .0
8303100119970205    .0
8303100119970206    .0
8303100119970207    .0
8303100119970208    .0
8303100119970209    .0
8303100119970210    .0
8303100119970211    .0
8303100119970212    .0
8303100119970213    .0
8303100119970214    .8
8303100119970215    .0
8303100119970216    .0
8303100119970217    .0
8303100119970218    .0
8303100119970219    .0
8303100119970220    .0
8303100119970221    .0
8303100119970222    .0
8303100119970223   2.6
8303100119970224    .0
8303100119970225    .0
8303100119970226    .0
8303100119970227    .0
8303100119970228    .0
8303100119970301    .0
8303100119970302    .0
8303100119970303    .0
8303100119970304    .0
8303100119970305    .0
8303100119970306    .8
8303100119970307    .0
8303100119970308    .0
8303100119970309    .0
8303100119970310    .0
8303100119970311    .0
8303100119970312    .0
8303100119970313    .0
8303100119970314   3.6
8303100119970315    .0
8303100119970316    .0
8303100119970317    .0
8303100119970318    .0
8303100119970319    .0
8303100119970320    .0
8303100119970321    .0
8303100119970322    .0
8303100119970323    .0
8303100119970324    .0
8303100119970325   4.4
8303100119970326    .0
8303100119970327    .0
8303100119970328    .0
8303100119970329    .0
8303100119970330    .0
8303100119970331    .0
8303100119970401    .0
8303100119970402    .0
8303100119970403    .0
8303100119970404    .0
8303100119970405    .0
8303100119970406    .0
8303100119970407    .0
8303100119970408    .0
8303100119970409    .0
8303100119970410    .0
8303100119970411    .0
8303100119970412    .0
8303100119970413    .0
8303100119970414    .0
8303100119970415    .0
8303100119970416    .0
8303100119970417    .0
8303100119970418    .0
8303100119970419   9.6
8303100119970420    .4
8303100119970421    .0
8303100119970422    .0
8303100119970423    .0
8303100119970424    .0
8303100119970425    .0
8303100119970426   6.8
8303100119970427    .0
8303100119970428    .0
8303100119970429    .0
8303100119970430   1.0
8303100119970501    .2
8303100119970502    .0
8303100119970503    .0
8303100119970504    .0
8303100119970505   1.4
8303100119970506    .2
8303100119970507    .0
8303100119970508    .0
8303100119970509    .0
8303100119970510    .0
8303100119970511   4.0
8303100119970512    .8
8303100119970513    .0
8303100119970514    .0
8303100119970515    .0
8303100119970516    .0
8303100119970517   1.0
8303100119970518    .0
8303100119970519    .0
8303100119970520    .0
8303100119970521    .0
8303100119970522    .0
8303100119970523    .0
8303100119970524    .0
8303100119970525    .0
8303100119970526    .0
8303100119970527    .0
8303100119970528    .0
8303100119970529    .0
8303100119970530    .0
8303100119970531    .6
8303100119970601  31.8
8303100119970602    .0
8303100119970603    .0
8303100119970604   3.8
8303100119970605  39.0
8303100119970606    .0
8303100119970607    .0
8303100119970608    .0
8303100119970609    .0
8303100119970610    .0
8303100119970611    .0
8303100119970612    .0
8303100119970613    .0
8303100119970614    .0
8303100119970615    .0
8303100119970616    .0
8303100119970617    .0
8303100119970618   1.4
8303100119970619   4.2
8303100119970620    .0
8303100119970621    .0
8303100119970622    .0
8303100119970623    .0
8303100119970624    .0
8303100119970625    .0
8303100119970626  12.0
8303100119970627   1.6
8303100119970628   4.0
8303100119970629    .0
8303100119970630    .0
8303100119970701    .0
8303100119970702   4.0
8303100119970703    .0
8303100119970704    .0
8303100119970705    .0
8303100119970706    .0
8303100119970707    .0
8303100119970708    .0
8303100119970709    .0
8303100119970710    .0
8303100119970711   9.0
8303100119970712    .0
8303100119970713    .0
8303100119970714    .2
8303100119970715    .0
8303100119970716    .0
8303100119970717    .0
8303100119970718    .0
8303100119970719    .0
8303100119970720    .0
8303100119970721    .0
8303100119970722    .0
8303100119970723    .0
8303100119970724    .0
8303100119970725    .0
8303100119970726    .0
8303100119970727    .0
8303100119970728    .0
8303100119970729    .0
8303100119970730    .0
8303100119970731    .0
8303100119970801    .0
8303100119970802    .0
8303100119970803    .0
8303100119970804    .0
8303100119970805    .0
8303100119970806   7.8
8303100119970807    .0
8303100119970808    .0
8303100119970809    .0
8303100119970810    .0
8303100119970811  45.8
8303100119970812    .0
8303100119970813    .0
8303100119970814    .0
8303100119970815    .0
8303100119970816   4.2
8303100119970817   2.4
8303100119970818    .0
8303100119970819    .0
8303100119970820    .0
8303100119970821   5.8
8303100119970822    .0
8303100119970823    .2
8303100119970824    .0
8303100119970825   1.6
8303100119970826   2.6
8303100119970827    .0
8303100119970828  10.8
8303100119970829    .0
8303100119970830    .0
8303100119970831    .0
8303100119970901    .2
8303100119970902   4.2
8303100119970903    .0
8303100119970904    .0
8303100119970905    .0
8303100119970906    .0
8303100119970907    .0
8303100119970908    .0
8303100119970909    .0
8303100119970910    .0
8303100119970911    .0
8303100119970912    .0
8303100119970913   6.8
8303100119970914    .0
8303100119970915    .0
8303100119970916    .0
8303100119970917    .0
8303100119970918    .0
8303100119970919    .0
8303100119970920    .2
8303100119970921    .0
8303100119970922    .0
8303100119970923    .0
8303100119970924    .0
8303100119970925    .0
8303100119970926    .0
8303100119970927    .0
8303100119970928    .0
8303100119970929    .0
8303100119970930    .2
8303100119971001    .0
8303100119971002    .0
8303100119971003    .0
8303100119971004    .0
8303100119971005    .2
8303100119971006  25.0
8303100119971007   2.8
8303100119971008    .0
8303100119971009    .2
8303100119971010    .0
8303100119971011    .0
8303100119971012    .0
8303100119971013    .0
8303100119971014    .0
8303100119971015    .0
8303100119971016    .0
8303100119971017    .6
8303100119971018    .2
8303100119971019    .0
8303100119971020  17.4
8303100119971021    .0
8303100119971022   1.2
8303100119971023   5.6
8303100119971024    .0
8303100119971025    .2
8303100119971026    .2
8303100119971027    .0
8303100119971028    .0
8303100119971029    .0
8303100119971030    .2
8303100119971031    .0
8303100119971101    .2
8303100119971102    .0
8303100119971103    .0
8303100119971104    .0
8303100119971105  46.0
8303100119971106  60.2
8303100119971107    .2
8303100119971108   2.6
8303100119971109    .2
8303100119971110    .0
8303100119971111  25.2
8303100119971112    .0
8303100119971113    .0
8303100119971114    .0
8303100119971115    .2
8303100119971116    .0
8303100119971117    .0
8303100119971118    .0
8303100119971119   2.2
8303100119971120   1.6
8303100119971121    .0
8303100119971122    .0
8303100119971123    .0
8303100119971124   2.4
8303100119971125   2.8
8303100119971126    .8
8303100119971127    .0
8303100119971128  10.2
8303100119971129    .2
8303100119971130    .0
8303100119971201    .0
8303100119971202    .8
8303100119971203    .0
8303100119971204    .0
8303100119971205    .0
8303100119971206    .2
8303100119971207    .0
8303100119971208    .0
8303100119971209    .0
8303100119971210    .0
8303100119971211    .0
8303100119971212    .0
8303100119971213    .0
8303100119971214    .0
8303100119971215   1.8
8303100119971216  10.2
8303100119971217  17.2
8303100119971218  39.4
8303100119971219  44.6
8303100119971220    .0
8303100119971221    .0
8303100119971222    .0
8303100119971223    .0
8303100119971224    .2
8303100119971225    .2
8303100119971226    .0
8303100119971227    .0
8303100119971228    .0
8303100119971229    .0
8303100119971230   1.0
8303100119971231    .0
8303100119980101    .0
8303100119980102   1.8
8303100119980103    .0
8303100119980104    .0
8303100119980105    .0
8303100119980106    .0
8303100119980107    .0
8303100119980108    .0
8303100119980109    .0
8303100119980110    .2
8303100119980111    .0
8303100119980112    .0
8303100119980113   5.4
8303100119980114  32.6
8303100119980115    .0
8303100119980116   4.0
8303100119980117    .0
8303100119980118   2.2
8303100119980119    .0
8303100119980120    .0
8303100119980121    .0
8303100119980122    .0
8303100119980123    .0
8303100119980124    .2
8303100119980125   2.4
8303100119980126    .2
8303100119980127    .0
8303100119980128    .0
8303100119980129    .0
8303100119980130    .0
8303100119980131    .0
8303100119980201    .2
8303100119980202    .2
8303100119980203    .4
8303100119980204    .0
8303100119980205    .0
8303100119980206    .0
8303100119980207    .0
8303100119980208    .0
8303100119980209    .0
8303100119980210    .0
8303100119980211    .0
8303100119980212    .0
8303100119980213    .0
8303100119980214    .2
8303100119980215    .4
8303100119980216    .0
8303100119980217    .0
8303100119980218    .0
8303100119980219    .2
8303100119980220    .2
8303100119980221    .0
8303100119980222   7.2
8303100119980223   1.2
8303100119980224    .2
8303100119980225    .0
8303100119980226    .0
8303100119980227    .2
8303100119980228    .0
8303100119980301    .0
8303100119980302    .0
8303100119980303    .0
8303100119980304    .0
8303100119980305    .0
8303100119980306    .0
8303100119980307    .0
8303100119980308    .0
8303100119980309    .0
8303100119980310    .0
8303100119980311   4.2
8303100119980312   1.0
8303100119980313    .0
8303100119980314    .0
8303100119980315    .0
8303100119980316    .0
8303100119980317    .0
8303100119980318    .2
8303100119980319    .2
8303100119980320    .0
8303100119980321    .0
8303100119980322    .0
8303100119980323    .0
8303100119980324    .0
8303100119980325    .0
8303100119980326    .0
8303100119980327    .0
8303100119980328    .0
8303100119980329    .0
8303100119980330    .0
8303100119980331    .2
8303100119980401   4.0
8303100119980402    .0
8303100119980403    .0
8303100119980404    .0
8303100119980405    .2
8303100119980406    .0
8303100119980407    .6
8303100119980408    .0
8303100119980409    .8
8303100119980410  13.2
8303100119980411   5.4
8303100119980412    .0
8303100119980413    .0
8303100119980414   3.0
8303100119980415  16.2
8303100119980416   6.4
8303100119980417    .0
8303100119980418    .0
8303100119980419    .0
8303100119980420    .0
8303100119980421    .0
8303100119980422    .0
8303100119980423    .0
8303100119980424    .0
8303100119980425    .0
8303100119980426    .6
8303100119980427   4.8
8303100119980428    .0
8303100119980429  46.0
8303100119980430  49.4
8303100119980501    .2
8303100119980502   9.4
8303100119980503    .0
8303100119980504    .0
8303100119980505    .0
8303100119980506    .0
8303100119980507    .2
8303100119980508    .0
8303100119980509    .0
8303100119980510    .0
8303100119980511    .0
8303100119980512    .0
8303100119980513    .0
8303100119980514    .0
8303100119980515    .0
8303100119980516    .0
8303100119980517   4.2
8303100119980518    .0
8303100119980519    .0
8303100119980520    .0
8303100119980521   2.4
8303100119980522    .0
8303100119980523    .0
8303100119980524    .0
8303100119980525   3.0
8303100119980526    .0
8303100119980527  14.8
8303100119980528  33.0
8303100119980529    .0
8303100119980530   4.0
8303100119980531   6.8
8303100119980601    .0
8303100119980602    .0
8303100119980603    .0
8303100119980604    .0
8303100119980605    .0
8303100119980606   6.8
8303100119980607  25.0
8303100119980608    .0
8303100119980609    .0
8303100119980610    .0
8303100119980611    .0
8303100119980612    .0
8303100119980613    .0
8303100119980614    .0
8303100119980615    .0
8303100119980616    .0
8303100119980617    .0
8303100119980618    .0
8303100119980619    .0
8303100119980620    .0
8303100119980621    .0
8303100119980622    .0
8303100119980623    .0
8303100119980624    .0
8303100119980625    .0
8303100119980626    .0
8303100119980627    .0
8303100119980628    .0
8303100119980629    .0
8303100119980630    .0
8303100119980701    .0
8303100119980702    .0
8303100119980703    .0
8303100119980704    .0
8303100119980705    .0
8303100119980706    .0
8303100119980707    .0
8303100119980708    .0
8303100119980709    .0
8303100119980710    .0
8303100119980711    .0
8303100119980712    .0
8303100119980713    .2
8303100119980714    .0
8303100119980715    .0
8303100119980716    .0
8303100119980717    .0
8303100119980718    .0
8303100119980719    .0
8303100119980720    .0
8303100119980721    .0
8303100119980722    .0
8303100119980723    .0
8303100119980724    .0
8303100119980725    .0
8303100119980726    .0
8303100119980727    .0
8303100119980728    .0
8303100119980729    .0
8303100119980730    .0
8303100119980731    .0
8303100119980801    .0
8303100119980802    .6
8303100119980803  37.0
8303100119980804   8.0
8303100119980805    .0
8303100119980806    .0
8303100119980807    .0
8303100119980808    .0
8303100119980809    .0
8303100119980810    .0
8303100119980811    .0
8303100119980812    .0
8303100119980813    .0
8303100119980814    .0
8303100119980815    .0
8303100119980816    .0
8303100119980817    .0
8303100119980818    .8
8303100119980819    .0
8303100119980820   3.4
8303100119980821    .0
8303100119980822    .0
8303100119980823    .0
8303100119980824    .0
8303100119980825    .0
8303100119980826    .0
8303100119980827    .0
8303100119980828   8.0
8303100119980829    .0
8303100119980830    .0
8303100119980831    .0
8303100119980901    .0
8303100119980902    .0
8303100119980903    .0
8303100119980904  27.2
8303100119980905    .0
8303100119980906    .0
8303100119980907  65.8
8303100119980908    .0
8303100119980909    .0
8303100119980910    .0
8303100119980911   9.6
8303100119980912    .0
8303100119980913    .0
8303100119980914    .0
8303100119980915    .0
8303100119980916    .0
8303100119980917    .0
8303100119980918    .0
8303100119980919    .0
8303100119980920    .0
8303100119980921    .0
8303100119980922    .0
8303100119980923    .0
8303100119980924    .0
8303100119980925    .0
8303100119980926   8.2
8303100119980927   2.8
8303100119980928    .0
8303100119980929   8.4
8303100119980930   7.4
8303100119981001    .0
8303100119981002    .2
8303100119981003    .0
8303100119981004   4.8
8303100119981005  25.2
8303100119981006    .2
8303100119981007    .0
8303100119981008   4.4
8303100119981009   5.4
8303100119981010    .0
8303100119981011    .0
8303100119981012    .0
8303100119981013    .0
8303100119981014    .0
8303100119981015    .0
8303100119981016    .0
8303100119981017    .0
8303100119981018   9.8
8303100119981019   1.0
8303100119981020    .0
8303100119981021    .2
8303100119981022    .0
8303100119981023    .2
8303100119981024    .0
8303100119981025    .4
8303100119981026    .0
8303100119981027    .0
8303100119981028    .0
8303100119981029    .0
8303100119981030    .0
8303100119981031    .0
8303100119981101    .0
8303100119981102    .2
8303100119981103  10.0
8303100119981104   4.6
8303100119981105    .0
8303100119981106    .0
8303100119981107    .0
8303100119981108    .0
8303100119981109    .2
8303100119981110    .0
8303100119981111    .0
8303100119981112    .0
8303100119981113   1.4
8303100119981114    .4
8303100119981115    .0
8303100119981116    .0
8303100119981117    .0
8303100119981118    .0
8303100119981119    .0
8303100119981120    .2
8303100119981121    .0
8303100119981122    .0
8303100119981123    .0
8303100119981124    .0
8303100119981125   3.6
8303100119981126    .0
8303100119981127    .0
8303100119981128    .0
8303100119981129   1.4
8303100119981130    .6
8303100119981201    .0
8303100119981202    .0
8303100119981203    .0
8303100119981204    .0
8303100119981205    .0
8303100119981206    .0
8303100119981207    .0
8303100119981208    .0
8303100119981209    .0
8303100119981210    .2
8303100119981211    .0
8303100119981212    .0
8303100119981213    .4
8303100119981214    .4
8303100119981215    .2
8303100119981216    .2
8303100119981217    .2
8303100119981218    .2
8303100119981219    .0
8303100119981220    .4
8303100119981221    .0
8303100119981222    .0
8303100119981223    .2
8303100119981224   2.6
8303100119981225    .0
8303100119981226    .2
8303100119981227    .2
8303100119981228    .4
8303100119981229   5.6
8303100119981230    .4
8303100119981231  36.6
