8306100119940101    .0
8306100119940102    .0
8306100119940103    .0
8306100119940104    .0
8306100119940105   9.2
8306100119940106  34.4
8306100119940107  29.2
8306100119940108   1.8
8306100119940109    .0
8306100119940110  52.6
8306100119940111   3.4
8306100119940112    .0
8306100119940113    .0
8306100119940114    .0
8306100119940115    .0
8306100119940116    .0
8306100119940117   9.0
8306100119940118    .0
8306100119940119    .0
8306100119940120    .0
8306100119940121    .0
8306100119940122    .0
8306100119940123    .0
8306100119940124    .0
8306100119940125    .0
8306100119940126    .0
8306100119940127    .0
8306100119940128    .0
8306100119940129    .0
8306100119940130    .0
8306100119940131    .0
8306100119940201    .0
8306100119940202    .0
8306100119940203  22.6
8306100119940204  46.2
8306100119940205  17.4
8306100119940206    .0
8306100119940207    .0
8306100119940208    .4
8306100119940209    .0
8306100119940210    .0
8306100119940211    .0
8306100119940212    .0
8306100119940213   1.4
8306100119940214    .0
8306100119940215    .0
8306100119940216    .0
8306100119940217    .0
8306100119940218    .0
8306100119940219    .0
8306100119940220   1.0
8306100119940221    .0
8306100119940222    .0
8306100119940223   9.8
8306100119940224    .0
8306100119940225    .0
8306100119940226    .0
8306100119940227    .0
8306100119940228    .0
8306100119940301   9.0
8306100119940302    .0
8306100119940303    .0
8306100119940304    .0
8306100119940305    .0
8306100119940306    .0
8306100119940307    .0
8306100119940308    .0
8306100119940309    .0
8306100119940310    .0
8306100119940311    .0
8306100119940312    .0
8306100119940313    .0
8306100119940314    .0
8306100119940315    .0
8306100119940316    .0
8306100119940317    .0
8306100119940318    .0
8306100119940319    .0
8306100119940320    .0
8306100119940321    .0
8306100119940322    .0
8306100119940323    .0
8306100119940324    .0
8306100119940325    .0
8306100119940326    .0
8306100119940327    .0
8306100119940328    .0
8306100119940329    .0
8306100119940330    .0
8306100119940331    .0
8306100119940401    .0
8306100119940402    .0
8306100119940403    .0
8306100119940404    .0
8306100119940405    .0
8306100119940406    .0
8306100119940407   6.2
8306100119940408    .0
8306100119940409   1.0
8306100119940410    .0
8306100119940411    .0
8306100119940412    .0
8306100119940413    .0
8306100119940414    .0
8306100119940415    .6
8306100119940416  17.8
8306100119940417   3.8
8306100119940418    .0
8306100119940419    .2
8306100119940420    .8
8306100119940421    .0
8306100119940422    .0
8306100119940423    .0
8306100119940424  20.4
8306100119940425   6.4
8306100119940426    .0
8306100119940427    .0
8306100119940428    .0
8306100119940429    .0
8306100119940430    .0
8306100119940501    .0
8306100119940502    .0
8306100119940503    .0
8306100119940504    .0
8306100119940505    .0
8306100119940506    .0
8306100119940507    .0
8306100119940508    .0
8306100119940509   5.0
8306100119940510    .0
8306100119940511    .0
8306100119940512    .0
8306100119940513   5.2
8306100119940514    .0
8306100119940515    .0
8306100119940516   1.0
8306100119940517   1.0
8306100119940518    .2
8306100119940519    .0
8306100119940520    .0
8306100119940521    .0
8306100119940522    .0
8306100119940523    .0
8306100119940524   1.4
8306100119940525    .0
8306100119940526    .0
8306100119940527    .0
8306100119940528    .0
8306100119940529    .0
8306100119940530    .0
8306100119940531    .0
8306100119940601    .0
8306100119940602    .0
8306100119940603    .0
8306100119940604    .0
8306100119940605    .0
8306100119940606    .0
8306100119940607    .0
8306100119940608    .0
8306100119940609   1.8
8306100119940610   5.8
8306100119940611   9.2
8306100119940612    .0
8306100119940613    .0
8306100119940614    .0
8306100119940615    .0
8306100119940616    .0
8306100119940617    .0
8306100119940618    .0
8306100119940619    .0
8306100119940620    .0
8306100119940621    .4
8306100119940622    .0
8306100119940623    .0
8306100119940624    .0
8306100119940625   8.8
8306100119940626  54.6
8306100119940627    .0
8306100119940628    .0
8306100119940629    .0
8306100119940630    .0
8306100119940701    .0
8306100119940702    .0
8306100119940703    .0
8306100119940704    .0
8306100119940705    .0
8306100119940706    .0
8306100119940707    .0
8306100119940708    .0
8306100119940709    .0
8306100119940710    .0
8306100119940711    .4
8306100119940712    .0
8306100119940713    .0
8306100119940714    .0
8306100119940715    .0
8306100119940716    .0
8306100119940717    .0
8306100119940718    .2
8306100119940719    .0
8306100119940720    .0
8306100119940721    .0
8306100119940722    .0
8306100119940723    .0
8306100119940724    .0
8306100119940725    .0
8306100119940726    .0
8306100119940727   1.6
8306100119940728    .0
8306100119940729    .0
8306100119940730    .0
8306100119940731  30.0
8306100119940801    .0
8306100119940802    .0
8306100119940803    .0
8306100119940804    .0
8306100119940805    .0
8306100119940806    .0
8306100119940807    .0
8306100119940808    .0
8306100119940809    .0
8306100119940810    .0
8306100119940811    .0
8306100119940812    .0
8306100119940813   1.2
8306100119940814    .0
8306100119940815    .0
8306100119940816    .0
8306100119940817    .0
8306100119940818    .0
8306100119940819    .0
8306100119940820    .0
8306100119940821    .0
8306100119940822    .0
8306100119940823    .0
8306100119940824    .0
8306100119940825    .0
8306100119940826    .0
8306100119940827    .0
8306100119940828    .0
8306100119940829    .0
8306100119940830    .2
8306100119940831  13.6
8306100119940901   2.8
8306100119940902    .6
8306100119940903    .0
8306100119940904    .0
8306100119940905    .0
8306100119940906    .0
8306100119940907    .0
8306100119940908  14.8
8306100119940909    .0
8306100119940910    .0
8306100119940911    .0
8306100119940912    .0
8306100119940913  23.4
8306100119940914  18.6
8306100119940915    .0
8306100119940916   5.6
8306100119940917    .0
8306100119940918   4.6
8306100119940919    .0
8306100119940920   1.0
8306100119940921  23.2
8306100119940922   2.0
8306100119940923  56.0
8306100119940924    .0
8306100119940925  13.4
8306100119940926  15.2
8306100119940927    .0
8306100119940928    .0
8306100119940929    .4
8306100119940930  11.0
8306100119941001    .2
8306100119941002    .0
8306100119941003    .0
8306100119941004    .0
8306100119941005    .0
8306100119941006    .0
8306100119941007   3.0
8306100119941008    .0
8306100119941009    .0
8306100119941010   2.2
8306100119941011    .0
8306100119941012    .0
8306100119941013    .0
8306100119941014    .0
8306100119941015    .0
8306100119941016    .0
8306100119941017    .0
8306100119941018    .0
8306100119941019  45.0
8306100119941020  44.2
8306100119941021   2.8
8306100119941022  30.8
8306100119941023   2.6
8306100119941024    .0
8306100119941025    .0
8306100119941026    .0
8306100119941027   2.2
8306100119941028  13.4
8306100119941029    .0
8306100119941030    .0
8306100119941031    .0
8306100119941101    .0
8306100119941102  13.4
8306100119941103  19.4
8306100119941104  30.2
8306100119941105  24.6
8306100119941106    .0
8306100119941107  19.2
8306100119941108    .0
8306100119941109  48.6
8306100119941110    .0
8306100119941111    .0
8306100119941112    .0
8306100119941113    .0
8306100119941114    .0
8306100119941115    .0
8306100119941116    .0
8306100119941117    .0
8306100119941118    .0
8306100119941119    .0
8306100119941120    .0
8306100119941121    .0
8306100119941122    .0
8306100119941123    .0
8306100119941124    .0
8306100119941125    .0
8306100119941126    .0
8306100119941127    .0
8306100119941128    .0
8306100119941129    .0
8306100119941130    .0
8306100119941201    .0
8306100119941202    .0
8306100119941203    .0
8306100119941204    .0
8306100119941205    .0
8306100119941206    .0
8306100119941207  19.2
8306100119941208    .0
8306100119941209    .0
8306100119941210    .0
8306100119941211    .0
8306100119941212    .0
8306100119941213    .0
8306100119941214    .0
8306100119941215    .0
8306100119941216    .0
8306100119941217    .0
8306100119941218    .0
8306100119941219   9.0
8306100119941220    .0
8306100119941221   3.2
8306100119941222    .0
8306100119941223    .0
8306100119941224    .0
8306100119941225    .0
8306100119941226    .0
8306100119941227    .0
8306100119941228    .0
8306100119941229    .0
8306100119941230    .0
8306100119941231    .0
8306100119950101    .0
8306100119950102    .0
8306100119950103    .0
8306100119950104    .0
8306100119950105    .0
8306100119950106    .2
8306100119950107    .0
8306100119950108    .0
8306100119950109    .0
8306100119950110    .0
8306100119950111    .0
8306100119950112    .0
8306100119950113    .0
8306100119950114    .0
8306100119950115    .0
8306100119950116    .0
8306100119950117    .0
8306100119950118  42.2
8306100119950119    .0
8306100119950120  11.8
8306100119950121    .0
8306100119950122    .0
8306100119950123    .0
8306100119950124    .0
8306100119950125    .0
8306100119950126    .0
8306100119950127    .0
8306100119950128    .0
8306100119950129    .0
8306100119950130    .0
8306100119950131    .0
8306100119950201    .0
8306100119950202    .0
8306100119950203    .0
8306100119950204    .0
8306100119950205    .0
8306100119950206    .0
8306100119950207    .0
8306100119950208    .0
8306100119950209    .0
8306100119950210  10.4
8306100119950211    .0
8306100119950212   1.4
8306100119950213  24.2
8306100119950214    .0
8306100119950215    .0
8306100119950216    .0
8306100119950217    .0
8306100119950218    .0
8306100119950219    .0
8306100119950220    .0
8306100119950221    .0
8306100119950222   1.8
8306100119950223    .0
8306100119950224   2.2
8306100119950225    .6
8306100119950226    .2
8306100119950227    .0
8306100119950228    .0
8306100119950301    .0
8306100119950302    .0
8306100119950303    .2
8306100119950304    .4
8306100119950305    .2
8306100119950306    .0
8306100119950307    .0
8306100119950308  11.8
8306100119950309    .0
8306100119950310    .0
8306100119950311    .0
8306100119950312    .0
8306100119950313   7.8
8306100119950314    .0
8306100119950315    .0
8306100119950316    .0
8306100119950317    .0
8306100119950318    .0
8306100119950319    .0
8306100119950320    .0
8306100119950321    .0
8306100119950322    .0
8306100119950323    .0
8306100119950324    .0
8306100119950325    .0
8306100119950326    .0
8306100119950327    .0
8306100119950328    .0
8306100119950329    .0
8306100119950330    .0
8306100119950331    .0
8306100119950401    .0
8306100119950402    .0
8306100119950403    .0
8306100119950404    .0
8306100119950405    .0
8306100119950406    .0
8306100119950407    .0
8306100119950408    .2
8306100119950409    .0
8306100119950410    .0
8306100119950411    .0
8306100119950412    .0
8306100119950413  11.0
8306100119950414  12.4
8306100119950415    .0
8306100119950416    .0
8306100119950417    .0
8306100119950418    .0
8306100119950419   3.0
8306100119950420    .2
8306100119950421  25.2
8306100119950422  30.0
8306100119950423  31.4
8306100119950424  66.8
8306100119950425    .2
8306100119950426    .0
8306100119950427    .0
8306100119950428    .0
8306100119950429    .0
8306100119950430   1.4
8306100119950501    .0
8306100119950502    .0
8306100119950503    .0
8306100119950504    .0
8306100119950505    .0
8306100119950506    .0
8306100119950507    .0
8306100119950508    .2
8306100119950509    .0
8306100119950510    .0
8306100119950511   5.4
8306100119950512   5.4
8306100119950513    .0
8306100119950514    .0
8306100119950515    .0
8306100119950516   3.0
8306100119950517    .0
8306100119950518   6.6
8306100119950519    .0
8306100119950520    .0
8306100119950521    .0
8306100119950522    .0
8306100119950523    .0
8306100119950524    .0
8306100119950525  10.8
8306100119950526  16.6
8306100119950527    .2
8306100119950528    .0
8306100119950529    .0
8306100119950530    .0
8306100119950531  11.0
8306100119950601    .0
8306100119950602    .0
8306100119950603    .2
8306100119950604    .2
8306100119950605    .0
8306100119950606    .0
8306100119950607    .0
8306100119950608    .0
8306100119950609    .0
8306100119950610   1.2
8306100119950611    .0
8306100119950612    .0
8306100119950613    .0
8306100119950614    .0
8306100119950615    .0
8306100119950616    .0
8306100119950617    .0
8306100119950618    .0
8306100119950619    .0
8306100119950620    .2
8306100119950621    .0
8306100119950622    .0
8306100119950623   7.8
8306100119950624    .0
8306100119950625    .0
8306100119950626    .0
8306100119950627    .0
8306100119950628    .0
8306100119950629    .0
8306100119950630    .0
8306100119950701    .0
8306100119950702    .0
8306100119950703   1.2
8306100119950704    .0
8306100119950705    .0
8306100119950706    .0
8306100119950707    .0
8306100119950708    .0
8306100119950709    .0
8306100119950710    .0
8306100119950711    .0
8306100119950712    .0
8306100119950713    .0
8306100119950714    .0
8306100119950715    .0
8306100119950716    .0
8306100119950717    .0
8306100119950718    .0
8306100119950719    .0
8306100119950720    .0
8306100119950721    .0
8306100119950722    .0
8306100119950723    .0
8306100119950724    .0
8306100119950725    .0
8306100119950726    .0
8306100119950727    .0
8306100119950728    .0
8306100119950729    .0
8306100119950730    .0
8306100119950731  13.8
8306100119950801   5.0
8306100119950802    .0
8306100119950803    .0
8306100119950804    .0
8306100119950805    .0
8306100119950806    .0
8306100119950807    .0
8306100119950808    .0
8306100119950809    .0
8306100119950810    .0
8306100119950811  12.0
8306100119950812    .0
8306100119950813   2.6
8306100119950814    .0
8306100119950815    .0
8306100119950816    .0
8306100119950817   5.6
8306100119950818    .0
8306100119950819    .8
8306100119950820    .0
8306100119950821   2.4
8306100119950822    .0
8306100119950823  18.8
8306100119950824    .0
8306100119950825    .0
8306100119950826    .0
8306100119950827    .0
8306100119950828    .0
8306100119950829    .0
8306100119950830    .0
8306100119950831   3.0
8306100119950901    .0
8306100119950902    .0
8306100119950903    .0
8306100119950904    .0
8306100119950905    .0
8306100119950906   5.0
8306100119950907  23.8
8306100119950908    .0
8306100119950909    .0
8306100119950910    .0
8306100119950911    .0
8306100119950912    .8
8306100119950913   1.8
8306100119950914    .0
8306100119950915    .0
8306100119950916    .0
8306100119950917    .0
8306100119950918   6.2
8306100119950919  29.8
8306100119950920    .2
8306100119950921    .0
8306100119950922    .0
8306100119950923    .0
8306100119950924    .0
8306100119950925    .0
8306100119950926    .0
8306100119950927    .0
8306100119950928    .0
8306100119950929    .0
8306100119950930    .0
8306100119951001    .0
8306100119951002    .0
8306100119951003   4.4
8306100119951004    .0
8306100119951005  49.8
8306100119951006    .2
8306100119951007    .2
8306100119951008    .0
8306100119951009    .0
8306100119951010    .0
8306100119951011    .0
8306100119951012    .0
8306100119951013    .0
8306100119951014    .2
8306100119951015    .2
8306100119951016    .0
8306100119951017    .2
8306100119951018    .2
8306100119951019    .0
8306100119951020    .0
8306100119951021    .2
8306100119951022    .0
8306100119951023    .0
8306100119951024    .0
8306100119951025    .0
8306100119951026    .0
8306100119951027    .0
8306100119951028   1.2
8306100119951029    .4
8306100119951030    .0
8306100119951031    .0
8306100119951101    .0
8306100119951102    .0
8306100119951103    .0
8306100119951104    .0
8306100119951105    .0
8306100119951106    .0
8306100119951107    .0
8306100119951108    .0
8306100119951109    .4
8306100119951110   3.8
8306100119951111    .0
8306100119951112  12.8
8306100119951113  13.4
8306100119951114    .0
8306100119951115   8.8
8306100119951116    .4
8306100119951117    .0
8306100119951118    .0
8306100119951119    .0
8306100119951120    .0
8306100119951121    .0
8306100119951122   6.2
8306100119951123    .0
8306100119951124    .0
8306100119951125   1.4
8306100119951126   9.0
8306100119951127  18.2
8306100119951128    .0
8306100119951129    .2
8306100119951130    .0
8306100119951201    .0
8306100119951202    .0
8306100119951203    .0
8306100119951204   1.2
8306100119951205    .0
8306100119951206   2.4
8306100119951207   9.8
8306100119951208    .0
8306100119951209    .2
8306100119951210    .0
8306100119951211    .2
8306100119951212   4.4
8306100119951213   9.0
8306100119951214   7.2
8306100119951215   3.4
8306100119951216  12.2
8306100119951217   5.0
8306100119951218    .2
8306100119951219    .0
8306100119951220    .0
8306100119951221    .0
8306100119951222   4.8
8306100119951223    .0
8306100119951224    .0
8306100119951225    .0
8306100119951226   4.6
8306100119951227    .0
8306100119951228  13.2
8306100119951229   4.4
8306100119951230  33.4
8306100119951231  11.6
8306100119960101   5.8
8306100119960102    .0
8306100119960103    .2
8306100119960104    .0
8306100119960105  28.2
8306100119960106  14.6
8306100119960107   4.6
8306100119960108    .0
8306100119960109   9.0
8306100119960110  33.8
8306100119960111 100.2
8306100119960112  34.8
8306100119960113    .2
8306100119960114    .8
8306100119960115    .0
8306100119960116    .0
8306100119960117    .0
8306100119960118    .0
8306100119960119    .0
8306100119960120    .0
8306100119960121    .0
8306100119960122    .2
8306100119960123  24.8
8306100119960124  32.6
8306100119960125  30.6
8306100119960126    .2
8306100119960127   1.6
8306100119960128   6.8
8306100119960129    .0
8306100119960130    .0
8306100119960131    .0
8306100119960201  16.4
8306100119960202  10.2
8306100119960203    .2
8306100119960204    .0
8306100119960205   4.0
8306100119960206   1.0
8306100119960207   9.2
8306100119960208    .0
8306100119960209    .0
8306100119960210    .0
8306100119960211    .2
8306100119960212    .6
8306100119960213    .0
8306100119960214   1.2
8306100119960215    .0
8306100119960216    .0
8306100119960217    .0
8306100119960218    .0
8306100119960219    .0
8306100119960220    .0
8306100119960221    .0
8306100119960222    .0
8306100119960223    .0
8306100119960224    .0
8306100119960225    .0
8306100119960226   2.6
8306100119960227    .2
8306100119960228    .0
8306100119960229    .2
8306100119960301    .0
8306100119960302    .4
8306100119960303    .8
8306100119960304    .0
8306100119960305    .0
8306100119960306    .4
8306100119960307   2.4
8306100119960308    .0
8306100119960309    .0
8306100119960310    .0
8306100119960311    .0
8306100119960312    .0
8306100119960313   2.2
8306100119960314  17.8
8306100119960315   1.6
8306100119960316    .4
8306100119960317    .0
8306100119960318   1.8
8306100119960319    .0
8306100119960320    .2
8306100119960321    .2
8306100119960322    .0
8306100119960323    .0
8306100119960324    .2
8306100119960325    .0
8306100119960326    .0
8306100119960327    .0
8306100119960328   1.2
8306100119960329    .0
8306100119960330    .0
8306100119960331    .0
8306100119960401  15.6
8306100119960402    .0
8306100119960403    .0
8306100119960404    .0
8306100119960405    .0
8306100119960406    .0
8306100119960407    .0
8306100119960408    .0
8306100119960409    .0
8306100119960410    .0
8306100119960411    .0
8306100119960412    .0
8306100119960413    .0
8306100119960414    .2
8306100119960415    .0
8306100119960416    .0
8306100119960417    .0
8306100119960418    .0
8306100119960419    .0
8306100119960420    .0
8306100119960421    .0
8306100119960422   4.4
8306100119960423   2.6
8306100119960424    .0
8306100119960425    .2
8306100119960426   3.2
8306100119960427  11.4
8306100119960428   2.4
8306100119960429    .0
8306100119960430    .0
8306100119960501    .0
8306100119960502    .0
8306100119960503    .0
8306100119960504    .0
8306100119960505    .0
8306100119960506    .0
8306100119960507    .0
8306100119960508    .4
8306100119960509   9.8
8306100119960510    .0
8306100119960511    .0
8306100119960512   2.0
8306100119960513    .4
8306100119960514    .0
8306100119960515    .2
8306100119960516    .0
8306100119960517    .0
8306100119960518    .0
8306100119960519   2.0
8306100119960520    .0
8306100119960521    .0
8306100119960522    .0
8306100119960523    .0
8306100119960524    .0
8306100119960525    .0
8306100119960526    .0
8306100119960527    .0
8306100119960528    .0
8306100119960529    .0
8306100119960530    .0
8306100119960531    .0
8306100119960601    .0
8306100119960602    .4
8306100119960603   7.2
8306100119960604    .0
8306100119960605    .0
8306100119960606    .0
8306100119960607    .0
8306100119960608    .0
8306100119960609    .0
8306100119960610    .4
8306100119960611    .0
8306100119960612    .0
8306100119960613    .0
8306100119960614    .0
8306100119960615    .0
8306100119960616    .0
8306100119960617    .0
8306100119960618    .0
8306100119960619    .0
8306100119960620    .8
8306100119960621    .4
8306100119960622    .0
8306100119960623    .0
8306100119960624   4.2
8306100119960625    .0
8306100119960626    .0
8306100119960627    .0
8306100119960628    .0
8306100119960629    .0
8306100119960630    .0
8306100119960701    .0
8306100119960702    .0
8306100119960703    .0
8306100119960704    .0
8306100119960705    .0
8306100119960706    .0
8306100119960707   8.4
8306100119960708    .0
8306100119960709    .0
8306100119960710    .0
8306100119960711    .0
8306100119960712    .0
8306100119960713    .0
8306100119960714    .0
8306100119960715    .0
8306100119960716    .0
8306100119960717    .0
8306100119960718    .0
8306100119960719    .0
8306100119960720    .0
8306100119960721    .0
8306100119960722    .0
8306100119960723    .0
8306100119960724    .0
8306100119960725    .0
8306100119960726    .0
8306100119960727    .0
8306100119960728    .0
8306100119960729    .0
8306100119960730    .0
8306100119960731    .0
8306100119960801    .0
8306100119960802    .0
8306100119960803    .0
8306100119960804    .0
8306100119960805    .6
8306100119960806    .0
8306100119960807    .0
8306100119960808   7.4
8306100119960809    .0
8306100119960810    .4
8306100119960811    .2
8306100119960812    .0
8306100119960813    .0
8306100119960814    .0
8306100119960815    .0
8306100119960816    .0
8306100119960817    .0
8306100119960818    .0
8306100119960819    .0
8306100119960820    .0
8306100119960821  23.0
8306100119960822    .2
8306100119960823    .0
8306100119960824    .2
8306100119960825    .0
8306100119960826   3.2
8306100119960827    .2
8306100119960828    .0
8306100119960829    .0
8306100119960830    .0
8306100119960831    .0
8306100119960901  17.4
8306100119960902   8.6
8306100119960903  38.0
8306100119960904   3.8
8306100119960905    .0
8306100119960906    .0
8306100119960907    .0
8306100119960908    .0
8306100119960909    .0
8306100119960910    .0
8306100119960911    .0
8306100119960912    .2
8306100119960913    .0
8306100119960914    .0
8306100119960915    .0
8306100119960916    .0
8306100119960917    .8
8306100119960918   3.6
8306100119960919  17.2
8306100119960920  21.2
8306100119960921   6.6
8306100119960922  14.8
8306100119960923    .0
8306100119960924    .0
8306100119960925    .0
8306100119960926    .0
8306100119960927    .0
8306100119960928    .4
8306100119960929    .2
8306100119960930    .2
8306100119961001  12.6
8306100119961002   5.8
8306100119961003    .0
8306100119961004    .0
8306100119961005    .0
8306100119961006    .8
8306100119961007  21.8
8306100119961008   6.2
8306100119961009    .0
8306100119961010   6.2
8306100119961011    .0
8306100119961012    .2
8306100119961013    .0
8306100119961014   1.6
8306100119961015  15.8
8306100119961016    .2
8306100119961017    .0
8306100119961018    .0
8306100119961019    .0
8306100119961020    .0
8306100119961021    .2
8306100119961022    .2
8306100119961023    .2
8306100119961024    .2
8306100119961025    .0
8306100119961026    .0
8306100119961027    .0
8306100119961028    .0
8306100119961029    .0
8306100119961030    .0
8306100119961031    .0
8306100119961101    .0
8306100119961102    .0
8306100119961103    .0
8306100119961104    .0
8306100119961105   5.0
8306100119961106    .0
8306100119961107    .0
8306100119961108    .0
8306100119961109    .0
8306100119961110   5.4
8306100119961111  15.0
8306100119961112    .2
8306100119961113   3.0
8306100119961114    .0
8306100119961115   6.2
8306100119961116   5.6
8306100119961117  29.6
8306100119961118   1.2
8306100119961119   1.4
8306100119961120    .0
8306100119961121    .0
8306100119961122    .0
8306100119961123   2.2
8306100119961124    .0
8306100119961125   4.4
8306100119961126    .0
8306100119961127    .0
8306100119961128    .0
8306100119961129    .0
8306100119961130    .0
8306100119961201    .0
8306100119961202    .0
8306100119961203    .0
8306100119961204   3.4
8306100119961205    .0
8306100119961206   8.6
8306100119961207    .0
8306100119961208   8.4
8306100119961209   3.4
8306100119961210  13.2
8306100119961211    .0
8306100119961212   1.8
8306100119961213    .6
8306100119961214    .2
8306100119961215    .2
8306100119961216    .2
8306100119961217    .0
8306100119961218    .0
8306100119961219  23.4
8306100119961220   3.4
8306100119961221    .0
8306100119961222  19.6
8306100119961223   3.4
8306100119961224  93.0
8306100119961225    .0
8306100119961226   3.0
8306100119961227    .2
8306100119961228   1.0
8306100119961229    .0
8306100119961230    .0
8306100119961231  20.8
8306100119970101   4.0
8306100119970102  28.2
8306100119970103  13.6
8306100119970104  10.0
8306100119970105    .0
8306100119970106   3.2
8306100119970107    .0
8306100119970108  35.2
8306100119970109    .0
8306100119970110   1.2
8306100119970111    .0
8306100119970112    .0
8306100119970113    .0
8306100119970114    .0
8306100119970115    .0
8306100119970116    .0
8306100119970117    .2
8306100119970118  20.2
8306100119970119  23.8
8306100119970120  12.8
8306100119970121    .0
8306100119970122    .0
8306100119970123    .0
8306100119970124    .0
8306100119970125    .0
8306100119970126    .2
8306100119970127    .0
8306100119970128    .4
8306100119970129    .0
8306100119970130    .2
8306100119970131    .2
8306100119970201    .0
8306100119970202    .0
8306100119970203    .2
8306100119970204    .2
8306100119970205    .0
8306100119970206    .0
8306100119970207    .0
8306100119970208    .0
8306100119970209    .0
8306100119970210    .2
8306100119970211    .0
8306100119970212    .0
8306100119970213    .0
8306100119970214    .0
8306100119970215    .0
8306100119970216    .0
8306100119970217    .0
8306100119970218    .0
8306100119970219    .0
8306100119970220    .0
8306100119970221    .0
8306100119970222    .0
8306100119970223   2.0
8306100119970224    .0
8306100119970225    .0
8306100119970226    .2
8306100119970227    .0
8306100119970228    .0
8306100119970301    .0
8306100119970302    .0
8306100119970303    .0
8306100119970304    .0
8306100119970305    .0
8306100119970306    .2
8306100119970307    .0
8306100119970308    .2
8306100119970309    .0
8306100119970310    .0
8306100119970311    .0
8306100119970312    .0
8306100119970313    .0
8306100119970314   5.2
8306100119970315    .0
8306100119970316    .0
8306100119970317    .2
8306100119970318    .0
8306100119970319    .0
8306100119970320    .0
8306100119970321    .0
8306100119970322    .0
8306100119970323    .0
8306100119970324    .0
8306100119970325   1.8
8306100119970326    .0
8306100119970327    .2
8306100119970328    .0
8306100119970329    .0
8306100119970330    .0
8306100119970331    .0
8306100119970401    .0
8306100119970402    .0
8306100119970403    .0
8306100119970404    .0
8306100119970405    .0
8306100119970406    .0
8306100119970407    .0
8306100119970408    .0
8306100119970409    .0
8306100119970410    .0
8306100119970411    .0
8306100119970412    .0
8306100119970413    .0
8306100119970414    .0
8306100119970415    .0
8306100119970416    .0
8306100119970417    .0
8306100119970418    .0
8306100119970419   6.8
8306100119970420    .8
8306100119970421    .0
8306100119970422    .0
8306100119970423    .0
8306100119970424    .0
8306100119970425    .0
8306100119970426   5.6
8306100119970427    .2
8306100119970428    .0
8306100119970429    .0
8306100119970430    .0
8306100119970501    .0
8306100119970502    .0
8306100119970503    .2
8306100119970504    .0
8306100119970505   1.6
8306100119970506    .6
8306100119970507    .0
8306100119970508    .0
8306100119970509    .0
8306100119970510    .0
8306100119970511   4.0
8306100119970512   3.0
8306100119970513    .0
8306100119970514    .0
8306100119970515    .0
8306100119970516    .0
8306100119970517    .4
8306100119970518    .0
8306100119970519    .0
8306100119970520    .0
8306100119970521    .0
8306100119970522    .0
8306100119970523    .0
8306100119970524    .0
8306100119970525    .0
8306100119970526    .0
8306100119970527    .0
8306100119970528    .0
8306100119970529    .0
8306100119970530    .0
8306100119970531    .6
8306100119970601  29.4
8306100119970602    .2
8306100119970603    .0
8306100119970604   1.8
8306100119970605  21.6
8306100119970606    .0
8306100119970607    .0
8306100119970608    .0
8306100119970609    .0
8306100119970610    .0
8306100119970611    .0
8306100119970612    .0
8306100119970613    .0
8306100119970614    .0
8306100119970615    .0
8306100119970616    .2
8306100119970617    .0
8306100119970618   1.8
8306100119970619   2.0
8306100119970620    .0
8306100119970621    .0
8306100119970622    .0
8306100119970623    .0
8306100119970624    .0
8306100119970625    .0
8306100119970626  19.0
8306100119970627   1.6
8306100119970628   1.6
8306100119970629  10.6
8306100119970630    .0
8306100119970701    .6
8306100119970702   4.6
8306100119970703    .4
8306100119970704    .0
8306100119970705    .0
8306100119970706    .0
8306100119970707    .0
8306100119970708    .0
8306100119970709    .0
8306100119970710    .0
8306100119970711    .0
8306100119970712    .0
8306100119970713    .2
8306100119970714    .0
8306100119970715    .0
8306100119970716    .0
8306100119970717    .0
8306100119970718    .0
8306100119970719    .0
8306100119970720    .0
8306100119970721    .0
8306100119970722    .0
8306100119970723    .0
8306100119970724    .0
8306100119970725    .0
8306100119970726    .0
8306100119970727    .0
8306100119970728    .0
8306100119970729    .0
8306100119970730    .0
8306100119970731    .0
8306100119970801    .0
8306100119970802    .0
8306100119970803    .0
8306100119970804    .0
8306100119970805    .0
8306100119970806    .0
8306100119970807    .0
8306100119970808    .0
8306100119970809    .0
8306100119970810    .0
8306100119970811  33.2
8306100119970812    .0
8306100119970813    .0
8306100119970814    .0
8306100119970815    .0
8306100119970816    .6
8306100119970817   9.2
8306100119970818    .2
8306100119970819    .0
8306100119970820    .0
8306100119970821   3.4
8306100119970822    .0
8306100119970823    .0
8306100119970824    .0
8306100119970825    .0
8306100119970826    .4
8306100119970827  21.2
8306100119970828    .6
8306100119970829    .0
8306100119970830    .0
8306100119970831    .0
8306100119970901    .8
8306100119970902   3.6
8306100119970903    .0
8306100119970904    .0
8306100119970905    .0
8306100119970906    .0
8306100119970907    .0
8306100119970908    .0
8306100119970909    .0
8306100119970910    .0
8306100119970911    .0
8306100119970912    .0
8306100119970913   1.0
8306100119970914    .0
8306100119970915    .0
8306100119970916    .0
8306100119970917    .0
8306100119970918    .0
8306100119970919    .0
8306100119970920    .2
8306100119970921    .0
8306100119970922    .0
8306100119970923    .0
8306100119970924    .0
8306100119970925    .0
8306100119970926    .0
8306100119970927    .0
8306100119970928    .0
8306100119970929    .0
8306100119970930    .0
8306100119971001    .2
8306100119971002    .0
8306100119971003    .2
8306100119971004    .0
8306100119971005    .2
8306100119971006   1.4
8306100119971007    .6
8306100119971008    .2
8306100119971009    .0
8306100119971010    .0
8306100119971011    .0
8306100119971012    .0
8306100119971013    .0
8306100119971014    .0
8306100119971015    .0
8306100119971016    .0
8306100119971017    .0
8306100119971018    .0
8306100119971019    .2
8306100119971020  27.6
8306100119971021    .0
8306100119971022   1.0
8306100119971023  11.4
8306100119971024    .2
8306100119971025    .0
8306100119971026    .2
8306100119971027    .0
8306100119971028    .0
8306100119971029    .0
8306100119971030    .0
8306100119971031    .0
8306100119971101    .0
8306100119971102    .0
8306100119971103    .0
8306100119971104    .0
8306100119971105  30.2
8306100119971106  34.0
8306100119971107    .0
8306100119971108   8.8
8306100119971109   5.6
8306100119971110    .0
8306100119971111  25.6
8306100119971112    .0
8306100119971113    .4
8306100119971114    .0
8306100119971115    .0
8306100119971116    .0
8306100119971117    .0
8306100119971118    .4
8306100119971119   1.0
8306100119971120   1.0
8306100119971121    .0
8306100119971122    .0
8306100119971123    .0
8306100119971124    .0
8306100119971125    .2
8306100119971126    .2
8306100119971127   1.4
8306100119971128   7.8
8306100119971129    .0
8306100119971130    .2
8306100119971201    .0
8306100119971202    .2
8306100119971203    .0
8306100119971204   1.0
8306100119971205    .0
8306100119971206    .0
8306100119971207    .2
8306100119971208    .0
8306100119971209    .0
8306100119971210    .0
8306100119971211    .0
8306100119971212    .0
8306100119971213    .0
8306100119971214    .8
8306100119971215   5.2
8306100119971216   5.0
8306100119971217   4.4
8306100119971218  20.4
8306100119971219  48.2
8306100119971220    .0
8306100119971221    .0
8306100119971222    .0
8306100119971223    .0
8306100119971224    .0
8306100119971225    .0
8306100119971226    .2
8306100119971227    .0
8306100119971228    .0
8306100119971229    .0
8306100119971230    .2
8306100119971231    .4
8306100119980101    .0
8306100119980102   1.0
8306100119980103    .0
8306100119980104    .0
8306100119980105    .0
8306100119980106    .0
8306100119980107    .0
8306100119980108    .2
8306100119980109    .2
8306100119980110    .2
8306100119980111    .0
8306100119980112    .0
8306100119980113   6.4
8306100119980114  30.2
8306100119980115    .2
8306100119980116   1.2
8306100119980117    .0
8306100119980118   1.2
8306100119980119    .2
8306100119980120    .0
8306100119980121    .0
8306100119980122    .0
8306100119980123    .0
8306100119980124    .2
8306100119980125    .4
8306100119980126    .0
8306100119980127    .0
8306100119980128    .0
8306100119980129    .0
8306100119980130    .0
8306100119980131    .0
8306100119980201    .0
8306100119980202    .0
8306100119980203    .0
8306100119980204    .0
8306100119980205    .2
8306100119980206    .0
8306100119980207    .0
8306100119980208    .0
8306100119980209    .0
8306100119980210    .0
8306100119980211    .4
8306100119980212    .0
8306100119980213    .2
8306100119980214    .2
8306100119980215    .2
8306100119980216    .2
8306100119980217    .2
8306100119980218    .0
8306100119980219    .2
8306100119980220    .2
8306100119980221    .0
8306100119980222   3.2
8306100119980223   2.8
8306100119980224    .0
8306100119980225    .0
8306100119980226    .0
8306100119980227    .2
8306100119980228    .2
8306100119980301    .0
8306100119980302    .0
8306100119980303    .0
8306100119980304    .2
8306100119980305    .0
8306100119980306    .0
8306100119980307    .0
8306100119980308    .0
8306100119980309    .0
8306100119980310    .0
8306100119980311   4.0
8306100119980312    .2
8306100119980313    .0
8306100119980314    .0
8306100119980315    .0
8306100119980316    .0
8306100119980317    .2
8306100119980318    .2
8306100119980319    .0
8306100119980320    .2
8306100119980321    .0
8306100119980322    .0
8306100119980323   4.4
8306100119980324    .0
8306100119980325    .0
8306100119980326    .0
8306100119980327    .0
8306100119980328    .0
8306100119980329    .0
8306100119980330    .0
8306100119980331    .0
8306100119980401   3.0
8306100119980402    .0
8306100119980403    .0
8306100119980404    .0
8306100119980405    .0
8306100119980406    .0
8306100119980407    .6
8306100119980408    .0
8306100119980409   4.4
8306100119980410  12.4
8306100119980411   6.8
8306100119980412    .0
8306100119980413    .0
8306100119980414   4.6
8306100119980415  13.0
8306100119980416   5.6
8306100119980417    .2
8306100119980418    .0
8306100119980419    .0
8306100119980420    .0
8306100119980421    .0
8306100119980422    .0
8306100119980423    .0
8306100119980424    .0
8306100119980425    .0
8306100119980426    .0
8306100119980427    .8
8306100119980428    .2
8306100119980429  46.8
8306100119980430   4.2
8306100119980501    .0
8306100119980502    .0
8306100119980503    .0
8306100119980504    .0
8306100119980505    .0
8306100119980506    .2
8306100119980507    .2
8306100119980508    .0
8306100119980509    .0
8306100119980510    .0
8306100119980511    .0
8306100119980512    .0
8306100119980513    .0
8306100119980514    .4
8306100119980515    .0
8306100119980516    .0
8306100119980517   1.2
8306100119980518    .0
8306100119980519    .0
8306100119980520    .0
8306100119980521    .0
8306100119980522    .0
8306100119980523    .0
8306100119980524    .0
8306100119980525    .0
8306100119980526    .0
8306100119980527   2.8
8306100119980528  38.2
8306100119980529    .0
8306100119980530   4.8
8306100119980531  21.6
8306100119980601    .0
8306100119980602    .0
8306100119980603    .2
8306100119980604    .0
8306100119980605    .0
8306100119980606   1.4
8306100119980607    .2
8306100119980608    .0
8306100119980609    .0
8306100119980610    .4
8306100119980611    .0
8306100119980612    .0
8306100119980613    .0
8306100119980614    .0
8306100119980615    .0
8306100119980616    .0
8306100119980617    .0
8306100119980618    .0
8306100119980619    .0
8306100119980620    .0
8306100119980621    .0
8306100119980622    .0
8306100119980623    .2
8306100119980624    .0
8306100119980625    .0
8306100119980626    .0
8306100119980627    .0
8306100119980628    .0
8306100119980629    .0
8306100119980630    .4
8306100119980701    .0
8306100119980702    .0
8306100119980703    .0
8306100119980704    .0
8306100119980705    .0
8306100119980706    .0
8306100119980707    .0
8306100119980708    .0
8306100119980709    .0
8306100119980710    .0
8306100119980711    .0
8306100119980712    .0
8306100119980713    .0
8306100119980714    .0
8306100119980715    .0
8306100119980716    .0
8306100119980717    .0
8306100119980718    .0
8306100119980719    .0
8306100119980720    .0
8306100119980721    .0
8306100119980722    .0
8306100119980723    .0
8306100119980724    .0
8306100119980725    .0
8306100119980726    .0
8306100119980727    .0
8306100119980728    .0
8306100119980729    .0
8306100119980730    .0
8306100119980731    .0
8306100119980801    .0
8306100119980802   5.4
8306100119980803  38.0
8306100119980804   4.6
8306100119980805    .0
8306100119980806    .0
8306100119980807    .0
8306100119980808    .0
8306100119980809    .0
8306100119980810    .0
8306100119980811    .0
8306100119980812    .0
8306100119980813    .0
8306100119980814    .0
8306100119980815    .0
8306100119980816    .0
8306100119980817    .0
8306100119980818    .0
8306100119980819    .0
8306100119980820    .0
8306100119980821    .0
8306100119980822    .0
8306100119980823    .0
8306100119980824    .0
8306100119980825    .0
8306100119980826    .0
8306100119980827    .0
8306100119980828    .2
8306100119980829    .0
8306100119980830    .0
8306100119980831    .0
8306100119980901    .0
8306100119980902    .0
8306100119980903    .0
8306100119980904  34.4
8306100119980905    .2
8306100119980906    .0
8306100119980907  66.4
8306100119980908    .0
8306100119980909    .0
8306100119980910    .0
8306100119980911   7.2
8306100119980912    .0
8306100119980913    .0
8306100119980914    .0
8306100119980915    .0
8306100119980916    .0
8306100119980917    .0
8306100119980918    .0
8306100119980919    .0
8306100119980920    .0
8306100119980921    .0
8306100119980922    .0
8306100119980923    .0
8306100119980924    .0
8306100119980925    .0
8306100119980926   7.6
8306100119980927  14.0
8306100119980928    .0
8306100119980929  18.2
8306100119980930  28.0
8306100119981001    .2
8306100119981002    .0
8306100119981003    .0
8306100119981004  11.4
8306100119981005  13.6
8306100119981006    .2
8306100119981007    .2
8306100119981008  23.4
8306100119981009    .8
8306100119981010    .0
8306100119981011    .0
8306100119981012    .0
8306100119981013    .0
8306100119981014    .2
8306100119981015    .0
8306100119981016    .2
8306100119981017    .0
8306100119981018   1.4
8306100119981019   2.2
8306100119981020    .0
8306100119981021    .2
8306100119981022    .2
8306100119981023    .0
8306100119981024    .0
8306100119981025    .2
8306100119981026    .0
8306100119981027    .0
8306100119981028    .0
8306100119981029    .0
8306100119981030    .0
8306100119981031    .0
8306100119981101    .0
8306100119981102    .2
8306100119981103   8.0
8306100119981104   6.4
8306100119981105    .0
8306100119981106    .0
8306100119981107    .0
8306100119981108    .0
8306100119981109    .0
8306100119981110    .2
8306100119981111    .0
8306100119981112    .0
8306100119981113   1.2
8306100119981114    .2
8306100119981115    .0
8306100119981116    .0
8306100119981117    .0
8306100119981118    .0
8306100119981119    .0
8306100119981120    .0
8306100119981121    .0
8306100119981122    .0
8306100119981123    .0
8306100119981124    .0
8306100119981125   6.6
8306100119981126    .0
8306100119981127    .0
8306100119981128    .0
8306100119981129    .0
8306100119981130    .4
8306100119981201    .0
8306100119981202    .0
8306100119981203    .0
8306100119981204    .0
8306100119981205    .0
8306100119981206    .0
8306100119981207    .0
8306100119981208    .0
8306100119981209    .0
8306100119981210    .2
8306100119981211    .2
8306100119981212    .0
8306100119981213    .2
8306100119981214    .2
8306100119981215    .2
8306100119981216    .4
8306100119981217    .0
8306100119981218    .2
8306100119981219    .0
8306100119981220   6.6
8306100119981221    .0
8306100119981222    .0
8306100119981223    .0
8306100119981224   1.8
8306100119981225    .2
8306100119981226    .0
8306100119981227    .0
8306100119981228   1.2
8306100119981229   2.4
8306100119981230    .0
8306100119981231  35.4
