8408700119940101    .0
8408700119940102    .0
8408700119940103    .0
8408700119940104    .0
8408700119940105    .0
8408700119940106  53.0
8408700119940107  12.6
8408700119940108    .0
8408700119940109    .0
8408700119940110  35.4
8408700119940111    .0
8408700119940112    .0
8408700119940113    .0
8408700119940114    .0
8408700119940115    .6
8408700119940116    .8
8408700119940117    .0
8408700119940118    .0
8408700119940119    .0
8408700119940120    .0
8408700119940121    .0
8408700119940122    .0
8408700119940123    .0
8408700119940124    .0
8408700119940125    .0
8408700119940126    .0
8408700119940127    .0
8408700119940128    .0
8408700119940129    .0
8408700119940130    .0
8408700119940131    .0
8408700119940201    .0
8408700119940202    .0
8408700119940203  34.0
8408700119940204  57.5
8408700119940205   8.5
8408700119940206    .0
8408700119940207    .0
8408700119940208    .0
8408700119940209    .0
8408700119940210    .0
8408700119940211    .0
8408700119940212    .0
8408700119940213    .8
8408700119940214    .8
8408700119940215   6.4
8408700119940216    .0
8408700119940217    .0
8408700119940218    .0
8408700119940219    .0
8408700119940220   1.0
8408700119940221    .0
8408700119940222    .0
8408700119940223  10.4
8408700119940224    .0
8408700119940225    .0
8408700119940226    .0
8408700119940227    .0
8408700119940228   4.4
8408700119940301   9.4
8408700119940302    .0
8408700119940303    .0
8408700119940304    .0
8408700119940305    .0
8408700119940306    .0
8408700119940307    .0
8408700119940308    .0
8408700119940309    .0
8408700119940310    .0
8408700119940311    .0
8408700119940312    .0
8408700119940313    .0
8408700119940314    .0
8408700119940315    .0
8408700119940316    .0
8408700119940317    .0
8408700119940318    .0
8408700119940319    .0
8408700119940320    .0
8408700119940321   7.4
8408700119940322    .0
8408700119940323    .0
8408700119940324    .0
8408700119940325    .0
8408700119940326    .0
8408700119940327    .0
8408700119940328    .0
8408700119940329    .0
8408700119940330    .0
8408700119940331    .0
8408700119940401   1.8
8408700119940402    .0
8408700119940403    .0
8408700119940404   7.6
8408700119940405    .4
8408700119940406   1.8
8408700119940407   1.4
8408700119940408    .0
8408700119940409    .2
8408700119940410    .0
8408700119940411    .0
8408700119940412    .0
8408700119940413    .0
8408700119940414    .0
8408700119940415    .0
8408700119940416   2.2
8408700119940417    .0
8408700119940418   2.0
8408700119940419    .4
8408700119940420   1.0
8408700119940421    .0
8408700119940422    .0
8408700119940423    .0
8408700119940424  37.8
8408700119940425   3.8
8408700119940426    .0
8408700119940427    .0
8408700119940428    .0
8408700119940429    .0
8408700119940430    .0
8408700119940501    .0
8408700119940502    .0
8408700119940503    .0
8408700119940504    .2
8408700119940505    .0
8408700119940506    .0
8408700119940507    .0
8408700119940508    .2
8408700119940509    .0
8408700119940510    .0
8408700119940511  13.6
8408700119940512   5.4
8408700119940513  11.2
8408700119940514   6.0
8408700119940515    .0
8408700119940516    .0
8408700119940517  18.2
8408700119940518   5.0
8408700119940519    .4
8408700119940520    .0
8408700119940521    .2
8408700119940522    .0
8408700119940523    .0
8408700119940524  12.0
8408700119940525    .0
8408700119940526    .2
8408700119940527    .0
8408700119940528    .0
8408700119940529    .0
8408700119940530    .0
8408700119940531    .0
8408700119940601    .0
8408700119940602    .0
8408700119940603    .4
8408700119940604    .0
8408700119940605    .0
8408700119940606    .0
8408700119940607    .0
8408700119940608   4.2
8408700119940609    .0
8408700119940610    .0
8408700119940611    .0
8408700119940612    .0
8408700119940613    .0
8408700119940614    .0
8408700119940615    .0
8408700119940616    .0
8408700119940617    .0
8408700119940618    .0
8408700119940619   6.4
8408700119940620    .0
8408700119940621    .0
8408700119940622    .0
8408700119940623    .0
8408700119940624    .0
8408700119940625  18.6
8408700119940626    .0
8408700119940627    .0
8408700119940628    .0
8408700119940629    .0
8408700119940630    .0
8408700119940701    .0
8408700119940702    .0
8408700119940703    .0
8408700119940704    .0
8408700119940705    .0
8408700119940706    .0
8408700119940707    .0
8408700119940708    .0
8408700119940709    .0
8408700119940710    .0
8408700119940711    .0
8408700119940712    .0
8408700119940713    .0
8408700119940714   5.4
8408700119940715    .0
8408700119940716    .0
8408700119940717    .4
8408700119940718    .0
8408700119940719    .0
8408700119940720    .0
8408700119940721    .0
8408700119940722    .0
8408700119940723    .0
8408700119940724    .0
8408700119940725    .0
8408700119940726    .0
8408700119940727    .0
8408700119940728    .0
8408700119940729    .2
8408700119940730    .3
8408700119940731  42.2
8408700119940801    .4
8408700119940802    .0
8408700119940803    .0
8408700119940804    .0
8408700119940805    .0
8408700119940806    .0
8408700119940807    .0
8408700119940808    .0
8408700119940809    .0
8408700119940810    .0
8408700119940811    .0
8408700119940812    .0
8408700119940813   5.2
8408700119940814    .0
8408700119940815    .0
8408700119940816    .0
8408700119940817    .0
8408700119940818    .0
8408700119940819    .0
8408700119940820    .0
8408700119940821   1.0
8408700119940822    .0
8408700119940823    .6
8408700119940824    .0
8408700119940825    .0
8408700119940826    .0
8408700119940827    .0
8408700119940828    .0
8408700119940829    .0
8408700119940830    .0
8408700119940831  18.0
8408700119940901   3.0
8408700119940902    .0
8408700119940903    .0
8408700119940904    .0
8408700119940905    .0
8408700119940906    .0
8408700119940907  32.6
8408700119940908   5.6
8408700119940909    .2
8408700119940910    .0
8408700119940911    .0
8408700119940912  25.6
8408700119940913  38.2
8408700119940914    .0
8408700119940915    .0
8408700119940916  10.0
8408700119940917    .0
8408700119940918    .0
8408700119940919    .0
8408700119940920   3.0
8408700119940921   7.8
8408700119940922  11.6
8408700119940923  66.2
8408700119940924    .0
8408700119940925   4.6
8408700119940926   4.2
8408700119940927    .0
8408700119940928    .0
8408700119940929  19.6
8408700119940930   5.2
8408700119941001   7.2
8408700119941002    .0
8408700119941003    .2
8408700119941004    .0
8408700119941005    .0
8408700119941006    .0
8408700119941007    .0
8408700119941008    .0
8408700119941009   1.4
8408700119941010   2.4
8408700119941011    .0
8408700119941012    .4
8408700119941013    .0
8408700119941014    .0
8408700119941015    .0
8408700119941016    .0
8408700119941017    .0
8408700119941018    .2
8408700119941019   5.2
8408700119941020  85.4
8408700119941021   4.4
8408700119941022  20.2
8408700119941023   1.4
8408700119941024    .0
8408700119941025   3.2
8408700119941026    .0
8408700119941027   4.4
8408700119941028  11.0
8408700119941029    .0
8408700119941030    .0
8408700119941031    .0
8408700119941101    .0
8408700119941102   7.4
8408700119941103    .4
8408700119941104  35.6
8408700119941105  27.4
8408700119941106    .0
8408700119941107   9.8
8408700119941108    .2
8408700119941109  11.8
8408700119941110   2.8
8408700119941111    .0
8408700119941112    .0
8408700119941113    .0
8408700119941114    .0
8408700119941115    .0
8408700119941116    .0
8408700119941117    .0
8408700119941118    .0
8408700119941119    .0
8408700119941120    .0
8408700119941121    .0
8408700119941122    .0
8408700119941123    .0
8408700119941124    .0
8408700119941125    .0
8408700119941126    .0
8408700119941127    .0
8408700119941128    .0
8408700119941129    .0
8408700119941130    .0
8408700119941201    .8
8408700119941202    .0
8408700119941203    .6
8408700119941204    .0
8408700119941205    .0
8408700119941206    .0
8408700119941207   1.4
8408700119941208    .0
8408700119941209   1.2
8408700119941210    .0
8408700119941211    .0
8408700119941212    .0
8408700119941213    .0
8408700119941214    .0
8408700119941215    .0
8408700119941216    .0
8408700119941217    .0
8408700119941218    .2
8408700119941219    .2
8408700119941220    .0
8408700119941221    .0
8408700119941222    .0
8408700119941223    .0
8408700119941224    .0
8408700119941225    .0
8408700119941226    .0
8408700119941227    .0
8408700119941228    .0
8408700119941229    .0
8408700119941230   1.8
8408700119941231    .4
8408700119950101    .0
8408700119950102    .0
8408700119950103    .0
8408700119950104    .0
8408700119950105    .0
8408700119950106   5.2
8408700119950107    .0
8408700119950108    .0
8408700119950109    .0
8408700119950110    .0
8408700119950111    .0
8408700119950112   2.4
8408700119950113    .0
8408700119950114    .0
8408700119950115    .0
8408700119950116    .0
8408700119950117   2.4
8408700119950118  40.0
8408700119950119    .0
8408700119950120    .6
8408700119950121    .0
8408700119950122    .0
8408700119950123    .0
8408700119950124    .0
8408700119950125    .0
8408700119950126    .4
8408700119950127    .0
8408700119950128    .0
8408700119950129    .2
8408700119950130    .0
8408700119950131    .0
8408700119950201    .0
8408700119950202    .8
8408700119950203    .0
8408700119950204    .0
8408700119950205    .0
8408700119950206    .0
8408700119950207    .0
8408700119950208    .6
8408700119950209    .0
8408700119950210   5.8
8408700119950211    .6
8408700119950212    .8
8408700119950213   8.8
8408700119950214    .0
8408700119950215    .8
8408700119950216    .4
8408700119950217    .8
8408700119950218    .0
8408700119950219    .0
8408700119950220    .0
8408700119950221    .0
8408700119950222    .2
8408700119950223   1.4
8408700119950224    .8
8408700119950225   9.6
8408700119950226   2.0
8408700119950227    .0
8408700119950228    .0
8408700119950301    .0
8408700119950302    .0
8408700119950303    .0
8408700119950304    .0
8408700119950305   5.8
8408700119950306    .0
8408700119950307    .0
8408700119950308    .0
8408700119950309    .0
8408700119950310    .0
8408700119950311    .0
8408700119950312    .0
8408700119950313    .0
8408700119950314    .0
8408700119950315    .8
8408700119950316    .0
8408700119950317    .0
8408700119950318    .0
8408700119950319    .0
8408700119950320    .0
8408700119950321    .0
8408700119950322    .0
8408700119950323    .0
8408700119950324    .0
8408700119950325    .0
8408700119950326    .0
8408700119950327   1.2
8408700119950328    .0
8408700119950329    .6
8408700119950330    .0
8408700119950331    .0
8408700119950401    .0
8408700119950402    .0
8408700119950403    .0
8408700119950404    .0
8408700119950405    .0
8408700119950406    .0
8408700119950407    .0
8408700119950408    .0
8408700119950409    .0
8408700119950410    .0
8408700119950411    .0
8408700119950412    .0
8408700119950413    .0
8408700119950414    .0
8408700119950415    .0
8408700119950416    .0
8408700119950417    .0
8408700119950418    .0
8408700119950419   9.8
8408700119950420   3.0
8408700119950421  29.2
8408700119950422   7.2
8408700119950423  40.2
8408700119950424  14.0
8408700119950425    .0
8408700119950426    .0
8408700119950427    .0
8408700119950428    .0
8408700119950429   3.6
8408700119950430    .0
8408700119950501    .0
8408700119950502    .0
8408700119950503    .0
8408700119950504    .0
8408700119950505    .0
8408700119950506    .0
8408700119950507    .0
8408700119950508    .0
8408700119950509    .0
8408700119950510    .0
8408700119950511   1.0
8408700119950512   7.2
8408700119950513    .0
8408700119950514    .0
8408700119950515   2.6
8408700119950516   1.4
8408700119950517    .0
8408700119950518   1.8
8408700119950519    .0
8408700119950520    .0
8408700119950521    .0
8408700119950522    .0
8408700119950523    .0
8408700119950524    .0
8408700119950525   1.2
8408700119950526  19.6
8408700119950527    .0
8408700119950528    .0
8408700119950529    .2
8408700119950530    .0
8408700119950531    .6
8408700119950601    .0
8408700119950602    .0
8408700119950603    .0
8408700119950604    .0
8408700119950605    .0
8408700119950606    .0
8408700119950607    .0
8408700119950608    .0
8408700119950609    .0
8408700119950610    .0
8408700119950611    .0
8408700119950612    .0
8408700119950613    .0
8408700119950614    .0
8408700119950615    .0
8408700119950616    .0
8408700119950617    .0
8408700119950618    .0
8408700119950619    .0
8408700119950620    .0
8408700119950621    .0
8408700119950622    .0
8408700119950623    .0
8408700119950624    .0
8408700119950625    .0
8408700119950626    .0
8408700119950627    .0
8408700119950628   4.6
8408700119950629    .0
8408700119950630    .0
8408700119950701    .0
8408700119950702   3.4
8408700119950703    .0
8408700119950704    .0
8408700119950705    .0
8408700119950706    .0
8408700119950707    .0
8408700119950708    .0
8408700119950709    .0
8408700119950710    .0
8408700119950711   3.8
8408700119950712    .0
8408700119950713    .0
8408700119950714    .8
8408700119950715    .0
8408700119950716    .0
8408700119950717    .0
8408700119950718    .0
8408700119950719    .0
8408700119950720    .0
8408700119950721    .0
8408700119950722    .0
8408700119950723    .0
8408700119950724    .0
8408700119950725    .0
8408700119950726    .0
8408700119950727    .0
8408700119950728    .0
8408700119950729    .0
8408700119950730    .0
8408700119950731   2.6
8408700119950801    .0
8408700119950802    .0
8408700119950803    .0
8408700119950804    .0
8408700119950805    .0
8408700119950806    .8
8408700119950807   5.8
8408700119950808    .2
8408700119950809    .0
8408700119950810    .2
8408700119950811   9.6
8408700119950812    .0
8408700119950813    .0
8408700119950814    .0
8408700119950815    .0
8408700119950816    .0
8408700119950817    .0
8408700119950818    .0
8408700119950819    .0
8408700119950820    .0
8408700119950821  13.6
8408700119950822  41.0
8408700119950823    .0
8408700119950824    .0
8408700119950825    .0
8408700119950826    .0
8408700119950827    .0
8408700119950828    .0
8408700119950829    .0
8408700119950830    .0
8408700119950831    .0
8408700119950901    .0
8408700119950902    .0
8408700119950903    .0
8408700119950904    .0
8408700119950905    .0
8408700119950906    .0
8408700119950907   1.6
8408700119950908    .0
8408700119950909    .0
8408700119950910  12.6
8408700119950911   1.8
8408700119950912  17.8
8408700119950913   1.2
8408700119950914    .0
8408700119950915    .0
8408700119950916    .0
8408700119950917    .0
8408700119950918  79.8
8408700119950919   1.6
8408700119950920    .8
8408700119950921    .0
8408700119950922    .0
8408700119950923    .0
8408700119950924   1.6
8408700119950925   1.2
8408700119950926    .0
8408700119950927    .0
8408700119950928    .0
8408700119950929    .0
8408700119950930    .0
8408700119951001    .0
8408700119951002    .0
8408700119951003    .2
8408700119951004    .2
8408700119951005  19.4
8408700119951006   7.4
8408700119951007    .0
8408700119951008    .0
8408700119951009    .0
8408700119951010    .0
8408700119951011    .0
8408700119951012    .0
8408700119951013    .0
8408700119951014  32.2
8408700119951015    .0
8408700119951016    .0
8408700119951017    .0
8408700119951018    .0
8408700119951019    .0
8408700119951020    .0
8408700119951021    .0
8408700119951022    .0
8408700119951023    .0
8408700119951024    .0
8408700119951025    .0
8408700119951026    .0
8408700119951027    .0
8408700119951028   3.0
8408700119951029    .8
8408700119951030    .0
8408700119951031    .0
8408700119951101    .0
8408700119951102    .0
8408700119951103    .0
8408700119951104    .0
8408700119951105    .0
8408700119951106    .0
8408700119951107    .0
8408700119951108    .0
8408700119951109    .0
8408700119951110    .8
8408700119951111    .0
8408700119951112  21.6
8408700119951113    .8
8408700119951114    .0
8408700119951115    .0
8408700119951116    .2
8408700119951117    .0
8408700119951118    .0
8408700119951119    .0
8408700119951120    .0
8408700119951121   7.2
8408700119951122  27.8
8408700119951123    .0
8408700119951124    .0
8408700119951125    .0
8408700119951126  39.6
8408700119951127    .6
8408700119951128    .0
8408700119951129    .0
8408700119951130    .0
8408700119951201    .0
8408700119951202    .8
8408700119951203    .0
8408700119951204    .2
8408700119951205   1.4
8408700119951206   4.8
8408700119951207  20.2
8408700119951208    .6
8408700119951209    .0
8408700119951210    .0
8408700119951211    .0
8408700119951212    .0
8408700119951213    .0
8408700119951214    .0
8408700119951215   3.2
8408700119951216  23.6
8408700119951217  10.0
8408700119951218    .0
8408700119951219    .0
8408700119951220    .0
8408700119951221    .0
8408700119951222    .0
8408700119951223    .0
8408700119951224   2.8
8408700119951225    .4
8408700119951226   3.8
8408700119951227    .0
8408700119951228   2.4
8408700119951229   3.8
8408700119951230  20.0
8408700119951231    .0
8408700119960101   6.4
8408700119960102   2.0
8408700119960103    .0
8408700119960104    .0
8408700119960105  39.8
8408700119960106   5.8
8408700119960107  12.8
8408700119960108    .0
8408700119960109   1.0
8408700119960110   2.2
8408700119960111   3.6
8408700119960112  32.0
8408700119960113    .0
8408700119960114    .2
8408700119960115    .2
8408700119960116    .0
8408700119960117    .0
8408700119960118    .0
8408700119960119    .0
8408700119960120   3.6
8408700119960121    .0
8408700119960122    .2
8408700119960123  32.8
8408700119960124   7.6
8408700119960125    .8
8408700119960126    .0
8408700119960127    .0
8408700119960128  24.2
8408700119960129    .8
8408700119960130    .0
8408700119960131   2.4
8408700119960201   7.6
8408700119960202   9.4
8408700119960203    .0
8408700119960204    .0
8408700119960205    .0
8408700119960206   6.6
8408700119960207   3.8
8408700119960208    .0
8408700119960209    .0
8408700119960210    .0
8408700119960211    .0
8408700119960212   2.4
8408700119960213    .0
8408700119960214    .0
8408700119960215    .0
8408700119960216    .0
8408700119960217    .0
8408700119960218    .0
8408700119960219   1.6
8408700119960220    .0
8408700119960221    .0
8408700119960222    .0
8408700119960223    .0
8408700119960224    .0
8408700119960225    .0
8408700119960226   9.6
8408700119960227  15.4
8408700119960228    .0
8408700119960229    .0
8408700119960301    .0
8408700119960302    .0
8408700119960303    .0
8408700119960304    .0
8408700119960305    .0
8408700119960306    .0
8408700119960307    .0
8408700119960308    .0
8408700119960309    .0
8408700119960310    .0
8408700119960311    .0
8408700119960312    .0
8408700119960313   4.6
8408700119960314  49.6
8408700119960315  14.4
8408700119960316    .0
8408700119960317   6.2
8408700119960318    .0
8408700119960319    .0
8408700119960320    .0
8408700119960321    .0
8408700119960322    .0
8408700119960323    .0
8408700119960324    .0
8408700119960325    .0
8408700119960326    .2
8408700119960327    .0
8408700119960328    .0
8408700119960329    .0
8408700119960330    .0
8408700119960331    .0
8408700119960401   3.4
8408700119960402    .4
8408700119960403    .0
8408700119960404    .0
8408700119960405    .0
8408700119960406    .0
8408700119960407    .0
8408700119960408    .0
8408700119960409    .0
8408700119960410    .0
8408700119960411    .0
8408700119960412    .0
8408700119960413    .0
8408700119960414    .0
8408700119960415    .0
8408700119960416    .0
8408700119960417    .0
8408700119960418    .0
8408700119960419    .0
8408700119960420    .0
8408700119960421    .0
8408700119960422   2.6
8408700119960423   6.8
8408700119960424    .0
8408700119960425    .0
8408700119960426    .6
8408700119960427   1.4
8408700119960428  12.0
8408700119960429   3.2
8408700119960430    .0
8408700119960501   7.0
8408700119960502    .6
8408700119960503  17.6
8408700119960504    .0
8408700119960505    .0
8408700119960506    .4
8408700119960507    .2
8408700119960508   3.4
8408700119960509    .0
8408700119960510    .0
8408700119960511    .0
8408700119960512    .0
8408700119960513    .0
8408700119960514    .0
8408700119960515    .0
8408700119960516   3.2
8408700119960517    .4
8408700119960518    .0
8408700119960519  15.0
8408700119960520    .0
8408700119960521    .0
8408700119960522    .0
8408700119960523    .0
8408700119960524    .0
8408700119960525    .0
8408700119960526    .0
8408700119960527    .0
8408700119960528    .0
8408700119960529    .0
8408700119960530    .0
8408700119960531    .0
8408700119960601    .8
8408700119960602  28.0
8408700119960603    .0
8408700119960604    .0
8408700119960605    .0
8408700119960606    .0
8408700119960607    .0
8408700119960608    .0
8408700119960609    .0
8408700119960610    .0
8408700119960611    .0
8408700119960612    .0
8408700119960613    .0
8408700119960614    .0
8408700119960615    .0
8408700119960616    .0
8408700119960617    .0
8408700119960618    .0
8408700119960619    .0
8408700119960620   4.4
8408700119960621  14.2
8408700119960622    .0
8408700119960623    .0
8408700119960624    .0
8408700119960625    .0
8408700119960626    .0
8408700119960627    .0
8408700119960628    .0
8408700119960629    .0
8408700119960630    .0
8408700119960701    .0
8408700119960702   6.0
8408700119960703    .0
8408700119960704   1.6
8408700119960705  21.0
8408700119960706    .0
8408700119960707  24.4
8408700119960708    .0
8408700119960709    .0
8408700119960710    .0
8408700119960711    .0
8408700119960712    .0
8408700119960713    .0
8408700119960714    .0
8408700119960715    .2
8408700119960716    .0
8408700119960717    .0
8408700119960718    .0
8408700119960719    .0
8408700119960720    .0
8408700119960721    .0
8408700119960722    .0
8408700119960723    .0
8408700119960724    .0
8408700119960725    .0
8408700119960726    .0
8408700119960727    .6
8408700119960728    .0
8408700119960729   1.4
8408700119960730    .0
8408700119960731    .0
8408700119960801    .0
8408700119960802    .8
8408700119960803    .0
8408700119960804   6.2
8408700119960805  41.6
8408700119960806    .2
8408700119960807    .0
8408700119960808   6.4
8408700119960809    .0
8408700119960810   2.8
8408700119960811    .6
8408700119960812    .0
8408700119960813    .0
8408700119960814    .0
8408700119960815    .0
8408700119960816    .0
8408700119960817    .0
8408700119960818    .0
8408700119960819    .0
8408700119960820    .0
8408700119960821   2.0
8408700119960822    .0
8408700119960823    .0
8408700119960824   4.6
8408700119960825    .0
8408700119960826    .0
8408700119960827  10.8
8408700119960828    .0
8408700119960829    .0
8408700119960830    .0
8408700119960831    .0
8408700119960901    .0
8408700119960902    .0
8408700119960903  10.4
8408700119960904    .0
8408700119960905    .0
8408700119960906    .0
8408700119960907    .0
8408700119960908    .0
8408700119960909    .0
8408700119960910    .0
8408700119960911    .0
8408700119960912    .0
8408700119960913    .0
8408700119960914    .0
8408700119960915    .0
8408700119960916    .0
8408700119960917    .8
8408700119960918   1.8
8408700119960919  11.6
8408700119960920   3.8
8408700119960921  10.6
8408700119960922    .4
8408700119960923    .0
8408700119960924    .0
8408700119960925    .2
8408700119960926    .0
8408700119960927    .0
8408700119960928    .0
8408700119960929    .0
8408700119960930    .0
8408700119961001  17.4
8408700119961002    .0
8408700119961003    .0
8408700119961004    .0
8408700119961005    .0
8408700119961006    .0
8408700119961007    .0
8408700119961008    .0
8408700119961009    .0
8408700119961010    .0
8408700119961011    .0
8408700119961012    .0
8408700119961013    .0
8408700119961014   7.8
8408700119961015  12.6
8408700119961016    .0
8408700119961017    .2
8408700119961018    .0
8408700119961019    .0
8408700119961020    .0
8408700119961021    .0
8408700119961022    .0
8408700119961023    .0
8408700119961024    .0
8408700119961025    .0
8408700119961026    .2
8408700119961027    .0
8408700119961028    .2
8408700119961029    .0
8408700119961030    .0
8408700119961031    .0
8408700119961101    .0
8408700119961102    .0
8408700119961103    .0
8408700119961104  11.2
8408700119961105   5.6
8408700119961106    .0
8408700119961107    .0
8408700119961108    .0
8408700119961109    .0
8408700119961110  11.8
8408700119961111  33.6
8408700119961112  24.2
8408700119961113   7.6
8408700119961114    .0
8408700119961115   8.0
8408700119961116   8.2
8408700119961117  33.4
8408700119961118   9.8
8408700119961119    .8
8408700119961120    .0
8408700119961121   4.2
8408700119961122   1.8
8408700119961123   1.0
8408700119961124    .4
8408700119961125   5.4
8408700119961126    .2
8408700119961127    .8
8408700119961128    .0
8408700119961129    .0
8408700119961130    .4
8408700119961201    .0
8408700119961202    .0
8408700119961203   1.2
8408700119961204    .4
8408700119961205    .0
8408700119961206   6.8
8408700119961207    .0
8408700119961208   2.4
8408700119961209    .0
8408700119961210   1.4
8408700119961211    .2
8408700119961212   7.2
8408700119961213   1.8
8408700119961214    .0
8408700119961215    .0
8408700119961216    .0
8408700119961217    .0
8408700119961218   1.6
8408700119961219  23.4
8408700119961220    .0
8408700119961221    .2
8408700119961222   8.4
8408700119961223    .0
8408700119961224  22.2
8408700119961225    .0
8408700119961226    .0
8408700119961227    .0
8408700119961228   3.0
8408700119961229    .0
8408700119961230    .0
8408700119961231   5.8
8408700119970101   4.6
8408700119970102  30.0
8408700119970103  18.4
8408700119970104   6.6
8408700119970105   1.8
8408700119970106    .2
8408700119970107    .2
8408700119970108  16.0
8408700119970109   1.6
8408700119970110    .0
8408700119970111    .0
8408700119970112    .0
8408700119970113    .0
8408700119970114    .0
8408700119970115    .0
8408700119970116    .0
8408700119970117    .2
8408700119970118   3.2
8408700119970119  30.2
8408700119970120   3.0
8408700119970121    .0
8408700119970122    .8
8408700119970123    .0
8408700119970124    .0
8408700119970125    .0
8408700119970126    .0
8408700119970127    .0
8408700119970128    .0
8408700119970129    .0
8408700119970130    .0
8408700119970131    .0
8408700119970201    .2
8408700119970202    .0
8408700119970203    .2
8408700119970204    .0
8408700119970205    .2
8408700119970206    .0
8408700119970207    .0
8408700119970208    .2
8408700119970209    .0
8408700119970210    .2
8408700119970211    .2
8408700119970212    .0
8408700119970213    .0
8408700119970214    .8
8408700119970215    .0
8408700119970216    .0
8408700119970217    .0
8408700119970218    .0
8408700119970219    .0
8408700119970220    .0
8408700119970221    .0
8408700119970222    .0
8408700119970223    .0
8408700119970224    .0
8408700119970225    .0
8408700119970226    .0
8408700119970227    .0
8408700119970228    .0
8408700119970301    .0
8408700119970302    .0
8408700119970303    .0
8408700119970304    .0
8408700119970305    .0
8408700119970306    .0
8408700119970307    .0
8408700119970308    .0
8408700119970309    .0
8408700119970310    .0
8408700119970311    .0
8408700119970312    .0
8408700119970313    .0
8408700119970314    .0
8408700119970315    .0
8408700119970316    .0
8408700119970317    .0
8408700119970318    .0
8408700119970319    .0
8408700119970320    .0
8408700119970321    .0
8408700119970322    .0
8408700119970323    .6
8408700119970324    .0
8408700119970325    .0
8408700119970326    .0
8408700119970327    .0
8408700119970328    .0
8408700119970329    .0
8408700119970330    .0
8408700119970331    .0
8408700119970401    .0
8408700119970402    .0
8408700119970403    .0
8408700119970404    .0
8408700119970405    .0
8408700119970406    .0
8408700119970407    .0
8408700119970408    .0
8408700119970409    .0
8408700119970410    .0
8408700119970411    .0
8408700119970412    .0
8408700119970413    .0
8408700119970414    .0
8408700119970415    .0
8408700119970416    .0
8408700119970417   1.6
8408700119970418    .0
8408700119970419   6.0
8408700119970420    .0
8408700119970421    .0
8408700119970422    .0
8408700119970423    .0
8408700119970424    .0
8408700119970425    .0
8408700119970426   7.0
8408700119970427    .2
8408700119970428    .0
8408700119970429    .0
8408700119970430    .0
8408700119970501    .0
8408700119970502    .0
8408700119970503    .0
8408700119970504   2.2
8408700119970505   8.6
8408700119970506   2.2
8408700119970507   1.2
8408700119970508    .0
8408700119970509   3.0
8408700119970510    .0
8408700119970511    .2
8408700119970512   2.4
8408700119970513   2.6
8408700119970514    .0
8408700119970515    .0
8408700119970516    .0
8408700119970517   1.6
8408700119970518    .0
8408700119970519    .0
8408700119970520   6.2
8408700119970521    .0
8408700119970522    .0
8408700119970523    .0
8408700119970524    .0
8408700119970525    .6
8408700119970526    .0
8408700119970527    .0
8408700119970528    .0
8408700119970529    .0
8408700119970530    .0
8408700119970531    .0
8408700119970601  13.6
8408700119970602    .6
8408700119970603    .0
8408700119970604   4.4
8408700119970605  11.2
8408700119970606    .0
8408700119970607    .0
8408700119970608    .0
8408700119970609    .0
8408700119970610    .0
8408700119970611    .0
8408700119970612    .0
8408700119970613    .0
8408700119970614    .4
8408700119970615    .0
8408700119970616  25.2
8408700119970617    .0
8408700119970618    .0
8408700119970619    .0
8408700119970620    .0
8408700119970621  15.0
8408700119970622    .8
8408700119970623    .0
8408700119970624    .0
8408700119970625    .8
8408700119970626  14.0
8408700119970627    .0
8408700119970628   5.0
8408700119970629   1.0
8408700119970630   2.4
8408700119970701    .0
8408700119970702  36.6
8408700119970703   2.2
8408700119970704  15.8
8408700119970705    .0
8408700119970706    .0
8408700119970707    .0
8408700119970708    .0
8408700119970709    .0
8408700119970710    .0
8408700119970711    .0
8408700119970712    .0
8408700119970713    .0
8408700119970714    .0
8408700119970715    .0
8408700119970716    .0
8408700119970717  15.4
8408700119970718    .0
8408700119970719    .0
8408700119970720    .0
8408700119970721    .0
8408700119970722    .0
8408700119970723    .0
8408700119970724    .6
8408700119970725    .0
8408700119970726    .0
8408700119970727    .0
8408700119970728    .0
8408700119970729    .0
8408700119970730    .0
8408700119970731    .0
8408700119970801    .0
8408700119970802    .0
8408700119970803    .0
8408700119970804    .0
8408700119970805    .0
8408700119970806   3.8
8408700119970807    .8
8408700119970808    .0
8408700119970809    .0
8408700119970810    .4
8408700119970811  30.6
8408700119970812    .2
8408700119970813    .0
8408700119970814    .0
8408700119970815    .0
8408700119970816    .8
8408700119970817    .0
8408700119970818    .0
8408700119970819    .0
8408700119970820    .0
8408700119970821    .0
8408700119970822    .0
8408700119970823    .0
8408700119970824    .0
8408700119970825    .6
8408700119970826    .0
8408700119970827   4.0
8408700119970828   8.4
8408700119970829    .0
8408700119970830    .0
8408700119970831    .0
8408700119970901   7.4
8408700119970902   9.4
8408700119970903    .0
8408700119970904    .0
8408700119970905    .0
8408700119970906    .2
8408700119970907    .0
8408700119970908    .0
8408700119970909    .0
8408700119970910    .0
8408700119970911    .0
8408700119970912   4.0
8408700119970913    .0
8408700119970914    .0
8408700119970915    .2
8408700119970916    .0
8408700119970917    .0
8408700119970918    .0
8408700119970919    .0
8408700119970920    .2
8408700119970921    .0
8408700119970922    .0
8408700119970923    .0
8408700119970924    .0
8408700119970925    .0
8408700119970926    .0
8408700119970927    .0
8408700119970928    .0
8408700119970929    .0
8408700119970930    .0
8408700119971001    .0
8408700119971002    .0
8408700119971003    .0
8408700119971004    .0
8408700119971005    .0
8408700119971006  79.0
8408700119971007   1.2
8408700119971008    .2
8408700119971009    .2
8408700119971010    .2
8408700119971011    .0
8408700119971012    .2
8408700119971013    .0
8408700119971014    .0
8408700119971015    .6
8408700119971016    .0
8408700119971017    .0
8408700119971018    .2
8408700119971019    .0
8408700119971020    .2
8408700119971021    .2
8408700119971022   3.8
8408700119971023    .4
8408700119971024    .0
8408700119971025    .0
8408700119971026    .0
8408700119971027    .0
8408700119971028   3.6
8408700119971029    .0
8408700119971030    .0
8408700119971031    .0
8408700119971101    .0
8408700119971102    .2
8408700119971103    .2
8408700119971104   4.0
8408700119971105   6.8
8408700119971106  31.8
8408700119971107   2.4
8408700119971108   4.2
8408700119971109    .0
8408700119971110   4.2
8408700119971111   9.8
8408700119971112    .2
8408700119971113    .2
8408700119971114    .0
8408700119971115    .0
8408700119971116    .0
8408700119971117    .0
8408700119971118    .2
8408700119971119   5.6
8408700119971120   8.2
8408700119971121    .0
8408700119971122    .0
8408700119971123    .0
8408700119971124    .0
8408700119971125    .2
8408700119971126    .0
8408700119971127    .0
8408700119971128   6.6
8408700119971129    .2
8408700119971130    .0
8408700119971201    .0
8408700119971202   1.0
8408700119971203    .0
8408700119971204    .0
8408700119971205    .0
8408700119971206    .0
8408700119971207    .0
8408700119971208    .0
8408700119971209    .0
8408700119971210   1.4
8408700119971211    .0
8408700119971212    .0
8408700119971213    .0
8408700119971214    .0
8408700119971215    .2
8408700119971216   2.4
8408700119971217   2.4
8408700119971218  16.8
8408700119971219  12.6
8408700119971220    .4
8408700119971221    .0
8408700119971222   1.2
8408700119971223    .0
8408700119971224    .0
8408700119971225    .0
8408700119971226    .2
8408700119971227    .2
8408700119971228    .0
8408700119971229    .2
8408700119971230   4.2
8408700119971231    .0
8408700119980101  10.8
8408700119980102   9.2
8408700119980103    .2
8408700119980104    .2
8408700119980105    .0
8408700119980106    .0
8408700119980107    .2
8408700119980108    .2
8408700119980109    .2
8408700119980110    .0
8408700119980111    .2
8408700119980112    .0
8408700119980113  24.0
8408700119980114    .2
8408700119980115    .0
8408700119980116   5.8
8408700119980117    .0
8408700119980118   2.4
8408700119980119   1.4
8408700119980120    .0
8408700119980121    .0
8408700119980122    .0
8408700119980123    .0
8408700119980124    .0
8408700119980125   8.2
8408700119980126    .0
8408700119980127    .2
8408700119980128    .0
8408700119980129    .0
8408700119980130    .2
8408700119980131    .0
8408700119980201    .0
8408700119980202    .2
8408700119980203   1.0
8408700119980204    .0
8408700119980205    .0
8408700119980206    .0
8408700119980207    .0
8408700119980208    .0
8408700119980209    .0
8408700119980210    .2
8408700119980211    .0
8408700119980212    .0
8408700119980213    .2
8408700119980214    .4
8408700119980215    .2
8408700119980216    .0
8408700119980217    .0
8408700119980218    .0
8408700119980219    .2
8408700119980220    .2
8408700119980221  11.4
8408700119980222   4.6
8408700119980223    .0
8408700119980224    .0
8408700119980225    .0
8408700119980226    .0
8408700119980227    .0
8408700119980228    .0
8408700119980301    .0
8408700119980302    .0
8408700119980303    .0
8408700119980304    .0
8408700119980305    .0
8408700119980306    .0
8408700119980307    .0
8408700119980308    .6
8408700119980309    .0
8408700119980310    .0
8408700119980311   2.2
8408700119980312    .0
8408700119980313    .0
8408700119980314    .0
8408700119980315    .0
8408700119980316    .0
8408700119980317    .0
8408700119980318    .0
8408700119980319    .0
8408700119980320    .0
8408700119980321    .0
8408700119980322    .0
8408700119980323    .0
8408700119980324    .0
8408700119980325    .0
8408700119980326    .0
8408700119980327    .0
8408700119980328    .0
8408700119980329    .0
8408700119980330    .0
8408700119980331   1.8
8408700119980401  18.2
8408700119980402    .4
8408700119980403    .0
8408700119980404   3.2
8408700119980405   1.2
8408700119980406   1.0
8408700119980407   9.6
8408700119980408    .2
8408700119980409   5.6
8408700119980410   4.6
8408700119980411  14.4
8408700119980412    .6
8408700119980413    .6
8408700119980414   5.4
8408700119980415  16.4
8408700119980416   4.0
8408700119980417    .8
8408700119980418    .2
8408700119980419    .0
8408700119980420    .0
8408700119980421    .2
8408700119980422    .0
8408700119980423    .0
8408700119980424    .0
8408700119980425    .0
8408700119980426  25.4
8408700119980427    .4
8408700119980428    .2
8408700119980429  18.0
8408700119980430  16.2
8408700119980501    .0
8408700119980502    .0
8408700119980503    .0
8408700119980504    .0
8408700119980505    .0
8408700119980506    .0
8408700119980507    .0
8408700119980508    .0
8408700119980509    .0
8408700119980510    .0
8408700119980511    .0
8408700119980512    .0
8408700119980513    .0
8408700119980514    .0
8408700119980515   1.2
8408700119980516    .0
8408700119980517    .0
8408700119980518    .0
8408700119980519    .0
8408700119980520    .0
8408700119980521    .0
8408700119980522    .0
8408700119980523    .0
8408700119980524    .0
8408700119980525    .0
8408700119980526   2.6
8408700119980527  17.0
8408700119980528  21.0
8408700119980529    .0
8408700119980530    .0
8408700119980531 105.4
8408700119980601    .0
8408700119980602    .4
8408700119980603   2.0
8408700119980604    .0
8408700119980605    .0
8408700119980606   4.6
8408700119980607    .4
8408700119980608    .0
8408700119980609    .0
8408700119980610   3.2
8408700119980611   3.4
8408700119980612    .0
8408700119980613    .0
8408700119980614    .0
8408700119980615    .0
8408700119980616    .0
8408700119980617    .0
8408700119980618    .0
8408700119980619    .0
8408700119980620    .0
8408700119980621    .0
8408700119980622    .0
8408700119980623    .0
8408700119980624    .0
8408700119980625    .0
8408700119980626    .0
8408700119980627    .0
8408700119980628    .0
8408700119980629   1.4
8408700119980630    .0
8408700119980701    .2
8408700119980702   1.2
8408700119980703    .0
8408700119980704    .0
8408700119980705    .0
8408700119980706    .8
8408700119980707   1.2
8408700119980708    .0
8408700119980709    .0
8408700119980710    .0
8408700119980711    .0
8408700119980712    .0
8408700119980713    .2
8408700119980714    .0
8408700119980715    .0
8408700119980716    .0
8408700119980717    .0
8408700119980718    .0
8408700119980719    .0
8408700119980720    .0
8408700119980721    .0
8408700119980722    .0
8408700119980723    .0
8408700119980724    .0
8408700119980725    .0
8408700119980726   2.0
8408700119980727    .6
8408700119980728    .0
8408700119980729    .0
8408700119980730    .0
8408700119980731    .0
8408700119980801    .0
8408700119980802  10.6
8408700119980803  20.6
8408700119980804    .0
8408700119980805    .0
8408700119980806    .0
8408700119980807    .0
8408700119980808    .0
8408700119980809    .0
8408700119980810    .0
8408700119980811    .0
8408700119980812    .0
8408700119980813    .0
8408700119980814    .0
8408700119980815    .0
8408700119980816    .0
8408700119980817    .0
8408700119980818    .0
8408700119980819    .0
8408700119980820    .0
8408700119980821    .0
8408700119980822    .0
8408700119980823    .0
8408700119980824    .0
8408700119980825    .0
8408700119980826    .0
8408700119980827    .0
8408700119980828    .0
8408700119980829    .0
8408700119980830    .0
8408700119980831    .0
8408700119980901    .0
8408700119980902   4.8
8408700119980903    .0
8408700119980904  40.8
8408700119980905    .0
8408700119980906    .0
8408700119980907   4.8
8408700119980908    .0
8408700119980909    .0
8408700119980910  21.8
8408700119980911  20.8
8408700119980912    .4
8408700119980913    .2
8408700119980914    .2
8408700119980915    .0
8408700119980916    .0
8408700119980917    .0
8408700119980918    .0
8408700119980919    .0
8408700119980920    .0
8408700119980921    .0
8408700119980922    .0
8408700119980923    .0
8408700119980924    .2
8408700119980925    .0
8408700119980926   6.6
8408700119980927   1.4
8408700119980928    .2
8408700119980929  14.4
8408700119980930   2.0
8408700119981001    .8
8408700119981002    .8
8408700119981003    .0
8408700119981004    .2
8408700119981005   8.6
8408700119981006   7.0
8408700119981007    .0
8408700119981008    .4
8408700119981009    .4
8408700119981010    .0
8408700119981011    .2
8408700119981012    .0
8408700119981013    .0
8408700119981014    .0
8408700119981015    .0
8408700119981016    .4
8408700119981017   8.0
8408700119981018    .2
8408700119981019    .0
8408700119981020    .0
8408700119981021    .0
8408700119981022    .0
8408700119981023    .0
8408700119981024    .0
8408700119981025    .0
8408700119981026    .2
8408700119981027    .0
8408700119981028    .0
8408700119981029    .2
8408700119981030    .0
8408700119981031    .0
8408700119981101    .0
8408700119981102   1.0
8408700119981103   3.0
8408700119981104   1.0
8408700119981105    .0
8408700119981106    .0
8408700119981107    .0
8408700119981108    .2
8408700119981109    .2
8408700119981110   3.4
8408700119981111    .0
8408700119981112    .6
8408700119981113   3.8
8408700119981114    .8
8408700119981115    .0
8408700119981116    .0
8408700119981117    .0
8408700119981118    .0
8408700119981119    .0
8408700119981120    .0
8408700119981121    .0
8408700119981122    .0
8408700119981123    .0
8408700119981124    .0
8408700119981125    .8
8408700119981126    .0
8408700119981127    .0
8408700119981128   4.2
8408700119981129    .2
8408700119981130    .0
8408700119981201    .0
8408700119981202    .0
8408700119981203    .0
8408700119981204    .0
8408700119981205    .0
8408700119981206    .0
8408700119981207    .0
8408700119981208    .0
8408700119981209   2.4
8408700119981210   6.8
8408700119981211    .0
8408700119981212    .0
8408700119981213    .0
8408700119981214    .0
8408700119981215    .2
8408700119981216    .0
8408700119981217    .0
8408700119981218    .2
8408700119981219    .0
8408700119981220   9.8
8408700119981221    .0
8408700119981222    .0
8408700119981223    .0
8408700119981224   4.0
8408700119981225    .0
8408700119981226    .2
8408700119981227    .0
8408700119981228    .2
8408700119981229    .2
8408700119981230    .0
8408700119981231   6.4
