8602700119940101   6.4
8602700119940102   3.0
8602700119940103   8.2
8602700119940104   7.2
8602700119940105  34.8
8602700119940106   6.8
8602700119940107   1.2
8602700119940108   1.4
8602700119940109   5.6
8602700119940110   2.4
8602700119940111    .2
8602700119940112   5.2
8602700119940113    .6
8602700119940114   3.4
8602700119940115   4.0
8602700119940116    .0
8602700119940117    .0
8602700119940118    .0
8602700119940119    .6
8602700119940120    .0
8602700119940121    .0
8602700119940122    .0
8602700119940123    .8
8602700119940124    .6
8602700119940125   1.0
8602700119940126    .0
8602700119940127   1.0
8602700119940128    .0
8602700119940129    .0
8602700119940130    .0
8602700119940131    .0
8602700119940201   2.8
8602700119940202   5.2
8602700119940203   4.6
8602700119940204    .2
8602700119940205    .0
8602700119940206   1.0
8602700119940207    .4
8602700119940208    .4
8602700119940209  10.2
8602700119940210    .4
8602700119940211  27.6
8602700119940212    .0
8602700119940213    .0
8602700119940214   1.6
8602700119940215    .2
8602700119940216    .0
8602700119940217   1.0
8602700119940218   2.0
8602700119940219   2.2
8602700119940220  11.0
8602700119940221    .6
8602700119940222   2.2
8602700119940223   9.8
8602700119940224   2.0
8602700119940225    .0
8602700119940226    .0
8602700119940227   1.2
8602700119940228    .0
8602700119940301    .0
8602700119940302   6.6
8602700119940303   1.2
8602700119940304    .0
8602700119940305    .0
8602700119940306    .0
8602700119940307    .0
8602700119940308    .0
8602700119940309    .0
8602700119940310    .0
8602700119940311    .4
8602700119940312    .2
8602700119940313    .4
8602700119940314    .0
8602700119940315    .0
8602700119940316    .0
8602700119940317    .0
8602700119940318    .0
8602700119940319    .8
8602700119940320   1.0
8602700119940321   2.0
8602700119940322    .0
8602700119940323    .0
8602700119940324    .0
8602700119940325    .0
8602700119940326    .0
8602700119940327    .0
8602700119940328    .0
8602700119940329    .0
8602700119940330   8.2
8602700119940331   3.0
8602700119940401   1.8
8602700119940402   2.2
8602700119940403   5.0
8602700119940404   2.2
8602700119940405    .8
8602700119940406   8.8
8602700119940407   1.8
8602700119940408   8.6
8602700119940409   5.6
8602700119940410  10.0
8602700119940411    .0
8602700119940412    .2
8602700119940413   2.6
8602700119940414    .0
8602700119940415    .0
8602700119940416    .0
8602700119940417   1.4
8602700119940418    .0
8602700119940419    .0
8602700119940420    .0
8602700119940421    .0
8602700119940422    .2
8602700119940423    .2
8602700119940424   3.0
8602700119940425   1.8
8602700119940426    .4
8602700119940427    .0
8602700119940428    .0
8602700119940429    .0
8602700119940430    .0
8602700119940501    .0
8602700119940502    .0
8602700119940503    .0
8602700119940504   1.8
8602700119940505   1.0
8602700119940506    .0
8602700119940507   8.4
8602700119940508    .0
8602700119940509    .0
8602700119940510    .0
8602700119940511   2.8
8602700119940512    .0
8602700119940513    .4
8602700119940514    .0
8602700119940515   1.6
8602700119940516   2.2
8602700119940517    .2
8602700119940518   1.2
8602700119940519   6.8
8602700119940520   6.8
8602700119940521    .0
8602700119940522   2.4
8602700119940523   1.2
8602700119940524    .0
8602700119940525   4.2
8602700119940526   3.6
8602700119940527    .0
8602700119940528    .0
8602700119940529    .0
8602700119940530    .0
8602700119940531    .0
8602700119940601  18.8
8602700119940602  11.2
8602700119940603   1.4
8602700119940604   4.2
8602700119940605    .0
8602700119940606    .0
8602700119940607    .0
8602700119940608    .0
8602700119940609    .0
8602700119940610    .0
8602700119940611    .0
8602700119940612    .0
8602700119940613    .0
8602700119940614    .0
8602700119940615    .0
8602700119940616    .0
8602700119940617    .0
8602700119940618    .0
8602700119940619    .0
8602700119940620    .0
8602700119940621    .0
8602700119940622    .0
8602700119940623    .0
8602700119940624  18.2
8602700119940625   9.6
8602700119940626    .0
8602700119940627    .0
8602700119940628    .0
8602700119940629    .0
8602700119940630    .0
8602700119940701    .2
8602700119940702    .0
8602700119940703    .0
8602700119940704    .0
8602700119940705    .0
8602700119940706    .0
8602700119940707    .0
8602700119940708    .8
8602700119940709    .0
8602700119940710    .0
8602700119940711    .0
8602700119940712    .0
8602700119940713    .0
8602700119940714    .0
8602700119940715    .0
8602700119940716    .0
8602700119940717    .8
8602700119940718  10.4
8602700119940719    .4
8602700119940720    .0
8602700119940721    .0
8602700119940722    .0
8602700119940723    .0
8602700119940724    .0
8602700119940725    .0
8602700119940726    .0
8602700119940727   8.4
8602700119940728    .4
8602700119940729    .0
8602700119940730   4.8
8602700119940731   1.8
8602700119940801    .4
8602700119940802    .0
8602700119940803    .0
8602700119940804    .0
8602700119940805    .0
8602700119940806    .0
8602700119940807   8.0
8602700119940808    .0
8602700119940809  14.4
8602700119940810  16.8
8602700119940811    .2
8602700119940812    .0
8602700119940813    .2
8602700119940814    .0
8602700119940815    .0
8602700119940816    .0
8602700119940817    .4
8602700119940818    .2
8602700119940819    .0
8602700119940820    .0
8602700119940821    .0
8602700119940822    .0
8602700119940823    .0
8602700119940824   2.0
8602700119940825   2.2
8602700119940826    .2
8602700119940827    .0
8602700119940828    .4
8602700119940829    .0
8602700119940830    .0
8602700119940831   4.2
8602700119940901   6.8
8602700119940902    .0
8602700119940903    .0
8602700119940904    .2
8602700119940905    .8
8602700119940906   1.6
8602700119940907   4.0
8602700119940908  10.8
8602700119940909   2.2
8602700119940910   2.2
8602700119940911  12.0
8602700119940912    .0
8602700119940913    .2
8602700119940914   8.8
8602700119940915  16.0
8602700119940916   3.2
8602700119940917    .0
8602700119940918    .0
8602700119940919  17.4
8602700119940920   3.8
8602700119940921   2.2
8602700119940922  12.4
8602700119940923   7.8
8602700119940924    .0
8602700119940925   1.6
8602700119940926   6.8
8602700119940927    .2
8602700119940928    .0
8602700119940929    .0
8602700119940930    .0
8602700119941001    .0
8602700119941002   1.6
8602700119941003    .2
8602700119941004    .0
8602700119941005    .0
8602700119941006    .0
8602700119941007    .0
8602700119941008    .0
8602700119941009    .0
8602700119941010    .0
8602700119941011    .0
8602700119941012    .0
8602700119941013    .0
8602700119941014    .0
8602700119941015    .0
8602700119941016    .0
8602700119941017    .0
8602700119941018    .0
8602700119941019   4.2
8602700119941020    .0
8602700119941021   4.0
8602700119941022  15.4
8602700119941023   2.6
8602700119941024   7.6
8602700119941025   7.0
8602700119941026   3.0
8602700119941027   4.0
8602700119941028    .0
8602700119941029    .8
8602700119941030    .2
8602700119941031    .4
8602700119941101    .8
8602700119941102    .6
8602700119941103    .4
8602700119941104  22.0
8602700119941105   2.0
8602700119941106    .0
8602700119941107    .2
8602700119941108   2.6
8602700119941109   7.8
8602700119941110    .0
8602700119941111   1.0
8602700119941112   2.2
8602700119941113    .0
8602700119941114    .0
8602700119941115    .8
8602700119941116   4.6
8602700119941117   1.0
8602700119941118   3.8
8602700119941119    .0
8602700119941120    .0
8602700119941121    .0
8602700119941122    .0
8602700119941123    .0
8602700119941124    .0
8602700119941125    .0
8602700119941126    .0
8602700119941127    .2
8602700119941128    .0
8602700119941129    .0
8602700119941130    .0
8602700119941201    .0
8602700119941202    .0
8602700119941203    .0
8602700119941204   5.8
8602700119941205   2.4
8602700119941206    .0
8602700119941207    .4
8602700119941208  19.2
8602700119941209  14.2
8602700119941210    .6
8602700119941211    .2
8602700119941212    .0
8602700119941213    .0
8602700119941214    .6
8602700119941215    .0
8602700119941216    .0
8602700119941217    .0
8602700119941218   6.0
8602700119941219    .8
8602700119941220    .0
8602700119941221   2.8
8602700119941222    .0
8602700119941223    .0
8602700119941224    .0
8602700119941225    .0
8602700119941226   4.8
8602700119941227   2.0
8602700119941228    .2
8602700119941229  10.0
8602700119941230   8.4
8602700119941231   3.4
8602700119950101    .2
8602700119950102    .0
8602700119950103    .0
8602700119950104    .0
8602700119950105   2.4
8602700119950106    .0
8602700119950107    .0
8602700119950108   2.8
8602700119950109    .0
8602700119950110    .0
8602700119950111   1.0
8602700119950112    .0
8602700119950113    .0
8602700119950114    .0
8602700119950115    .0
8602700119950116    .0
8602700119950117   3.6
8602700119950118   1.6
8602700119950119   2.6
8602700119950120   1.0
8602700119950121  28.2
8602700119950122  23.4
8602700119950123   1.0
8602700119950124   7.2
8602700119950125    .0
8602700119950126   6.0
8602700119950127   4.4
8602700119950128   2.4
8602700119950129   3.2
8602700119950130    .0
8602700119950131    .0
8602700119950201   6.0
8602700119950202    .0
8602700119950203    .0
8602700119950204    .6
8602700119950205    .0
8602700119950206    .0
8602700119950207    .0
8602700119950208   7.0
8602700119950209    .0
8602700119950210   1.8
8602700119950211   2.0
8602700119950212   1.0
8602700119950213   6.6
8602700119950214   3.6
8602700119950215    .8
8602700119950216    .8
8602700119950217   4.6
8602700119950218    .0
8602700119950219    .0
8602700119950220    .0
8602700119950221   2.8
8602700119950222   4.4
8602700119950223   2.4
8602700119950224   2.4
8602700119950225   5.0
8602700119950226    .2
8602700119950227    .0
8602700119950228    .0
8602700119950301    .2
8602700119950302   8.2
8602700119950303    .0
8602700119950304    .2
8602700119950305   2.2
8602700119950306    .6
8602700119950307  12.2
8602700119950308    .2
8602700119950309    .0
8602700119950310    .0
8602700119950311    .0
8602700119950312    .0
8602700119950313    .0
8602700119950314   4.2
8602700119950315    .4
8602700119950316   1.4
8602700119950317   5.6
8602700119950318   3.0
8602700119950319  22.4
8602700119950320    .0
8602700119950321    .0
8602700119950322    .0
8602700119950323    .0
8602700119950324    .0
8602700119950325    .0
8602700119950326    .0
8602700119950327    .2
8602700119950328   6.8
8602700119950329    .4
8602700119950330    .0
8602700119950331    .0
8602700119950401    .0
8602700119950402    .0
8602700119950403    .0
8602700119950404    .0
8602700119950405    .0
8602700119950406    .0
8602700119950407    .0
8602700119950408    .0
8602700119950409    .0
8602700119950410    .0
8602700119950411    .0
8602700119950412    .0
8602700119950413    .0
8602700119950414    .0
8602700119950415    .0
8602700119950416    .0
8602700119950417    .4
8602700119950418   3.6
8602700119950419   2.6
8602700119950420    .0
8602700119950421    .8
8602700119950422   2.6
8602700119950423    .0
8602700119950424   1.4
8602700119950425   7.4
8602700119950426   1.8
8602700119950427    .0
8602700119950428    .0
8602700119950429   5.8
8602700119950430    .0
8602700119950501    .0
8602700119950502    .0
8602700119950503    .0
8602700119950504    .0
8602700119950505    .0
8602700119950506    .0
8602700119950507    .0
8602700119950508    .0
8602700119950509    .0
8602700119950510    .0
8602700119950511    .8
8602700119950512   4.0
8602700119950513    .6
8602700119950514    .0
8602700119950515   1.0
8602700119950516   9.8
8602700119950517   9.0
8602700119950518   2.8
8602700119950519    .0
8602700119950520    .0
8602700119950521    .0
8602700119950522    .0
8602700119950523    .8
8602700119950524  11.6
8602700119950525   5.8
8602700119950526    .0
8602700119950527    .0
8602700119950528    .0
8602700119950529    .0
8602700119950530    .6
8602700119950531    .0
8602700119950601    .4
8602700119950602    .8
8602700119950603   1.8
8602700119950604    .0
8602700119950605    .0
8602700119950606    .0
8602700119950607    .0
8602700119950608    .0
8602700119950609    .0
8602700119950610    .0
8602700119950611   1.4
8602700119950612    .4
8602700119950613    .8
8602700119950614    .0
8602700119950615    .0
8602700119950616    .0
8602700119950617   2.6
8602700119950618    .2
8602700119950619    .0
8602700119950620    .2
8602700119950621    .0
8602700119950622    .0
8602700119950623    .0
8602700119950624    .0
8602700119950625    .0
8602700119950626    .0
8602700119950627    .0
8602700119950628    .0
8602700119950629    .0
8602700119950630    .0
8602700119950701   3.6
8602700119950702    .2
8602700119950703  13.2
8602700119950704    .0
8602700119950705    .0
8602700119950706    .0
8602700119950707    .0
8602700119950708    .0
8602700119950709    .0
8602700119950710  20.0
8602700119950711    .0
8602700119950712    .0
8602700119950713    .4
8602700119950714   2.8
8602700119950715  13.8
8602700119950716    .0
8602700119950717    .0
8602700119950718    .0
8602700119950719    .0
8602700119950720    .0
8602700119950721    .0
8602700119950722    .6
8602700119950723    .0
8602700119950724    .0
8602700119950725    .0
8602700119950726    .0
8602700119950727    .8
8602700119950728    .0
8602700119950729    .0
8602700119950730    .0
8602700119950731  10.6
8602700119950801    .0
8602700119950802    .0
8602700119950803    .0
8602700119950804    .0
8602700119950805    .2
8602700119950806    .0
8602700119950807   2.6
8602700119950808    .0
8602700119950809    .0
8602700119950810    .0
8602700119950811    .0
8602700119950812    .0
8602700119950813    .0
8602700119950814    .0
8602700119950815    .0
8602700119950816    .0
8602700119950817    .0
8602700119950818    .0
8602700119950819    .0
8602700119950820    .0
8602700119950821    .0
8602700119950822   4.4
8602700119950823    .0
8602700119950824    .0
8602700119950825    .0
8602700119950826    .0
8602700119950827    .0
8602700119950828    .0
8602700119950829    .0
8602700119950830    .0
8602700119950831    .0
8602700119950901    .0
8602700119950902    .0
8602700119950903    .0
8602700119950904    .0
8602700119950905    .0
8602700119950906   8.0
8602700119950907  19.6
8602700119950908   1.0
8602700119950909    .2
8602700119950910   5.0
8602700119950911    .0
8602700119950912    .8
8602700119950913   6.4
8602700119950914   3.8
8602700119950915   5.8
8602700119950916    .0
8602700119950917   5.6
8602700119950918   1.4
8602700119950919  24.0
8602700119950920    .0
8602700119950921    .0
8602700119950922    .0
8602700119950923    .0
8602700119950924   1.6
8602700119950925    .0
8602700119950926    .0
8602700119950927   1.8
8602700119950928    .0
8602700119950929    .0
8602700119950930    .2
8602700119951001    .2
8602700119951002    .6
8602700119951003    .0
8602700119951004    .6
8602700119951005    .0
8602700119951006    .0
8602700119951007    .0
8602700119951008    .0
8602700119951009    .0
8602700119951010    .0
8602700119951011    .0
8602700119951012    .0
8602700119951013    .0
8602700119951014    .2
8602700119951015    .0
8602700119951016    .0
8602700119951017    .0
8602700119951018    .0
8602700119951019    .0
8602700119951020    .0
8602700119951021    .0
8602700119951022    .0
8602700119951023    .0
8602700119951024   4.8
8602700119951025    .4
8602700119951026    .0
8602700119951027    .2
8602700119951028   5.8
8602700119951029  19.8
8602700119951030    .0
8602700119951031    .0
8602700119951101    .0
8602700119951102    .0
8602700119951103    .0
8602700119951104    .0
8602700119951105    .0
8602700119951106    .0
8602700119951107    .0
8602700119951108    .0
8602700119951109    .0
8602700119951110    .6
8602700119951111   4.4
8602700119951112  20.0
8602700119951113    .0
8602700119951114    .2
8602700119951115   3.8
8602700119951116  20.0
8602700119951117   1.2
8602700119951118    .0
8602700119951119    .0
8602700119951120    .0
8602700119951121   7.8
8602700119951122   2.2
8602700119951123    .0
8602700119951124    .0
8602700119951125   6.4
8602700119951126   3.4
8602700119951127    .0
8602700119951128    .0
8602700119951129    .0
8602700119951130    .0
8602700119951201   2.4
8602700119951202  12.8
8602700119951203   5.0
8602700119951204    .4
8602700119951205    .0
8602700119951206    .0
8602700119951207    .2
8602700119951208    .2
8602700119951209    .0
8602700119951210    .0
8602700119951211    .0
8602700119951212    .0
8602700119951213    .0
8602700119951214    .0
8602700119951215  10.6
8602700119951216  16.2
8602700119951217    .0
8602700119951218    .8
8602700119951219    .0
8602700119951220    .0
8602700119951221   1.2
8602700119951222   7.0
8602700119951223  10.4
8602700119951224  35.8
8602700119951225   6.2
8602700119951226   7.0
8602700119951227    .0
8602700119951228    .0
8602700119951229   2.8
8602700119951230  10.0
8602700119951231    .2
8602700119960101  12.8
8602700119960102   2.8
8602700119960103    .0
8602700119960104   1.2
8602700119960105   9.2
8602700119960106  25.4
8602700119960107   3.4
8602700119960108    .2
8602700119960109   6.0
8602700119960110   7.6
8602700119960111   6.2
8602700119960112    .0
8602700119960113    .0
8602700119960114    .0
8602700119960115    .0
8602700119960116    .0
8602700119960117    .0
8602700119960118    .0
8602700119960119    .0
8602700119960120    .0
8602700119960121    .0
8602700119960122  19.2
8602700119960123  10.4
8602700119960124    .0
8602700119960125    .0
8602700119960126    .6
8602700119960127    .0
8602700119960128   1.2
8602700119960129    .0
8602700119960130    .0
8602700119960131    .0
8602700119960201   4.0
8602700119960202    .0
8602700119960203    .0
8602700119960204    .0
8602700119960205   5.2
8602700119960206   1.4
8602700119960207   8.4
8602700119960208    .0
8602700119960209   1.4
8602700119960210   4.8
8602700119960211   1.0
8602700119960212   9.6
8602700119960213    .0
8602700119960214    .0
8602700119960215    .0
8602700119960216    .0
8602700119960217    .0
8602700119960218   6.0
8602700119960219    .4
8602700119960220    .8
8602700119960221    .0
8602700119960222   2.4
8602700119960223    .0
8602700119960224   2.4
8602700119960225   2.2
8602700119960226   5.4
8602700119960227    .0
8602700119960228    .0
8602700119960229    .0
8602700119960301    .0
8602700119960302    .0
8602700119960303    .4
8602700119960304    .0
8602700119960305   2.0
8602700119960306    .0
8602700119960307   5.2
8602700119960308   6.2
8602700119960309    .0
8602700119960310    .0
8602700119960311    .0
8602700119960312    .0
8602700119960313    .0
8602700119960314    .2
8602700119960315   1.0
8602700119960316    .0
8602700119960317    .0
8602700119960318    .8
8602700119960319   4.4
8602700119960320   1.2
8602700119960321    .6
8602700119960322    .0
8602700119960323    .0
8602700119960324   3.4
8602700119960325    .0
8602700119960326   8.0
8602700119960327    .0
8602700119960328    .0
8602700119960329    .0
8602700119960330    .0
8602700119960331    .0
8602700119960401    .0
8602700119960402    .0
8602700119960403    .0
8602700119960404    .0
8602700119960405    .0
8602700119960406    .0
8602700119960407    .0
8602700119960408    .0
8602700119960409    .0
8602700119960410    .4
8602700119960411    .0
8602700119960412    .0
8602700119960413   1.4
8602700119960414    .0
8602700119960415    .0
8602700119960416    .6
8602700119960417    .0
8602700119960418    .0
8602700119960419    .0
8602700119960420    .0
8602700119960421    .4
8602700119960422   5.4
8602700119960423   2.6
8602700119960424   2.0
8602700119960425    .0
8602700119960426    .0
8602700119960427    .0
8602700119960428    .0
8602700119960429    .0
8602700119960430    .0
8602700119960501   6.4
8602700119960502   7.6
8602700119960503   8.8
8602700119960504    .0
8602700119960505    .0
8602700119960506    .0
8602700119960507  35.8
8602700119960508   1.0
8602700119960509    .0
8602700119960510    .0
8602700119960511    .0
8602700119960512    .0
8602700119960513    .0
8602700119960514    .0
8602700119960515    .0
8602700119960516   1.8
8602700119960517   7.4
8602700119960518  16.8
8602700119960519   1.4
8602700119960520    .0
8602700119960521   4.4
8602700119960522    .6
8602700119960523   1.4
8602700119960524    .4
8602700119960525  19.4
8602700119960526    .8
8602700119960527    .4
8602700119960528    .0
8602700119960529    .0
8602700119960530    .0
8602700119960531   3.0
8602700119960601    .0
8602700119960602    .0
8602700119960603    .0
8602700119960604    .0
8602700119960605    .0
8602700119960606    .0
8602700119960607   1.2
8602700119960608    .0
8602700119960609    .0
8602700119960610    .0
8602700119960611    .0
8602700119960612    .0
8602700119960613    .0
8602700119960614    .0
8602700119960615    .0
8602700119960616    .0
8602700119960617    .0
8602700119960618    .0
8602700119960619    .6
8602700119960620    .0
8602700119960621  31.8
8602700119960622    .0
8602700119960623    .0
8602700119960624    .0
8602700119960625    .0
8602700119960626    .0
8602700119960627    .0
8602700119960628    .0
8602700119960629    .0
8602700119960630    .2
8602700119960701    .2
8602700119960702    .0
8602700119960703   6.2
8602700119960704   2.6
8602700119960705   8.8
8602700119960706   6.4
8602700119960707   7.4
8602700119960708    .0
8602700119960709    .4
8602700119960710    .6
8602700119960711    .0
8602700119960712    .0
8602700119960713    .0
8602700119960714    .0
8602700119960715    .0
8602700119960716    .0
8602700119960717    .0
8602700119960718    .0
8602700119960719    .0
8602700119960720    .0
8602700119960721    .0
8602700119960722    .0
8602700119960723    .0
8602700119960724    .0
8602700119960725    .0
8602700119960726    .0
8602700119960727    .0
8602700119960728    .0
8602700119960729    .0
8602700119960730    .0
8602700119960731    .0
8602700119960801    .0
8602700119960802    .0
8602700119960803    .0
8602700119960804    .0
8602700119960805    .0
8602700119960806   3.4
8602700119960807    .0
8602700119960808    .0
8602700119960809    .4
8602700119960810  19.4
8602700119960811   1.0
8602700119960812    .2
8602700119960813    .0
8602700119960814    .0
8602700119960815    .0
8602700119960816    .0
8602700119960817    .0
8602700119960818    .0
8602700119960819    .6
8602700119960820    .2
8602700119960821   7.2
8602700119960822    .0
8602700119960823    .4
8602700119960824   5.2
8602700119960825   1.8
8602700119960826    .0
8602700119960827    .0
8602700119960828    .8
8602700119960829   4.2
8602700119960830    .0
8602700119960831    .0
8602700119960901    .0
8602700119960902    .0
8602700119960903    .0
8602700119960904    .0
8602700119960905    .0
8602700119960906    .0
8602700119960907    .0
8602700119960908    .0
8602700119960909    .0
8602700119960910    .0
8602700119960911    .0
8602700119960912    .0
8602700119960913    .0
8602700119960914    .0
8602700119960915    .0
8602700119960916    .0
8602700119960917    .0
8602700119960918  36.4
8602700119960919   9.0
8602700119960920    .0
8602700119960921    .2
8602700119960922    .0
8602700119960923    .0
8602700119960924   9.2
8602700119960925   1.0
8602700119960926   1.8
8602700119960927    .0
8602700119960928    .2
8602700119960929    .0
8602700119960930  24.8
8602700119961001  18.4
8602700119961002   1.4
8602700119961003    .2
8602700119961004   1.4
8602700119961005   3.4
8602700119961006    .0
8602700119961007    .0
8602700119961008    .0
8602700119961009    .6
8602700119961010    .2
8602700119961011    .0
8602700119961012    .0
8602700119961013    .0
8602700119961014    .6
8602700119961015    .0
8602700119961016  17.4
8602700119961017    .0
8602700119961018    .6
8602700119961019    .2
8602700119961020    .4
8602700119961021    .4
8602700119961022    .0
8602700119961023    .2
8602700119961024    .0
8602700119961025    .2
8602700119961026    .4
8602700119961027    .4
8602700119961028   1.2
8602700119961029    .4
8602700119961030    .0
8602700119961031    .4
8602700119961101   1.0
8602700119961102    .0
8602700119961103    .0
8602700119961104  13.8
8602700119961105    .0
8602700119961106   7.0
8602700119961107   3.8
8602700119961108    .0
8602700119961109    .0
8602700119961110  21.6
8602700119961111   9.8
8602700119961112   1.4
8602700119961113    .4
8602700119961114    .0
8602700119961115    .0
8602700119961116    .4
8602700119961117   3.8
8602700119961118    .0
8602700119961119  28.0
8602700119961120    .0
8602700119961121  13.8
8602700119961122    .0
8602700119961123    .8
8602700119961124   8.4
8602700119961125   2.6
8602700119961126   3.2
8602700119961127   6.4
8602700119961128    .0
8602700119961129   8.2
8602700119961130   1.8
8602700119961201   3.0
8602700119961202    .0
8602700119961203  15.2
8602700119961204  11.2
8602700119961205  10.2
8602700119961206   3.8
8602700119961207    .0
8602700119961208    .0
8602700119961209    .0
8602700119961210    .0
8602700119961211    .6
8602700119961212   2.2
8602700119961213   4.4
8602700119961214    .0
8602700119961215    .0
8602700119961216    .0
8602700119961217    .8
8602700119961218   1.6
8602700119961219    .4
8602700119961220    .0
8602700119961221   7.6
8602700119961222   2.0
8602700119961223   1.0
8602700119961224   1.0
8602700119961225    .4
8602700119961226    .0
8602700119961227    .0
8602700119961228    .0
8602700119961229    .0
8602700119961230    .0
8602700119961231    .0
8602700119970101    .0
8602700119970102    .0
8602700119970103   1.6
8602700119970104   1.6
8602700119970105    .0
8602700119970106    .0
8602700119970107    .0
8602700119970108    .0
8602700119970109    .2
8602700119970110    .0
8602700119970111    .0
8602700119970112    .0
8602700119970113    .0
8602700119970114    .0
8602700119970115    .0
8602700119970116    .0
8602700119970117   2.4
8602700119970118    .6
8602700119970119   2.8
8602700119970120    .0
8602700119970121   4.0
8602700119970122    .0
8602700119970123   1.2
8602700119970124   4.0
8602700119970125    .8
8602700119970126    .0
8602700119970127    .0
8602700119970128    .0
8602700119970129    .0
8602700119970130    .0
8602700119970131    .0
8602700119970201    .0
8602700119970202   1.2
8602700119970203    .0
8602700119970204   1.2
8602700119970205   1.2
8602700119970206    .0
8602700119970207    .0
8602700119970208    .0
8602700119970209    .0
8602700119970210   2.0
8602700119970211   1.8
8602700119970212   5.2
8602700119970213   7.8
8602700119970214   6.2
8602700119970215    .0
8602700119970216   2.2
8602700119970217   2.2
8602700119970218   4.8
8602700119970219    .4
8602700119970220    .0
8602700119970221    .0
8602700119970222    .0
8602700119970223   5.8
8602700119970224  23.4
8602700119970225   8.4
8602700119970226   2.0
8602700119970227    .0
8602700119970228    .0
8602700119970301    .0
8602700119970302    .0
8602700119970303    .0
8602700119970304    .0
8602700119970305    .4
8602700119970306    .0
8602700119970307    .0
8602700119970308    .0
8602700119970309    .0
8602700119970310    .0
8602700119970311    .0
8602700119970312    .0
8602700119970313    .0
8602700119970314    .2
8602700119970315    .0
8602700119970316    .0
8602700119970317    .0
8602700119970318    .0
8602700119970319    .0
8602700119970320    .0
8602700119970321    .0
8602700119970322    .0
8602700119970323    .0
8602700119970324   3.6
8602700119970325    .0
8602700119970326    .0
8602700119970327    .2
8602700119970328    .0
8602700119970329    .0
8602700119970330    .0
8602700119970331    .0
8602700119970401    .0
8602700119970402    .0
8602700119970403    .0
8602700119970404    .0
8602700119970405    .0
8602700119970406    .0
8602700119970407    .0
8602700119970408    .0
8602700119970409    .0
8602700119970410    .0
8602700119970411    .0
8602700119970412    .0
8602700119970413    .0
8602700119970414    .0
8602700119970415    .0
8602700119970416    .0
8602700119970417    .0
8602700119970418    .0
8602700119970419    .0
8602700119970420    .0
8602700119970421    .0
8602700119970422    .0
8602700119970423    .0
8602700119970424    .0
8602700119970425    .0
8602700119970426   6.0
8602700119970427   1.0
8602700119970428    .0
8602700119970429    .0
8602700119970430    .0
8602700119970501    .0
8602700119970502    .0
8602700119970503    .0
8602700119970504   7.0
8602700119970505  10.6
8602700119970506   7.6
8602700119970507    .6
8602700119970508   8.8
8602700119970509   1.6
8602700119970510    .4
8602700119970511   2.4
8602700119970512    .0
8602700119970513   9.4
8602700119970514   6.0
8602700119970515   2.2
8602700119970516    .4
8602700119970517   2.8
8602700119970518   2.2
8602700119970519   4.8
8602700119970520   4.8
8602700119970521   7.0
8602700119970522    .0
8602700119970523    .0
8602700119970524   5.0
8602700119970525    .0
8602700119970526    .0
8602700119970527    .0
8602700119970528    .0
8602700119970529    .0
8602700119970530    .0
8602700119970531    .0
8602700119970601    .0
8602700119970602    .0
8602700119970603    .0
8602700119970604    .0
8602700119970605    .4
8602700119970606    .0
8602700119970607    .0
8602700119970608    .0
8602700119970609    .0
8602700119970610   4.0
8602700119970611    .0
8602700119970612    .0
8602700119970613   1.2
8602700119970614    .0
8602700119970615    .0
8602700119970616   3.6
8602700119970617   1.4
8602700119970618    .0
8602700119970619   3.8
8602700119970620   4.2
8602700119970621   3.0
8602700119970622   1.4
8602700119970623   3.0
8602700119970624    .0
8602700119970625  10.0
8602700119970626   2.4
8602700119970627   3.2
8602700119970628   4.4
8602700119970629  31.0
8602700119970630   1.2
8602700119970701   3.6
8602700119970702   5.4
8602700119970703   3.0
8602700119970704   6.0
8602700119970705    .2
8602700119970706    .0
8602700119970707    .0
8602700119970708    .0
8602700119970709    .0
8602700119970710   3.8
8602700119970711   3.8
8602700119970712    .2
8602700119970713   2.8
8602700119970714    .0
8602700119970715    .0
8602700119970716    .2
8602700119970717    .0
8602700119970718    .0
8602700119970719    .0
8602700119970720    .0
8602700119970721    .0
8602700119970722    .0
8602700119970723    .0
8602700119970724    .2
8602700119970725    .2
8602700119970726    .0
8602700119970727    .0
8602700119970728    .0
8602700119970729    .0
8602700119970730    .0
8602700119970731    .0
8602700119970801    .0
8602700119970802    .0
8602700119970803    .0
8602700119970804    .0
8602700119970805   4.4
8602700119970806   3.6
8602700119970807    .0
8602700119970808    .0
8602700119970809    .0
8602700119970810    .0
8602700119970811    .0
8602700119970812    .0
8602700119970813    .0
8602700119970814    .0
8602700119970815    .0
8602700119970816    .2
8602700119970817    .0
8602700119970818    .2
8602700119970819    .0
8602700119970820    .0
8602700119970821    .0
8602700119970822    .0
8602700119970823    .0
8602700119970824    .0
8602700119970825    .8
8602700119970826    .0
8602700119970827  15.2
8602700119970828   7.0
8602700119970829   1.6
8602700119970830    .2
8602700119970831   5.4
8602700119970901  11.2
8602700119970902    .0
8602700119970903    .2
8602700119970904    .0
8602700119970905    .0
8602700119970906    .8
8602700119970907    .0
8602700119970908    .2
8602700119970909    .0
8602700119970910    .0
8602700119970911    .0
8602700119970912   1.4
8602700119970913    .0
8602700119970914    .0
8602700119970915    .0
8602700119970916    .0
8602700119970917    .0
8602700119970918    .0
8602700119970919    .0
8602700119970920    .0
8602700119970921    .0
8602700119970922    .0
8602700119970923    .2
8602700119970924    .0
8602700119970925    .0
8602700119970926    .0
8602700119970927    .0
8602700119970928    .0
8602700119970929    .0
8602700119970930    .0
8602700119971001    .0
8602700119971002    .0
8602700119971003    .0
8602700119971004    .0
8602700119971005    .0
8602700119971006  18.0
8602700119971007   1.2
8602700119971008    .0
8602700119971009   1.4
8602700119971010   4.2
8602700119971011   1.4
8602700119971012    .0
8602700119971013    .0
8602700119971014   3.2
8602700119971015   3.4
8602700119971016    .2
8602700119971017    .0
8602700119971018    .0
8602700119971019   2.4
8602700119971020   1.0
8602700119971021    .0
8602700119971022   2.0
8602700119971023    .0
8602700119971024    .0
8602700119971025    .0
8602700119971026    .0
8602700119971027    .0
8602700119971028    .0
8602700119971029    .0
8602700119971030    .0
8602700119971031    .0
8602700119971101    .0
8602700119971102    .0
8602700119971103    .4
8602700119971104   2.4
8602700119971105   4.0
8602700119971106  31.4
8602700119971107   5.6
8602700119971108  17.0
8602700119971109  24.0
8602700119971110  12.6
8602700119971111   4.8
8602700119971112    .6
8602700119971113    .0
8602700119971114    .0
8602700119971115    .2
8602700119971116    .0
8602700119971117    .0
8602700119971118   2.0
8602700119971119  10.4
8602700119971120   3.2
8602700119971121   1.8
8602700119971122    .0
8602700119971123    .0
8602700119971124    .0
8602700119971125    .0
8602700119971126    .2
8602700119971127   1.8
8602700119971128   4.6
8602700119971129   2.2
8602700119971130    .0
8602700119971201   1.6
8602700119971202    .0
8602700119971203    .0
8602700119971204    .0
8602700119971205    .0
8602700119971206    .0
8602700119971207    .0
8602700119971208   6.4
8602700119971209    .8
8602700119971210   3.8
8602700119971211   7.2
8602700119971212    .0
8602700119971213    .0
8602700119971214    .0
8602700119971215    .0
8602700119971216  19.8
8602700119971217   3.0
8602700119971218   7.2
8602700119971219   1.2
8602700119971220   4.6
8602700119971221    .0
8602700119971222   1.6
8602700119971223    .2
8602700119971224   1.2
8602700119971225    .0
8602700119971226    .8
8602700119971227    .2
8602700119971228    .0
8602700119971229    .0
8602700119971230   1.6
8602700119971231   5.6
8602700119980101   2.8
8602700119980102  17.4
8602700119980103   4.0
8602700119980104   5.8
8602700119980105  12.4
8602700119980106   2.8
8602700119980107   2.2
8602700119980108    .0
8602700119980109    .0
8602700119980110    .0
8602700119980111    .0
8602700119980112    .0
8602700119980113   3.6
8602700119980114    .6
8602700119980115  14.4
8602700119980116   5.8
8602700119980117    .0
8602700119980118  21.6
8602700119980119    .8
8602700119980120    .0
8602700119980121    .0
8602700119980122    .0
8602700119980123    .0
8602700119980124    .0
8602700119980125    .2
8602700119980126    .0
8602700119980127    .0
8602700119980128    .0
8602700119980129    .0
8602700119980130    .0
8602700119980131    .0
8602700119980201    .0
8602700119980202    .0
8602700119980203    .0
8602700119980204    .0
8602700119980205    .0
8602700119980206    .0
8602700119980207    .0
8602700119980208    .0
8602700119980209    .0
8602700119980210    .0
8602700119980211    .0
8602700119980212    .0
8602700119980213    .0
8602700119980214    .0
8602700119980215    .0
8602700119980216    .0
8602700119980217    .0
8602700119980218    .0
8602700119980219    .0
8602700119980220    .0
8602700119980221   3.6
8602700119980222   1.2
8602700119980223    .0
8602700119980224    .4
8602700119980225    .0
8602700119980226    .0
8602700119980227   1.0
8602700119980228   1.0
8602700119980301    .0
8602700119980302    .2
8602700119980303    .0
8602700119980304   2.6
8602700119980305    .0
8602700119980306    .0
8602700119980307   4.4
8602700119980308   7.2
8602700119980309    .0
8602700119980310   1.4
8602700119980311   1.4
8602700119980312    .0
8602700119980313    .0
8602700119980314    .0
8602700119980315    .0
8602700119980316    .0
8602700119980317    .0
8602700119980318    .0
8602700119980319    .0
8602700119980320    .0
8602700119980321    .0
8602700119980322    .0
8602700119980323    .0
8602700119980324    .0
8602700119980325    .0
8602700119980326    .0
8602700119980327    .0
8602700119980328    .0
8602700119980329    .6
8602700119980330   1.2
8602700119980331    .0
8602700119980401   7.4
8602700119980402  10.6
8602700119980403  15.2
8602700119980404   7.8
8602700119980405   9.6
8602700119980406  23.2
8602700119980407   1.0
8602700119980408   6.0
8602700119980409   2.8
8602700119980410   2.8
8602700119980411   1.2
8602700119980412   1.6
8602700119980413    .0
8602700119980414   2.6
8602700119980415   3.8
8602700119980416  11.0
8602700119980417   5.0
8602700119980418   1.4
8602700119980419   1.2
8602700119980420   2.6
8602700119980421    .0
8602700119980422    .0
8602700119980423    .2
8602700119980424    .4
8602700119980425  20.0
8602700119980426   2.2
8602700119980427    .4
8602700119980428   6.2
8602700119980429   7.4
8602700119980430   2.6
8602700119980501    .0
8602700119980502    .8
8602700119980503    .8
8602700119980504    .0
8602700119980505    .0
8602700119980506    .0
8602700119980507    .0
8602700119980508    .0
8602700119980509    .0
8602700119980510    .0
8602700119980511    .0
8602700119980512    .4
8602700119980513    .0
8602700119980514    .0
8602700119980515    .0
8602700119980516    .0
8602700119980517    .0
8602700119980518    .0
8602700119980519    .0
8602700119980520    .0
8602700119980521    .2
8602700119980522    .0
8602700119980523    .0
8602700119980524    .0
8602700119980525    .0
8602700119980526    .8
8602700119980527  14.2
8602700119980528    .2
8602700119980529    .0
8602700119980530   1.6
8602700119980531    .4
8602700119980601   4.4
8602700119980602    .6
8602700119980603    .0
8602700119980604   6.8
8602700119980605    .0
8602700119980606   6.4
8602700119980607    .2
8602700119980608    .0
8602700119980609    .0
8602700119980610    .2
8602700119980611   2.6
8602700119980612    .0
8602700119980613   5.6
8602700119980614   5.2
8602700119980615    .8
8602700119980616    .0
8602700119980617    .0
8602700119980618    .2
8602700119980619    .0
8602700119980620    .0
8602700119980621    .0
8602700119980622    .0
8602700119980623    .0
8602700119980624   1.4
8602700119980625    .0
8602700119980626    .0
8602700119980627    .0
8602700119980628    .0
8602700119980629    .0
8602700119980630    .0
8602700119980701   5.2
8602700119980702   2.0
8602700119980703   1.6
8602700119980704    .2
8602700119980705    .0
8602700119980706    .0
8602700119980707    .2
8602700119980708    .0
8602700119980709    .2
8602700119980710    .2
8602700119980711    .2
8602700119980712    .2
8602700119980713   2.6
8602700119980714    .0
8602700119980715    .2
8602700119980716    .0
8602700119980717    .4
8602700119980718    .0
8602700119980719    .0
8602700119980720  12.0
8602700119980721    .0
8602700119980722    .0
8602700119980723   1.6
8602700119980724    .2
8602700119980725    .0
8602700119980726    .0
8602700119980727    .0
8602700119980728    .4
8602700119980729   2.2
8602700119980730   2.0
8602700119980731    .0
8602700119980801   3.2
8602700119980802    .2
8602700119980803    .2
8602700119980804   1.6
8602700119980805    .0
8602700119980806    .0
8602700119980807    .0
8602700119980808    .0
8602700119980809    .0
8602700119980810    .0
8602700119980811    .0
8602700119980812    .0
8602700119980813    .0
8602700119980814    .0
8602700119980815    .0
8602700119980816    .0
8602700119980817    .0
8602700119980818    .0
8602700119980819    .0
8602700119980820    .0
8602700119980821    .6
8602700119980822   2.4
8602700119980823    .0
8602700119980824   1.4
8602700119980825    .0
8602700119980826    .0
8602700119980827    .0
8602700119980828    .0
8602700119980829    .0
8602700119980830    .0
8602700119980831    .2
8602700119980901   4.4
8602700119980902   2.0
8602700119980903    .4
8602700119980904   8.2
8602700119980905    .4
8602700119980906    .4
8602700119980907   3.2
8602700119980908   1.4
8602700119980909    .0
8602700119980910    .2
8602700119980911  11.4
8602700119980912   7.0
8602700119980913    .4
8602700119980914   4.2
8602700119980915   3.6
8602700119980916    .0
8602700119980917    .0
8602700119980918    .0
8602700119980919    .0
8602700119980920    .0
8602700119980921    .0
8602700119980922    .0
8602700119980923   4.8
8602700119980924    .0
8602700119980925   4.6
8602700119980926   6.0
8602700119980927  14.2
8602700119980928    .2
8602700119980929   2.2
8602700119980930   4.6
8602700119981001  23.6
8602700119981002   1.6
8602700119981003    .6
8602700119981004    .2
8602700119981005    .0
8602700119981006    .0
8602700119981007   1.2
8602700119981008   9.0
8602700119981009    .6
8602700119981010   1.4
8602700119981011   1.8
8602700119981012    .0
8602700119981013    .4
8602700119981014   1.6
8602700119981015    .0
8602700119981016    .0
8602700119981017   2.0
8602700119981018    .0
8602700119981019    .0
8602700119981020    .0
8602700119981021    .0
8602700119981022    .0
8602700119981023   8.2
8602700119981024  16.4
8602700119981025    .2
8602700119981026   6.6
8602700119981027   1.4
8602700119981028   7.2
8602700119981029   3.0
8602700119981030    .2
8602700119981031   4.4
8602700119981101   2.2
8602700119981102   2.4
8602700119981103   1.0
8602700119981104    .0
8602700119981105    .0
8602700119981106    .0
8602700119981107    .0
8602700119981108    .0
8602700119981109  10.4
8602700119981110   1.2
8602700119981111   1.6
8602700119981112    .0
8602700119981113   4.2
8602700119981114    .0
8602700119981115    .0
8602700119981116    .0
8602700119981117    .0
8602700119981118    .0
8602700119981119    .0
8602700119981120    .0
8602700119981121    .0
8602700119981122    .0
8602700119981123    .0
8602700119981124   2.4
8602700119981125    .0
8602700119981126    .0
8602700119981127   9.6
8602700119981128   2.2
8602700119981129    .0
8602700119981130    .2
8602700119981201    .0
8602700119981202    .0
8602700119981203    .0
8602700119981204    .0
8602700119981205    .0
8602700119981206    .0
8602700119981207    .0
8602700119981208    .0
8602700119981209   7.8
8602700119981210   6.4
8602700119981211    .8
8602700119981212    .4
8602700119981213    .0
8602700119981214    .2
8602700119981215    .0
8602700119981216    .0
8602700119981217    .0
8602700119981218   1.4
8602700119981219  13.8
8602700119981220   9.2
8602700119981221    .0
8602700119981222    .0
8602700119981223   2.4
8602700119981224    .0
8602700119981225    .2
8602700119981226   3.2
8602700119981227   1.2
8602700119981228   7.8
8602700119981229    .0
8602700119981230   3.2
8602700119981231   2.6
