8708500619940101  13.2
8708500619940102  15.4
8708500619940103   7.6
8708500619940104  10.0
8708500619940105  23.2
8708500619940106   9.6
8708500619940107    .8
8708500619940108   4.2
8708500619940109    .4
8708500619940110  16.2
8708500619940111   3.2
8708500619940112   1.2
8708500619940113    .0
8708500619940114   1.6
8708500619940115   7.2
8708500619940116   4.0
8708500619940117    .2
8708500619940118    .0
8708500619940119    .0
8708500619940120    .0
8708500619940121    .0
8708500619940122    .0
8708500619940123   6.4
8708500619940124  16.0
8708500619940125   9.2
8708500619940126    .2
8708500619940127  13.0
8708500619940128    .0
8708500619940129    .0
8708500619940130    .0
8708500619940131    .0
8708500619940201    .0
8708500619940202   6.4
8708500619940203   8.8
8708500619940204  11.6
8708500619940205    .0
8708500619940206    .8
8708500619940207   2.8
8708500619940208   1.8
8708500619940209  18.0
8708500619940210    .0
8708500619940211  38.4
8708500619940212    .0
8708500619940213    .2
8708500619940214    .6
8708500619940215    .0
8708500619940216    .0
8708500619940217    .4
8708500619940218   6.8
8708500619940219   6.0
8708500619940220   9.6
8708500619940221   2.4
8708500619940222   2.4
8708500619940223  10.8
8708500619940224   8.6
8708500619940225    .0
8708500619940226    .0
8708500619940227   3.6
8708500619940228  12.0
8708500619940301    .0
8708500619940302   8.4
8708500619940303   5.2
8708500619940304    .0
8708500619940305   3.2
8708500619940306    .0
8708500619940307    .0
8708500619940308    .0
8708500619940309    .0
8708500619940310    .0
8708500619940311    .6
8708500619940312    .6
8708500619940313   6.0
8708500619940314    .4
8708500619940315   3.4
8708500619940316    .0
8708500619940317    .0
8708500619940318    .0
8708500619940319    .8
8708500619940320   1.8
8708500619940321   7.0
8708500619940322    .0
8708500619940323    .0
8708500619940324    .0
8708500619940325   1.0
8708500619940326    .0
8708500619940327    .0
8708500619940328    .2
8708500619940329    .0
8708500619940330   1.4
8708500619940331   8.2
8708500619940401   5.6
8708500619940402   5.8
8708500619940403  13.4
8708500619940404   9.0
8708500619940405   9.6
8708500619940406  25.0
8708500619940407  10.8
8708500619940408  14.2
8708500619940409   4.5
8708500619940410  16.8
8708500619940411   3.4
8708500619940412   1.0
8708500619940413  10.2
8708500619940414   1.8
8708500619940415    .2
8708500619940416   1.8
8708500619940417   2.8
8708500619940418    .0
8708500619940419    .0
8708500619940420    .2
8708500619940421    .0
8708500619940422    .4
8708500619940423  11.6
8708500619940424  23.6
8708500619940425   3.8
8708500619940426   4.6
8708500619940427    .0
8708500619940428    .0
8708500619940429    .0
8708500619940430    .0
8708500619940501    .0
8708500619940502    .0
8708500619940503   3.4
8708500619940504   4.4
8708500619940505    .4
8708500619940506    .0
8708500619940507  18.2
8708500619940508    .0
8708500619940509    .4
8708500619940510    .0
8708500619940511  13.0
8708500619940512    .0
8708500619940513  13.8
8708500619940514   4.4
8708500619940515    .0
8708500619940516   6.4
8708500619940517   9.4
8708500619940518   2.0
8708500619940519  12.0
8708500619940520   5.4
8708500619940521   1.2
8708500619940522  33.4
8708500619940523   7.6
8708500619940524   2.2
8708500619940525   8.2
8708500619940526   4.0
8708500619940527    .0
8708500619940528   1.0
8708500619940529    .0
8708500619940530   1.6
8708500619940531    .0
8708500619940601   1.2
8708500619940602  20.4
8708500619940603   8.2
8708500619940604   3.4
8708500619940605    .0
8708500619940606    .0
8708500619940607    .0
8708500619940608   3.2
8708500619940609    .0
8708500619940610    .2
8708500619940611    .4
8708500619940612    .0
8708500619940613    .0
8708500619940614    .0
8708500619940615    .0
8708500619940616    .0
8708500619940617    .0
8708500619940618   4.8
8708500619940619   3.6
8708500619940620    .0
8708500619940621    .0
8708500619940622    .0
8708500619940623    .0
8708500619940624  19.8
8708500619940625  77.2
8708500619940626    .0
8708500619940627    .0
8708500619940628    .0
8708500619940629    .0
8708500619940630    .0
8708500619940701    .0
8708500619940702    .0
8708500619940703    .0
8708500619940704    .0
8708500619940705    .0
8708500619940706    .0
8708500619940707    .0
8708500619940708    .0
8708500619940709    .0
8708500619940710    .0
8708500619940711    .0
8708500619940712    .0
8708500619940713    .0
8708500619940714    .0
8708500619940715    .0
8708500619940716    .8
8708500619940717    .6
8708500619940718   2.6
8708500619940719   5.0
8708500619940720    .0
8708500619940721    .0
8708500619940722    .0
8708500619940723    .0
8708500619940724    .0
8708500619940725    .2
8708500619940726    .0
8708500619940727    .0
8708500619940728    .2
8708500619940729    .4
8708500619940730   1.4
8708500619940731  16.0
8708500619940801    .0
8708500619940802    .0
8708500619940803    .0
8708500619940804   2.2
8708500619940805    .0
8708500619940806    .0
8708500619940807   2.2
8708500619940808    .0
8708500619940809   5.8
8708500619940810    .6
8708500619940811   9.0
8708500619940812    .0
8708500619940813   6.6
8708500619940814    .0
8708500619940815    .0
8708500619940816    .0
8708500619940817   1.8
8708500619940818   2.8
8708500619940819    .0
8708500619940820    .0
8708500619940821    .6
8708500619940822    .0
8708500619940823    .0
8708500619940824   3.8
8708500619940825  13.0
8708500619940826   1.0
8708500619940827    .0
8708500619940828    .0
8708500619940829    .0
8708500619940830    .0
8708500619940831  23.6
8708500619940901   4.8
8708500619940902    .0
8708500619940903    .0
8708500619940904    .0
8708500619940905    .0
8708500619940906   2.2
8708500619940907   4.8
8708500619940908  14.4
8708500619940909   5.4
8708500619940910    .0
8708500619940911  27.8
8708500619940912   8.8
8708500619940913   2.4
8708500619940914   8.4
8708500619940915  17.8
8708500619940916  25.4
8708500619940917    .4
8708500619940918    .0
8708500619940919  18.4
8708500619940920  14.8
8708500619940921   1.8
8708500619940922   8.4
8708500619940923  19.0
8708500619940924    .0
8708500619940925   1.8
8708500619940926   2.4
8708500619940927    .0
8708500619940928    .0
8708500619940929    .0
8708500619940930    .4
8708500619941001   4.8
8708500619941002  13.6
8708500619941003   4.6
8708500619941004    .0
8708500619941005    .0
8708500619941006    .0
8708500619941007    .0
8708500619941008    .0
8708500619941009    .0
8708500619941010    .0
8708500619941011    .0
8708500619941012   7.4
8708500619941013    .0
8708500619941014    .0
8708500619941015    .0
8708500619941016    .0
8708500619941017    .0
8708500619941018    .0
8708500619941019  20.6
8708500619941020    .2
8708500619941021    .6
8708500619941022  13.6
8708500619941023  19.0
8708500619941024   4.2
8708500619941025  14.0
8708500619941026    .4
8708500619941027    .0
8708500619941028   2.4
8708500619941029   3.4
8708500619941030   1.0
8708500619941031   3.2
8708500619941101    .4
8708500619941102    .2
8708500619941103    .0
8708500619941104  27.8
8708500619941105    .4
8708500619941106    .0
8708500619941107   2.2
8708500619941108    .0
8708500619941109  15.0
8708500619941110  17.2
8708500619941111    .4
8708500619941112   8.8
8708500619941113    .0
8708500619941114    .0
8708500619941115  10.6
8708500619941116  16.8
8708500619941117   2.0
8708500619941118   9.4
8708500619941119    .0
8708500619941120    .0
8708500619941121    .0
8708500619941122    .0
8708500619941123    .0
8708500619941124    .0
8708500619941125    .0
8708500619941126    .0
8708500619941127    .0
8708500619941128    .0
8708500619941129    .0
8708500619941130    .0
8708500619941201    .0
8708500619941202    .0
8708500619941203    .0
8708500619941204   3.2
8708500619941205   2.2
8708500619941206    .2
8708500619941207   3.8
8708500619941208   9.4
8708500619941209  20.8
8708500619941210    .6
8708500619941211    .4
8708500619941212    .0
8708500619941213    .0
8708500619941214    .6
8708500619941215    .0
8708500619941216    .0
8708500619941217    .0
8708500619941218   4.6
8708500619941219   2.8
8708500619941220    .4
8708500619941221    .2
8708500619941222    .2
8708500619941223    .0
8708500619941224    .0
8708500619941225    .0
8708500619941226   6.2
8708500619941227   3.4
8708500619941228    .0
8708500619941229  15.2
8708500619941230  12.6
8708500619941231   9.8
8708500619950101   1.2
8708500619950102    .6
8708500619950103    .0
8708500619950104    .0
8708500619950105   3.0
8708500619950106   1.8
8708500619950107    .0
8708500619950108  10.2
8708500619950109   1.2
8708500619950110   5.2
8708500619950111   5.2
8708500619950112    .0
8708500619950113    .1
8708500619950114    .0
8708500619950115    .0
8708500619950116    .0
8708500619950117   1.4
8708500619950118  14.4
8708500619950119    .8
8708500619950120   4.6
8708500619950121  12.4
8708500619950122  14.0
8708500619950123  18.4
8708500619950124   5.2
8708500619950125    .6
8708500619950126   9.2
8708500619950127   2.4
8708500619950128  15.4
8708500619950129  11.4
8708500619950130   3.2
8708500619950131    .0
8708500619950201   3.2
8708500619950202    .8
8708500619950203    .0
8708500619950204   6.2
8708500619950205   2.8
8708500619950206    .0
8708500619950207    .0
8708500619950208  16.2
8708500619950209   4.0
8708500619950210   2.4
8708500619950211   2.4
8708500619950212   1.0
8708500619950213   9.6
8708500619950214   9.8
8708500619950215  13.8
8708500619950216   4.2
8708500619950217  19.6
8708500619950218    .0
8708500619950219    .0
8708500619950220    .0
8708500619950221    .4
8708500619950222   3.2
8708500619950223   9.8
8708500619950224  30.4
8708500619950225  11.8
8708500619950226   3.2
8708500619950227    .0
8708500619950228    .0
8708500619950301    .4
8708500619950302  13.2
8708500619950303   4.4
8708500619950304   2.8
8708500619950305  15.6
8708500619950306   1.2
8708500619950307   3.4
8708500619950308   2.6
8708500619950309    .0
8708500619950310    .0
8708500619950311    .0
8708500619950312    .0
8708500619950313    .0
8708500619950314   2.2
8708500619950315   8.6
8708500619950316   3.0
8708500619950317  13.8
8708500619950318   4.0
8708500619950319  19.0
8708500619950320    .0
8708500619950321    .0
8708500619950322    .0
8708500619950323    .0
8708500619950324    .0
8708500619950325    .4
8708500619950326    .0
8708500619950327   7.4
8708500619950328  23.4
8708500619950329   2.2
8708500619950330    .0
8708500619950331    .0
8708500619950401    .0
8708500619950402    .0
8708500619950403    .0
8708500619950404    .0
8708500619950405    .2
8708500619950406    .0
8708500619950407    .0
8708500619950408    .0
8708500619950409    .0
8708500619950410    .0
8708500619950411    .0
8708500619950412    .0
8708500619950413    .0
8708500619950414    .0
8708500619950415    .0
8708500619950416    .0
8708500619950417   2.0
8708500619950418    .8
8708500619950419  20.0
8708500619950420    .0
8708500619950421   8.0
8708500619950422    .0
8708500619950423    .0
8708500619950424   3.2
8708500619950425  16.6
8708500619950426  10.2
8708500619950427    .0
8708500619950428    .0
8708500619950429   3.4
8708500619950430    .0
8708500619950501    .0
8708500619950502    .0
8708500619950503    .0
8708500619950504    .0
8708500619950505    .0
8708500619950506    .0
8708500619950507    .0
8708500619950508    .0
8708500619950509    .0
8708500619950510    .0
8708500619950511   2.6
8708500619950512   7.6
8708500619950513   1.6
8708500619950514    .0
8708500619950515   3.8
8708500619950516   9.6
8708500619950517  11.0
8708500619950518   9.0
8708500619950519    .0
8708500619950520    .0
8708500619950521    .0
8708500619950522    .0
8708500619950523   1.2
8708500619950524   1.6
8708500619950525   3.4
8708500619950526    .0
8708500619950527    .0
8708500619950528   6.8
8708500619950529    .2
8708500619950530   3.0
8708500619950531    .0
8708500619950601    .4
8708500619950602    .6
8708500619950603   8.2
8708500619950604    .2
8708500619950605    .0
8708500619950606    .0
8708500619950607    .0
8708500619950608   1.6
8708500619950609    .0
8708500619950610   2.0
8708500619950611    .8
8708500619950612    .2
8708500619950613    .0
8708500619950614    .0
8708500619950615    .0
8708500619950616    .0
8708500619950617   6.2
8708500619950618   2.2
8708500619950619    .0
8708500619950620    .0
8708500619950621    .2
8708500619950622    .0
8708500619950623    .0
8708500619950624    .0
8708500619950625    .0
8708500619950626    .0
8708500619950627    .0
8708500619950628    .0
8708500619950629    .0
8708500619950630    .2
8708500619950701   7.6
8708500619950702  11.6
8708500619950703  18.0
8708500619950704    .0
8708500619950705    .0
8708500619950706    .0
8708500619950707    .0
8708500619950708    .0
8708500619950709    .0
8708500619950710   3.2
8708500619950711   1.2
8708500619950712    .0
8708500619950713   3.0
8708500619950714    .4
8708500619950715   5.4
8708500619950716   1.0
8708500619950717    .2
8708500619950718    .0
8708500619950719    .0
8708500619950720  11.6
8708500619950721    .0
8708500619950722   1.6
8708500619950723    .0
8708500619950724    .0
8708500619950725    .0
8708500619950726    .0
8708500619950727    .4
8708500619950728    .8
8708500619950729    .0
8708500619950730    .0
8708500619950731   4.4
8708500619950801    .0
8708500619950802    .0
8708500619950803    .0
8708500619950804    .0
8708500619950805    .0
8708500619950806   3.8
8708500619950807  11.8
8708500619950808    .2
8708500619950809    .0
8708500619950810    .0
8708500619950811   1.2
8708500619950812    .0
8708500619950813    .0
8708500619950814    .0
8708500619950815    .0
8708500619950816    .0
8708500619950817    .0
8708500619950818    .0
8708500619950819    .0
8708500619950820    .0
8708500619950821    .0
8708500619950822    .0
8708500619950823  13.4
8708500619950824    .0
8708500619950825    .2
8708500619950826    .0
8708500619950827    .0
8708500619950828    .0
8708500619950829    .0
8708500619950830    .0
8708500619950831    .0
8708500619950901    .0
8708500619950902    .0
8708500619950903    .2
8708500619950904    .0
8708500619950905   6.2
8708500619950906  20.6
8708500619950907  17.8
8708500619950908   8.0
8708500619950909    .0
8708500619950910   4.2
8708500619950911    .0
8708500619950912   1.8
8708500619950913   4.4
8708500619950914   5.2
8708500619950915  10.4
8708500619950916   3.8
8708500619950917   9.8
8708500619950918   3.2
8708500619950919  29.8
8708500619950920    .0
8708500619950921    .0
8708500619950922    .0
8708500619950923    .0
8708500619950924   6.4
8708500619950925    .0
8708500619950926    .0
8708500619950927   5.4
8708500619950928    .0
8708500619950929    .0
8708500619950930   3.2
8708500619951001   1.0
8708500619951002   8.6
8708500619951003  30.8
8708500619951004   8.2
8708500619951005    .2
8708500619951006    .0
8708500619951007    .0
8708500619951008    .0
8708500619951009    .0
8708500619951010    .0
8708500619951011    .0
8708500619951012    .0
8708500619951013    .0
8708500619951014   3.8
8708500619951015    .8
8708500619951016    .0
8708500619951017    .0
8708500619951018    .0
8708500619951019    .0
8708500619951020    .0
8708500619951021    .0
8708500619951022    .0
8708500619951023    .0
8708500619951024   3.2
8708500619951025    .6
8708500619951026    .0
8708500619951027   1.8
8708500619951028   3.0
8708500619951029  14.8
8708500619951030    .0
8708500619951031    .0
8708500619951101    .0
8708500619951102    .0
8708500619951103    .0
8708500619951104    .0
8708500619951105    .0
8708500619951106    .0
8708500619951107    .0
8708500619951108    .0
8708500619951109    .0
8708500619951110    .0
8708500619951111    .4
8708500619951112  25.0
8708500619951113    .0
8708500619951114    .2
8708500619951115   9.0
8708500619951116  17.6
8708500619951117   4.0
8708500619951118    .0
8708500619951119    .0
8708500619951120    .0
8708500619951121  20.0
8708500619951122    .6
8708500619951123    .0
8708500619951124    .0
8708500619951125  11.6
8708500619951126  19.4
8708500619951127    .0
8708500619951128    .0
8708500619951129    .0
8708500619951130    .4
8708500619951201    .8
8708500619951202   9.8
8708500619951203   6.8
8708500619951204    .2
8708500619951205    .0
8708500619951206    .0
8708500619951207    .0
8708500619951208  12.0
8708500619951209    .0
8708500619951210    .0
8708500619951211    .0
8708500619951212    .0
8708500619951213    .0
8708500619951214    .2
8708500619951215  10.2
8708500619951216  14.0
8708500619951217    .0
8708500619951218  11.4
8708500619951219    .0
8708500619951220    .0
8708500619951221    .2
8708500619951222  17.2
8708500619951223  23.0
8708500619951224   7.4
8708500619951225  21.6
8708500619951226   9.0
8708500619951227    .0
8708500619951228   1.2
8708500619951229   5.0
8708500619951230   9.2
8708500619951231   5.8
8708500619960101  20.4
8708500619960102   8.2
8708500619960103    .0
8708500619960104    .0
8708500619960105  20.0
8708500619960106  15.8
8708500619960107   6.8
8708500619960108    .6
8708500619960109  21.4
8708500619960110  26.0
8708500619960111  11.6
8708500619960112   2.6
8708500619960113    .0
8708500619960114    .0
8708500619960115    .0
8708500619960116    .0
8708500619960117    .0
8708500619960118    .0
8708500619960119    .0
8708500619960120    .0
8708500619960121    .0
8708500619960122  12.8
8708500619960123   4.8
8708500619960124   3.0
8708500619960125   1.0
8708500619960126    .2
8708500619960127    .0
8708500619960128   2.8
8708500619960129    .0
8708500619960130    .0
8708500619960131    .0
8708500619960201   6.2
8708500619960202   6.4
8708500619960203    .0
8708500619960204    .0
8708500619960205   5.6
8708500619960206  15.2
8708500619960207  12.4
8708500619960208    .0
8708500619960209   2.0
8708500619960210   6.4
8708500619960211   5.6
8708500619960212  16.6
8708500619960213   2.8
8708500619960214    .2
8708500619960215    .0
8708500619960216    .6
8708500619960217    .0
8708500619960218  10.4
8708500619960219   5.0
8708500619960220   1.2
8708500619960221    .0
8708500619960222   4.8
8708500619960223    .0
8708500619960224    .0
8708500619960225    .0
8708500619960226    .4
8708500619960227    .0
8708500619960228    .0
8708500619960229    .0
8708500619960301    .4
8708500619960302    .0
8708500619960303   2.8
8708500619960304    .0
8708500619960305    .0
8708500619960306    .0
8708500619960307    .0
8708500619960308    .0
8708500619960309    .0
8708500619960310    .0
8708500619960311    .0
8708500619960312    .0
8708500619960313    .0
8708500619960314   1.2
8708500619960315   8.0
8708500619960316    .8
8708500619960317    .0
8708500619960318    .0
8708500619960319   1.6
8708500619960320   2.4
8708500619960321    .2
8708500619960322    .0
8708500619960323    .0
8708500619960324    .0
8708500619960325    .0
8708500619960326  17.6
8708500619960327    .0
8708500619960328    .0
8708500619960329    .0
8708500619960330    .0
8708500619960331    .0
8708500619960401  14.2
8708500619960402    .0
8708500619960403    .0
8708500619960404    .0
8708500619960405    .0
8708500619960406    .0
8708500619960407    .0
8708500619960408    .0
8708500619960409    .0
8708500619960410   2.4
8708500619960411    .0
8708500619960412    .0
8708500619960413   2.8
8708500619960414    .0
8708500619960415    .0
8708500619960416  11.0
8708500619960417   1.0
8708500619960418    .0
8708500619960419    .0
8708500619960420    .0
8708500619960421    .0
8708500619960422  17.0
8708500619960423   2.6
8708500619960424    .2
8708500619960425    .0
8708500619960426    .0
8708500619960427    .0
8708500619960428    .4
8708500619960429   1.2
8708500619960430    .2
8708500619960501   8.8
8708500619960502   4.6
8708500619960503   3.6
8708500619960504    .0
8708500619960505    .0
8708500619960506    .0
8708500619960507   4.2
8708500619960508  13.0
8708500619960509    .0
8708500619960510    .0
8708500619960511    .0
8708500619960512    .0
8708500619960513    .0
8708500619960514    .0
8708500619960515    .0
8708500619960516   3.4
8708500619960517   2.2
8708500619960518   3.6
8708500619960519   2.8
8708500619960520    .4
8708500619960521   8.2
8708500619960522    .0
8708500619960523    .0
8708500619960524    .0
8708500619960525   9.4
8708500619960526   1.2
8708500619960527    .6
8708500619960528    .0
8708500619960529    .0
8708500619960530    .0
8708500619960531  20.0
8708500619960601    .0
8708500619960602   2.0
8708500619960603    .0
8708500619960604    .0
8708500619960605    .0
8708500619960606    .0
8708500619960607    .0
8708500619960608    .4
8708500619960609    .0
8708500619960610   3.8
8708500619960611    .0
8708500619960612    .0
8708500619960613    .0
8708500619960614    .0
8708500619960615    .0
8708500619960616    .0
8708500619960617    .0
8708500619960618    .0
8708500619960619   2.4
8708500619960620    .0
8708500619960621   9.0
8708500619960622    .0
8708500619960623    .2
8708500619960624    .8
8708500619960625    .0
8708500619960626    .0
8708500619960627    .0
8708500619960628   1.0
8708500619960629   1.0
8708500619960630   2.0
8708500619960701    .8
8708500619960702   1.4
8708500619960703    .6
8708500619960704  13.4
8708500619960705  14.8
8708500619960706   5.4
8708500619960707  16.8
8708500619960708    .2
8708500619960709   1.4
8708500619960710    .8
8708500619960711    .2
8708500619960712    .0
8708500619960713    .0
8708500619960714    .0
8708500619960715    .0
8708500619960716    .0
8708500619960717    .0
8708500619960718    .0
8708500619960719    .0
8708500619960720    .0
8708500619960721    .0
8708500619960722    .0
8708500619960723    .8
8708500619960724    .0
8708500619960725    .0
8708500619960726    .6
8708500619960727    .4
8708500619960728    .0
8708500619960729    .0
8708500619960730    .0
8708500619960731    .0
8708500619960801    .0
8708500619960802    .0
8708500619960803    .0
8708500619960804    .0
8708500619960805  13.4
8708500619960806  17.6
8708500619960807    .0
8708500619960808    .0
8708500619960809   1.0
8708500619960810   8.4
8708500619960811   7.8
8708500619960812    .0
8708500619960813    .0
8708500619960814    .0
8708500619960815    .0
8708500619960816    .0
8708500619960817    .0
8708500619960818    .0
8708500619960819  11.0
8708500619960820  13.8
8708500619960821   9.8
8708500619960822    .0
8708500619960823    .0
8708500619960824   2.8
8708500619960825    .2
8708500619960826    .6
8708500619960827    .6
8708500619960828    .0
8708500619960829    .0
8708500619960830    .0
8708500619960831    .0
8708500619960901    .0
8708500619960902    .0
8708500619960903    .0
8708500619960904    .0
8708500619960905    .0
8708500619960906    .0
8708500619960907    .0
8708500619960908    .0
8708500619960909    .0
8708500619960910    .0
8708500619960911    .0
8708500619960912    .0
8708500619960913    .0
8708500619960914    .0
8708500619960915    .0
8708500619960916    .0
8708500619960917    .0
8708500619960918   5.8
8708500619960919   8.2
8708500619960920    .0
8708500619960921   2.4
8708500619960922    .2
8708500619960923    .2
8708500619960924   6.4
8708500619960925   8.8
8708500619960926   2.8
8708500619960927   1.8
8708500619960928    .0
8708500619960929    .2
8708500619960930  18.4
8708500619961001  31.2
8708500619961002   9.0
8708500619961003    .2
8708500619961004   5.0
8708500619961005   1.2
8708500619961006    .0
8708500619961007    .0
8708500619961008    .0
8708500619961009    .0
8708500619961010    .4
8708500619961011    .0
8708500619961012    .2
8708500619961013    .0
8708500619961014  11.8
8708500619961015    .4
8708500619961016   6.6
8708500619961017    .0
8708500619961018   3.2
8708500619961019    .4
8708500619961020    .6
8708500619961021   4.2
8708500619961022    .0
8708500619961023    .0
8708500619961024    .0
8708500619961025    .2
8708500619961026    .0
8708500619961027    .2
8708500619961028   4.0
8708500619961029   1.6
8708500619961030    .0
8708500619961031    .4
8708500619961101   2.2
8708500619961102    .2
8708500619961103    .0
8708500619961104  11.6
8708500619961105    .2
8708500619961106   2.4
8708500619961107   7.4
8708500619961108   1.4
8708500619961109    .2
8708500619961110  15.0
8708500619961111   1.6
8708500619961112   1.8
8708500619961113   3.4
8708500619961114    .0
8708500619961115   2.2
8708500619961116    .0
8708500619961117   1.4
8708500619961118   1.6
8708500619961119  23.0
8708500619961120   2.8
8708500619961121  11.2
8708500619961122    .0
8708500619961123   2.4
8708500619961124  10.4
8708500619961125  20.6
8708500619961126   1.6
8708500619961127  13.0
8708500619961128    .0
8708500619961129  16.6
8708500619961130  16.8
8708500619961201   5.4
8708500619961202    .0
8708500619961203    .0
8708500619961204  11.6
8708500619961205  15.6
8708500619961206   3.2
8708500619961207    .2
8708500619961208    .0
8708500619961209    .0
8708500619961210    .0
8708500619961211    .0
8708500619961212   4.8
8708500619961213    .8
8708500619961214    .0
8708500619961215    .0
8708500619961216    .0
8708500619961217    .0
8708500619961218   9.8
8708500619961219   3.2
8708500619961220    .0
8708500619961221   1.0
8708500619961222  12.0
8708500619961223    .6
8708500619961224   3.4
8708500619961225    .2
8708500619961226    .0
8708500619961227    .0
8708500619961228    .0
8708500619961229    .0
8708500619961230    .0
8708500619961231    .0
8708500619970101    .0
8708500619970102    .0
8708500619970103   2.0
8708500619970104   7.6
8708500619970105    .0
8708500619970106    .0
8708500619970107    .0
8708500619970108    .4
8708500619970109    .0
8708500619970110    .0
8708500619970111    .0
8708500619970112    .0
8708500619970113    .0
8708500619970114    .0
8708500619970115    .0
8708500619970116    .0
8708500619970117   3.8
8708500619970118   3.4
8708500619970119   1.2
8708500619970120   3.8
8708500619970121    .0
8708500619970122    .6
8708500619970123    .0
8708500619970124   1.8
8708500619970125    .0
8708500619970126    .0
8708500619970127    .0
8708500619970128    .0
8708500619970129    .0
8708500619970130    .0
8708500619970131    .0
8708500619970201    .0
8708500619970202   2.4
8708500619970203    .0
8708500619970204    .6
8708500619970205   2.8
8708500619970206    .0
8708500619970207    .0
8708500619970208    .0
8708500619970209    .0
8708500619970210   3.2
8708500619970211   3.2
8708500619970212   9.4
8708500619970213  19.2
8708500619970214  12.2
8708500619970215    .4
8708500619970216   1.8
8708500619970217   1.4
8708500619970218    .6
8708500619970219   1.0
8708500619970220    .2
8708500619970221    .0
8708500619970222    .0
8708500619970223   2.8
8708500619970224  17.2
8708500619970225   9.0
8708500619970226   4.0
8708500619970227    .0
8708500619970228    .0
8708500619970301    .0
8708500619970302    .2
8708500619970303    .2
8708500619970304    .0
8708500619970305    .4
8708500619970306    .0
8708500619970307    .0
8708500619970308    .0
8708500619970309    .0
8708500619970310    .0
8708500619970311    .0
8708500619970312    .0
8708500619970313    .0
8708500619970314    .6
8708500619970315    .0
8708500619970316    .0
8708500619970317    .0
8708500619970318    .0
8708500619970319    .0
8708500619970320    .0
8708500619970321    .0
8708500619970322    .0
8708500619970323    .0
8708500619970324   5.4
8708500619970325    .0
8708500619970326    .0
8708500619970327    .0
8708500619970328    .6
8708500619970329    .0
8708500619970330    .0
8708500619970331    .0
8708500619970401    .0
8708500619970402    .0
8708500619970403    .0
8708500619970404    .0
8708500619970405    .0
8708500619970406    .0
8708500619970407    .0
8708500619970408    .0
8708500619970409    .0
8708500619970410    .0
8708500619970411    .0
8708500619970412    .0
8708500619970413    .0
8708500619970414    .0
8708500619970415    .0
8708500619970416    .0
8708500619970417    .0
8708500619970418    .0
8708500619970419    .0
8708500619970420    .0
8708500619970421    .0
8708500619970422    .0
8708500619970423    .0
8708500619970424    .0
8708500619970425    .0
8708500619970426   7.2
8708500619970427   8.2
8708500619970428   4.0
8708500619970429    .0
8708500619970430    .0
8708500619970501    .0
8708500619970502    .0
8708500619970503    .2
8708500619970504  23.8
8708500619970505  14.0
8708500619970506  11.4
8708500619970507   1.2
8708500619970508  16.8
8708500619970509   3.2
8708500619970510   6.8
8708500619970511   7.4
8708500619970512    .0
8708500619970513  24.8
8708500619970514   2.0
8708500619970515    .0
8708500619970516    .0
8708500619970517  10.0
8708500619970518    .0
8708500619970519   4.0
8708500619970520   2.4
8708500619970521    .0
8708500619970522    .0
8708500619970523    .0
8708500619970524   2.0
8708500619970525    .0
8708500619970526    .0
8708500619970527    .0
8708500619970528    .0
8708500619970529    .0
8708500619970530    .0
8708500619970531    .0
8708500619970601    .6
8708500619970602    .4
8708500619970603    .0
8708500619970604    .2
8708500619970605    .0
8708500619970606    .0
8708500619970607   5.4
8708500619970608    .2
8708500619970609    .0
8708500619970610   1.0
8708500619970611    .0
8708500619970612    .0
8708500619970613   6.0
8708500619970614    .2
8708500619970615    .0
8708500619970616   4.0
8708500619970617   3.2
8708500619970618    .2
8708500619970619   4.2
8708500619970620   6.6
8708500619970621  15.6
8708500619970622   7.2
8708500619970623   9.2
8708500619970624    .2
8708500619970625   6.2
8708500619970626   6.6
8708500619970627   4.4
8708500619970628   8.6
8708500619970629  20.8
8708500619970630  13.4
8708500619970701  18.0
8708500619970702  14.8
8708500619970703   2.2
8708500619970704  16.2
8708500619970705   1.2
8708500619970706    .2
8708500619970707    .0
8708500619970708    .0
8708500619970709    .0
8708500619970710  15.8
8708500619970711   2.2
8708500619970712    .0
8708500619970713    .0
8708500619970714    .0
8708500619970715    .0
8708500619970716    .0
8708500619970717    .4
8708500619970718    .0
8708500619970719    .0
8708500619970720    .0
8708500619970721    .0
8708500619970722    .0
8708500619970723   1.0
8708500619970724   1.4
8708500619970725   4.4
8708500619970726   1.0
8708500619970727    .0
8708500619970728    .0
8708500619970729    .0
8708500619970730    .0
8708500619970731    .0
8708500619970801    .0
8708500619970802    .0
8708500619970803    .0
8708500619970804    .0
8708500619970805  20.6
8708500619970806   2.2
8708500619970807   6.4
8708500619970808    .0
8708500619970809    .0
8708500619970810   2.8
8708500619970811    .2
8708500619970812    .2
8708500619970813    .0
8708500619970814    .0
8708500619970815    .0
8708500619970816    .0
8708500619970817    .0
8708500619970818    .4
8708500619970819    .0
8708500619970820    .0
8708500619970821    .0
8708500619970822    .0
8708500619970823    .0
8708500619970824    .0
8708500619970825  21.8
8708500619970826    .2
8708500619970827  13.2
8708500619970828   7.8
8708500619970829   2.8
8708500619970830    .0
8708500619970831    .0
8708500619970901  18.2
8708500619970902   1.4
8708500619970903    .0
8708500619970904    .0
8708500619970905    .2
8708500619970906    .6
8708500619970907    .0
8708500619970908    .0
8708500619970909    .0
8708500619970910    .0
8708500619970911    .0
8708500619970912   2.6
8708500619970913    .2
8708500619970914    .0
8708500619970915    .0
8708500619970916    .0
8708500619970917    .0
8708500619970918    .0
8708500619970919    .0
8708500619970920    .0
8708500619970921    .0
8708500619970922   2.4
8708500619970923    .0
8708500619970924    .0
8708500619970925    .0
8708500619970926    .0
8708500619970927    .0
8708500619970928    .0
8708500619970929    .0
8708500619970930    .0
8708500619971001    .0
8708500619971002    .0
8708500619971003    .0
8708500619971004    .0
8708500619971005    .0
8708500619971006  23.0
8708500619971007   4.4
8708500619971008    .0
8708500619971009   3.2
8708500619971010   6.8
8708500619971011   6.0
8708500619971012   3.8
8708500619971013   1.0
8708500619971014    .4
8708500619971015  16.0
8708500619971016    .6
8708500619971017    .0
8708500619971018    .0
8708500619971019    .0
8708500619971020   4.2
8708500619971021  16.8
8708500619971022   3.6
8708500619971023    .0
8708500619971024    .0
8708500619971025    .0
8708500619971026    .0
8708500619971027    .0
8708500619971028    .0
8708500619971029    .0
8708500619971030    .0
8708500619971031    .0
8708500619971101    .0
8708500619971102    .0
8708500619971103    .2
8708500619971104  19.4
8708500619971105  20.8
8708500619971106  21.8
8708500619971107   6.0
8708500619971108  14.8
8708500619971109   9.4
8708500619971110  13.4
8708500619971111   5.6
8708500619971112   2.2
8708500619971113    .0
8708500619971114    .0
8708500619971115    .0
8708500619971116    .2
8708500619971117    .0
8708500619971118  10.4
8708500619971119   2.0
8708500619971120  10.8
8708500619971121  10.2
8708500619971122    .2
8708500619971123    .0
8708500619971124    .0
8708500619971125    .0
8708500619971126   2.2
8708500619971127   1.0
8708500619971128  11.8
8708500619971129  15.0
8708500619971130   2.2
8708500619971201   7.6
8708500619971202   3.0
8708500619971203    .0
8708500619971204    .2
8708500619971205    .0
8708500619971206    .0
8708500619971207    .2
8708500619971208   4.4
8708500619971209   2.4
8708500619971210   8.0
8708500619971211  14.0
8708500619971212    .0
8708500619971213    .0
8708500619971214    .0
8708500619971215    .0
8708500619971216   7.4
8708500619971217   5.0
8708500619971218  26.8
8708500619971219   1.0
8708500619971220  14.2
8708500619971221    .6
8708500619971222   4.0
8708500619971223    .8
8708500619971224   3.4
8708500619971225   3.4
8708500619971226   6.2
8708500619971227   1.4
8708500619971228    .0
8708500619971229    .0
8708500619971230   2.0
8708500619971231  13.4
8708500619980101    .0
8708500619980102  14.6
8708500619980103   7.6
8708500619980104   2.8
8708500619980105   9.4
8708500619980106   2.2
8708500619980107    .2
8708500619980108    .0
8708500619980109    .0
8708500619980110    .0
8708500619980111    .0
8708500619980112    .0
8708500619980113   2.0
8708500619980114    .6
8708500619980115  24.8
8708500619980116   9.8
8708500619980117    .0
8708500619980118  46.0
8708500619980119   3.0
8708500619980120    .0
8708500619980121    .0
8708500619980122    .0
8708500619980123    .0
8708500619980124    .0
8708500619980125    .2
8708500619980126    .0
8708500619980127    .0
8708500619980128    .0
8708500619980129    .0
8708500619980130    .0
8708500619980131    .0
8708500619980201    .0
8708500619980202    .0
8708500619980203    .0
8708500619980204    .0
8708500619980205    .0
8708500619980206    .0
8708500619980207    .8
8708500619980208    .0
8708500619980209    .0
8708500619980210    .0
8708500619980211    .0
8708500619980212    .0
8708500619980213    .0
8708500619980214    .0
8708500619980215    .0
8708500619980216    .0
8708500619980217    .0
8708500619980218    .0
8708500619980219    .0
8708500619980220    .0
8708500619980221   5.4
8708500619980222   7.4
8708500619980223    .0
8708500619980224    .0
8708500619980225    .0
8708500619980226    .2
8708500619980227    .6
8708500619980228   2.8
8708500619980301    .4
8708500619980302    .2
8708500619980303    .0
8708500619980304   6.8
8708500619980305    .0
8708500619980306    .0
8708500619980307   8.0
8708500619980308  15.0
8708500619980309    .2
8708500619980310   6.0
8708500619980311  12.8
8708500619980312    .4
8708500619980313    .0
8708500619980314    .0
8708500619980315    .0
8708500619980316    .0
8708500619980317    .0
8708500619980318    .0
8708500619980319    .0
8708500619980320    .0
8708500619980321    .0
8708500619980322    .0
8708500619980323    .0
8708500619980324    .0
8708500619980325    .0
8708500619980326    .0
8708500619980327    .0
8708500619980328    .0
8708500619980329    .0
8708500619980330    .0
8708500619980331    .4
8708500619980401   2.4
8708500619980402   6.8
8708500619980403  16.4
8708500619980404   4.0
8708500619980405   3.4
8708500619980406  17.8
8708500619980407   5.0
8708500619980408   7.4
8708500619980409   7.6
8708500619980410   4.0
8708500619980411   3.8
8708500619980412   6.4
8708500619980413   1.6
8708500619980414   1.8
8708500619980415   5.2
8708500619980416  13.8
8708500619980417   7.0
8708500619980418   2.2
8708500619980419    .2
8708500619980420  10.6
8708500619980421    .0
8708500619980422    .0
8708500619980423    .4
8708500619980424    .2
8708500619980425  32.2
8708500619980426   5.8
8708500619980427   2.0
8708500619980428   4.8
8708500619980429   9.8
8708500619980430   4.4
8708500619980501    .2
8708500619980502    .0
8708500619980503    .4
8708500619980504    .0
8708500619980505    .0
8708500619980506    .0
8708500619980507    .0
8708500619980508    .0
8708500619980509    .0
8708500619980510    .0
8708500619980511    .0
8708500619980512    .0
8708500619980513    .0
8708500619980514   5.6
8708500619980515    .0
8708500619980516    .0
8708500619980517    .0
8708500619980518    .0
8708500619980519    .0
8708500619980520    .0
8708500619980521    .0
8708500619980522    .0
8708500619980523    .0
8708500619980524    .0
8708500619980525    .8
8708500619980526   3.2
8708500619980527   2.0
8708500619980528   1.0
8708500619980529    .0
8708500619980530   6.2
8708500619980531    .6
8708500619980601  12.0
8708500619980602   5.4
8708500619980603    .0
8708500619980604    .2
8708500619980605    .0
8708500619980606    .0
8708500619980607    .2
8708500619980608    .0
8708500619980609   9.4
8708500619980610   4.6
8708500619980611  12.2
8708500619980612    .0
8708500619980613   5.8
8708500619980614   2.6
8708500619980615   6.6
8708500619980616    .0
8708500619980617    .0
8708500619980618    .0
8708500619980619    .0
8708500619980620    .0
8708500619980621    .0
8708500619980622    .0
8708500619980623    .0
8708500619980624    .0
8708500619980625   1.0
8708500619980626    .0
8708500619980627    .4
8708500619980628    .0
8708500619980629    .0
8708500619980630    .0
8708500619980701    .6
8708500619980702    .2
8708500619980703    .0
8708500619980704    .0
8708500619980705    .0
8708500619980706    .0
8708500619980707   4.2
8708500619980708    .2
8708500619980709    .0
8708500619980710   1.8
8708500619980711    .2
8708500619980712    .2
8708500619980713   7.0
8708500619980714    .0
8708500619980715    .0
8708500619980716    .6
8708500619980717    .0
8708500619980718    .0
8708500619980719    .6
8708500619980720  14.2
8708500619980721   3.8
8708500619980722    .0
8708500619980723    .8
8708500619980724    .6
8708500619980725    .0
8708500619980726    .4
8708500619980727   5.0
8708500619980728   1.8
8708500619980729    .0
8708500619980730   5.8
8708500619980731    .0
8708500619980801   1.0
8708500619980802    .0
8708500619980803    .2
8708500619980804   1.0
8708500619980805    .0
8708500619980806    .0
8708500619980807    .0
8708500619980808    .0
8708500619980809    .0
8708500619980810    .0
8708500619980811    .0
8708500619980812    .0
8708500619980813    .0
8708500619980814    .0
8708500619980815    .0
8708500619980816    .0
8708500619980817    .0
8708500619980818    .0
8708500619980819    .0
8708500619980820    .0
8708500619980821  12.8
8708500619980822   9.4
8708500619980823    .6
8708500619980824   3.4
8708500619980825    .2
8708500619980826    .0
8708500619980827    .0
8708500619980828    .0
8708500619980829    .0
8708500619980830    .0
8708500619980831    .0
8708500619980901   3.2
8708500619980902   3.8
8708500619980903    .0
8708500619980904  17.4
8708500619980905    .8
8708500619980906   3.8
8708500619980907   8.8
8708500619980908    .4
8708500619980909    .0
8708500619980910    .4
8708500619980911  13.6
8708500619980912  11.8
8708500619980913   2.6
8708500619980914    .0
8708500619980915   5.6
8708500619980916    .8
8708500619980917    .0
8708500619980918    .0
8708500619980919    .0
8708500619980920    .0
8708500619980921    .0
8708500619980922    .2
8708500619980923    .0
8708500619980924    .2
8708500619980925   3.2
8708500619980926   5.2
8708500619980927   5.8
8708500619980928   2.2
8708500619980929   2.6
8708500619980930    .8
8708500619981001  21.6
8708500619981002  17.0
8708500619981003    .8
8708500619981004   8.0
8708500619981005   1.2
8708500619981006    .0
8708500619981007    .2
8708500619981008  18.0
8708500619981009    .2
8708500619981010  11.6
8708500619981011  11.2
8708500619981012    .2
8708500619981013    .0
8708500619981014    .0
8708500619981015    .2
8708500619981016    .2
8708500619981017   5.0
8708500619981018    .0
8708500619981019    .0
8708500619981020    .0
8708500619981021    .0
8708500619981022    .0
8708500619981023   5.0
8708500619981024  22.0
8708500619981025   9.6
8708500619981026   4.8
8708500619981027   2.0
8708500619981028   4.6
8708500619981029   9.6
8708500619981030   2.2
8708500619981031   4.8
8708500619981101   2.0
8708500619981102   8.0
8708500619981103   2.8
8708500619981104   3.4
8708500619981105    .0
8708500619981106    .0
8708500619981107    .0
8708500619981108    .0
8708500619981109  11.4
8708500619981110   3.4
8708500619981111   1.2
8708500619981112   1.4
8708500619981113   6.8
8708500619981114    .0
8708500619981115    .2
8708500619981116    .0
8708500619981117    .0
8708500619981118    .0
8708500619981119    .0
8708500619981120    .0
8708500619981121    .0
8708500619981122    .0
8708500619981123    .0
8708500619981124   2.2
8708500619981125   1.2
8708500619981126    .4
8708500619981127   5.6
8708500619981128   8.2
8708500619981129    .6
8708500619981130    .8
8708500619981201    .0
8708500619981202    .0
8708500619981203    .0
8708500619981204    .0
8708500619981205    .4
8708500619981206    .4
8708500619981207    .0
8708500619981208    .0
8708500619981209   7.2
8708500619981210  15.2
8708500619981211   3.4
8708500619981212   5.8
8708500619981213    .2
8708500619981214    .0
8708500619981215    .0
8708500619981216    .0
8708500619981217    .0
8708500619981218   1.4
8708500619981219  12.0
8708500619981220   9.8
8708500619981221    .0
8708500619981222    .0
8708500619981223   2.6
8708500619981224    .0
8708500619981225    .4
8708500619981226    .0
8708500619981227    .0
8708500619981228    .6
8708500619981229    .0
8708500619981230   3.0
8708500619981231    .2
