9507800119940101   9.2
9507800119940102    .2
9507800119940103   6.6
9507800119940104   3.2
9507800119940105   8.4
9507800119940106   2.4
9507800119940107    .0
9507800119940108   1.0
9507800119940109    .2
9507800119940110   6.0
9507800119940111   3.8
9507800119940112   5.8
9507800119940113    .0
9507800119940114   2.0
9507800119940115    .4
9507800119940116   1.6
9507800119940117    .0
9507800119940118    .0
9507800119940119   2.0
9507800119940120    .2
9507800119940121    .4
9507800119940122    .4
9507800119940123    .8
9507800119940124   3.0
9507800119940125   1.8
9507800119940126    .0
9507800119940127   4.0
9507800119940128    .0
9507800119940129    .0
9507800119940130    .4
9507800119940131    .0
9507800119940201    .4
9507800119940202  14.2
9507800119940203   9.0
9507800119940204   1.6
9507800119940205    .0
9507800119940206    .0
9507800119940207   4.4
9507800119940208   1.4
9507800119940209    .0
9507800119940210    .0
9507800119940211    .2
9507800119940212    .0
9507800119940213    .0
9507800119940214    .0
9507800119940215    .4
9507800119940216    .0
9507800119940217    .0
9507800119940218    .0
9507800119940219   1.6
9507800119940220   4.2
9507800119940221    .6
9507800119940222    .0
9507800119940223   6.0
9507800119940224    .8
9507800119940225    .0
9507800119940226    .2
9507800119940227   3.6
9507800119940228   4.4
9507800119940301    .2
9507800119940302   4.4
9507800119940303    .0
9507800119940304    .0
9507800119940305    .6
9507800119940306    .0
9507800119940307   2.8
9507800119940308    .0
9507800119940309    .0
9507800119940310    .0
9507800119940311    .0
9507800119940312    .6
9507800119940313   1.2
9507800119940314    .0
9507800119940315    .2
9507800119940316    .6
9507800119940317    .6
9507800119940318   1.2
9507800119940319   7.6
9507800119940320   1.4
9507800119940321   2.6
9507800119940322   1.4
9507800119940323    .0
9507800119940324    .0
9507800119940325   1.2
9507800119940326    .0
9507800119940327    .0
9507800119940328    .0
9507800119940329    .0
9507800119940330   2.8
9507800119940331   4.0
9507800119940401   2.6
9507800119940402   5.4
9507800119940403   8.2
9507800119940404   2.0
9507800119940405   4.2
9507800119940406    .4
9507800119940407   9.4
9507800119940408   8.4
9507800119940409  13.8
9507800119940410   1.0
9507800119940411    .0
9507800119940412    .0
9507800119940413   1.2
9507800119940414   2.6
9507800119940415   2.0
9507800119940416    .0
9507800119940417    .0
9507800119940418    .0
9507800119940419    .0
9507800119940420    .0
9507800119940421    .0
9507800119940422    .0
9507800119940423   1.4
9507800119940424   1.0
9507800119940425    .6
9507800119940426   1.2
9507800119940427    .0
9507800119940428    .2
9507800119940429    .0
9507800119940430    .0
9507800119940501    .0
9507800119940502    .0
9507800119940503    .0
9507800119940504   3.6
9507800119940505   1.4
9507800119940506    .0
9507800119940507   5.4
9507800119940508    .0
9507800119940509    .0
9507800119940510    .0
9507800119940511   1.8
9507800119940512    .0
9507800119940513   1.2
9507800119940514   7.2
9507800119940515   9.8
9507800119940516   9.8
9507800119940517    .0
9507800119940518    .0
9507800119940519    .0
9507800119940520   1.2
9507800119940521    .2
9507800119940522    .2
9507800119940523    .2
9507800119940524   5.0
9507800119940525   3.0
9507800119940526   5.4
9507800119940527    .0
9507800119940528    .0
9507800119940529    .0
9507800119940530    .0
9507800119940531    .0
9507800119940601   8.0
9507800119940602  12.0
9507800119940603   1.4
9507800119940604  11.0
9507800119940605   2.0
9507800119940606    .2
9507800119940607    .0
9507800119940608    .2
9507800119940609    .0
9507800119940610    .2
9507800119940611    .2
9507800119940612    .0
9507800119940613    .0
9507800119940614    .0
9507800119940615    .0
9507800119940616    .0
9507800119940617    .0
9507800119940618    .0
9507800119940619    .0
9507800119940620    .0
9507800119940621    .0
9507800119940622    .0
9507800119940623    .0
9507800119940624   3.0
9507800119940625  12.0
9507800119940626    .0
9507800119940627    .0
9507800119940628    .0
9507800119940629    .0
9507800119940630    .0
9507800119940701    .0
9507800119940702    .0
9507800119940703    .0
9507800119940704    .0
9507800119940705    .0
9507800119940706   1.2
9507800119940707    .4
9507800119940708   1.4
9507800119940709    .0
9507800119940710    .0
9507800119940711    .0
9507800119940712    .0
9507800119940713    .0
9507800119940714    .0
9507800119940715    .0
9507800119940716    .4
9507800119940717   2.4
9507800119940718    .6
9507800119940719  13.6
9507800119940720    .0
9507800119940721    .0
9507800119940722    .0
9507800119940723    .0
9507800119940724    .0
9507800119940725    .0
9507800119940726    .0
9507800119940727  11.6
9507800119940728    .0
9507800119940729    .0
9507800119940730    .0
9507800119940731    .0
9507800119940801    .0
9507800119940802    .0
9507800119940803    .0
9507800119940804    .0
9507800119940805  32.2
9507800119940806    .0
9507800119940807  47.4
9507800119940808   1.2
9507800119940809  18.2
9507800119940810    .2
9507800119940811    .6
9507800119940812    .2
9507800119940813    .0
9507800119940814    .0
9507800119940815    .0
9507800119940816    .0
9507800119940817  13.0
9507800119940818   5.6
9507800119940819    .6
9507800119940820    .0
9507800119940821    .2
9507800119940822    .2
9507800119940823    .0
9507800119940824    .2
9507800119940825    .6
9507800119940826    .0
9507800119940827   1.2
9507800119940828    .0
9507800119940829    .2
9507800119940830    .0
9507800119940831   1.6
9507800119940901   2.0
9507800119940902    .0
9507800119940903    .2
9507800119940904    .0
9507800119940905    .0
9507800119940906  17.2
9507800119940907    .6
9507800119940908    .2
9507800119940909  10.0
9507800119940910    .0
9507800119940911   1.0
9507800119940912   1.0
9507800119940913    .0
9507800119940914   3.0
9507800119940915   1.0
9507800119940916    .0
9507800119940917    .4
9507800119940918    .0
9507800119940919  10.6
9507800119940920   4.8
9507800119940921    .0
9507800119940922    .0
9507800119940923    .6
9507800119940924    .0
9507800119940925   2.6
9507800119940926    .2
9507800119940927    .0
9507800119940928    .0
9507800119940929    .0
9507800119940930    .0
9507800119941001    .0
9507800119941002   1.4
9507800119941003    .0
9507800119941004    .2
9507800119941005    .0
9507800119941006    .0
9507800119941007    .0
9507800119941008    .0
9507800119941009    .0
9507800119941010    .0
9507800119941011    .0
9507800119941012    .0
9507800119941013    .0
9507800119941014    .0
9507800119941015    .0
9507800119941016    .0
9507800119941017    .0
9507800119941018    .0
9507800119941019   9.0
9507800119941020    .0
9507800119941021   6.0
9507800119941022   1.6
9507800119941023   3.8
9507800119941024    .8
9507800119941025   3.2
9507800119941026    .6
9507800119941027   1.8
9507800119941028    .4
9507800119941029   5.4
9507800119941030   2.8
9507800119941031    .6
9507800119941101    .0
9507800119941102    .2
9507800119941103    .0
9507800119941104  10.2
9507800119941105   6.2
9507800119941106    .0
9507800119941107    .0
9507800119941108    .0
9507800119941109   3.8
9507800119941110    .2
9507800119941111    .2
9507800119941112   2.2
9507800119941113    .0
9507800119941114   4.2
9507800119941115    .2
9507800119941116    .0
9507800119941117    .6
9507800119941118  13.8
9507800119941119    .0
9507800119941120    .0
9507800119941121    .2
9507800119941122    .0
9507800119941123    .0
9507800119941124    .0
9507800119941125    .0
9507800119941126    .6
9507800119941127    .8
9507800119941128    .0
9507800119941129    .0
9507800119941130    .0
9507800119941201    .0
9507800119941202    .0
9507800119941203   6.0
9507800119941204   2.0
9507800119941205    .6
9507800119941206    .0
9507800119941207   3.6
9507800119941208   5.6
9507800119941209   6.0
9507800119941210    .0
9507800119941211    .0
9507800119941212    .0
9507800119941213   2.4
9507800119941214    .0
9507800119941215    .0
9507800119941216    .2
9507800119941217    .0
9507800119941218   2.4
9507800119941219    .8
9507800119941220    .4
9507800119941221   3.2
9507800119941222    .0
9507800119941223    .0
9507800119941224    .0
9507800119941225    .0
9507800119941226   1.2
9507800119941227  13.4
9507800119941228    .8
9507800119941229   6.6
9507800119941230    .0
9507800119941231    .8
9507800119950101   1.4
9507800119950102    .4
9507800119950103    .2
9507800119950104    .0
9507800119950105   3.8
9507800119950106    .0
9507800119950107    .8
9507800119950108   5.6
9507800119950109    .6
9507800119950110  14.4
9507800119950111    .0
9507800119950112   1.2
9507800119950113    .0
9507800119950114    .8
9507800119950115    .0
9507800119950116    .0
9507800119950117   5.8
9507800119950118   1.0
9507800119950119    .8
9507800119950120    .8
9507800119950121  16.0
9507800119950122  18.0
9507800119950123    .6
9507800119950124  19.4
9507800119950125   9.6
9507800119950126   6.0
9507800119950127  13.2
9507800119950128   6.6
9507800119950129  13.4
9507800119950130   6.8
9507800119950131    .0
9507800119950201   8.6
9507800119950202    .0
9507800119950203   5.4
9507800119950204   3.8
9507800119950205    .8
9507800119950206    .0
9507800119950207   1.0
9507800119950208   5.2
9507800119950209   1.8
9507800119950210   3.6
9507800119950211   3.0
9507800119950212    .4
9507800119950213   5.0
9507800119950214   5.4
9507800119950215   1.2
9507800119950216   3.4
9507800119950217    .6
9507800119950218    .6
9507800119950219   5.6
9507800119950220   2.6
9507800119950221   2.6
9507800119950222   1.6
9507800119950223   9.2
9507800119950224  10.4
9507800119950225   1.6
9507800119950226    .8
9507800119950227    .2
9507800119950228    .0
9507800119950301   1.4
9507800119950302   6.0
9507800119950303   1.8
9507800119950304   2.4
9507800119950305  10.0
9507800119950306    .2
9507800119950307   7.6
9507800119950308   1.8
9507800119950309    .0
9507800119950310    .0
9507800119950311    .0
9507800119950312    .0
9507800119950313    .0
9507800119950314   2.2
9507800119950315   2.2
9507800119950316   2.4
9507800119950317  10.0
9507800119950318  16.2
9507800119950319    .4
9507800119950320    .0
9507800119950321    .0
9507800119950322    .0
9507800119950323    .0
9507800119950324    .2
9507800119950325    .0
9507800119950326   1.4
9507800119950327   4.8
9507800119950328  12.2
9507800119950329    .0
9507800119950330    .0
9507800119950331    .4
9507800119950401    .0
9507800119950402    .0
9507800119950403    .0
9507800119950404    .0
9507800119950405    .0
9507800119950406    .0
9507800119950407    .2
9507800119950408    .0
9507800119950409    .0
9507800119950410    .0
9507800119950411    .0
9507800119950412    .0
9507800119950413    .0
9507800119950414    .2
9507800119950415    .0
9507800119950416    .0
9507800119950417   1.2
9507800119950418  15.6
9507800119950419    .0
9507800119950420    .2
9507800119950421   4.0
9507800119950422    .0
9507800119950423   6.8
9507800119950424  36.4
9507800119950425    .4
9507800119950426   4.4
9507800119950427    .0
9507800119950428    .0
9507800119950429   5.6
9507800119950430    .0
9507800119950501    .0
9507800119950502    .0
9507800119950503    .0
9507800119950504    .0
9507800119950505    .0
9507800119950506    .0
9507800119950507    .0
9507800119950508    .0
9507800119950509    .0
9507800119950510    .0
9507800119950511    .0
9507800119950512  27.0
9507800119950513   4.2
9507800119950514    .0
9507800119950515    .0
9507800119950516  12.2
9507800119950517   5.6
9507800119950518   1.8
9507800119950519    .2
9507800119950520    .0
9507800119950521    .0
9507800119950522    .0
9507800119950523    .0
9507800119950524   1.4
9507800119950525   6.2
9507800119950526    .0
9507800119950527    .2
9507800119950528   6.8
9507800119950529    .6
9507800119950530   6.4
9507800119950531    .0
9507800119950601    .0
9507800119950602    .0
9507800119950603   7.2
9507800119950604   2.4
9507800119950605    .4
9507800119950606    .0
9507800119950607   1.4
9507800119950608    .2
9507800119950609    .2
9507800119950610    .8
9507800119950611    .6
9507800119950612   4.6
9507800119950613   2.8
9507800119950614    .6
9507800119950615    .0
9507800119950616    .0
9507800119950617   1.6
9507800119950618    .8
9507800119950619    .0
9507800119950620    .2
9507800119950621    .2
9507800119950622    .0
9507800119950623    .0
9507800119950624    .0
9507800119950625    .0
9507800119950626    .0
9507800119950627    .0
9507800119950628    .0
9507800119950629    .0
9507800119950630    .0
9507800119950701    .0
9507800119950702  25.8
9507800119950703   1.4
9507800119950704    .0
9507800119950705    .0
9507800119950706    .0
9507800119950707    .0
9507800119950708    .0
9507800119950709    .0
9507800119950710  19.2
9507800119950711    .0
9507800119950712    .0
9507800119950713    .0
9507800119950714   1.0
9507800119950715  24.0
9507800119950716    .6
9507800119950717    .0
9507800119950718    .2
9507800119950719    .0
9507800119950720    .0
9507800119950721   1.2
9507800119950722    .4
9507800119950723    .0
9507800119950724    .0
9507800119950725    .0
9507800119950726    .2
9507800119950727   5.4
9507800119950728    .0
9507800119950729    .0
9507800119950730    .0
9507800119950731    .0
9507800119950801    .0
9507800119950802    .0
9507800119950803    .0
9507800119950804    .0
9507800119950805    .0
9507800119950806   1.2
9507800119950807  13.8
9507800119950808    .0
9507800119950809    .0
9507800119950810    .0
9507800119950811    .0
9507800119950812    .0
9507800119950813    .0
9507800119950814    .0
9507800119950815    .0
9507800119950816    .0
9507800119950817    .0
9507800119950818    .0
9507800119950819    .0
9507800119950820    .0
9507800119950821    .0
9507800119950822    .0
9507800119950823    .0
9507800119950824    .2
9507800119950825    .2
9507800119950826    .0
9507800119950827    .0
9507800119950828    .0
9507800119950829    .0
9507800119950830    .0
9507800119950831    .4
9507800119950901    .4
9507800119950902    .8
9507800119950903    .2
9507800119950904   5.0
9507800119950905    .4
9507800119950906  10.8
9507800119950907  25.4
9507800119950908   1.8
9507800119950909    .0
9507800119950910  20.2
9507800119950911    .2
9507800119950912   6.6
9507800119950913    .0
9507800119950914   3.2
9507800119950915   8.4
9507800119950916   2.2
9507800119950917   3.6
9507800119950918   3.4
9507800119950919    .0
9507800119950920    .2
9507800119950921    .2
9507800119950922    .0
9507800119950923    .2
9507800119950924   6.6
9507800119950925    .0
9507800119950926    .0
9507800119950927   5.8
9507800119950928    .2
9507800119950929    .0
9507800119950930   1.0
9507800119951001    .0
9507800119951002   9.4
9507800119951003    .4
9507800119951004   2.0
9507800119951005    .0
9507800119951006    .0
9507800119951007    .0
9507800119951008    .0
9507800119951009    .0
9507800119951010    .0
9507800119951011    .0
9507800119951012    .0
9507800119951013    .4
9507800119951014    .2
9507800119951015   4.4
9507800119951016    .4
9507800119951017    .0
9507800119951018    .0
9507800119951019    .0
9507800119951020    .0
9507800119951021    .2
9507800119951022    .0
9507800119951023    .0
9507800119951024    .8
9507800119951025    .2
9507800119951026    .6
9507800119951027    .0
9507800119951028   1.8
9507800119951029    .0
9507800119951030    .0
9507800119951031    .4
9507800119951101    .4
9507800119951102    .0
9507800119951103    .2
9507800119951104    .0
9507800119951105    .0
9507800119951106    .0
9507800119951107    .0
9507800119951108    .0
9507800119951109    .0
9507800119951110    .8
9507800119951111    .0
9507800119951112   3.0
9507800119951113    .0
9507800119951114   1.8
9507800119951115    .8
9507800119951116   2.2
9507800119951117    .8
9507800119951118    .2
9507800119951119    .0
9507800119951120    .0
9507800119951121   1.6
9507800119951122    .0
9507800119951123    .0
9507800119951124    .2
9507800119951125    .8
9507800119951126   4.2
9507800119951127    .0
9507800119951128    .0
9507800119951129    .0
9507800119951130    .0
9507800119951201   3.8
9507800119951202    .6
9507800119951203   1.4
9507800119951204    .0
9507800119951205    .0
9507800119951206    .0
9507800119951207    .2
9507800119951208    .0
9507800119951209    .2
9507800119951210    .0
9507800119951211    .0
9507800119951212    .0
9507800119951213    .0
9507800119951214    .0
9507800119951215    .0
9507800119951216   1.0
9507800119951217    .2
9507800119951218    .0
9507800119951219    .6
9507800119951220   5.8
9507800119951221  12.8
9507800119951222   4.8
9507800119951223   3.2
9507800119951224   4.2
9507800119951225    .0
9507800119951226    .0
9507800119951227    .0
9507800119951228    .0
9507800119951229    .0
9507800119951230   1.2
9507800119951231   1.2
9507800119960101    .0
9507800119960102    .4
9507800119960103    .0
9507800119960104    .0
9507800119960105  11.0
9507800119960106   9.0
9507800119960107    .2
9507800119960108    .6
9507800119960109   3.2
9507800119960110   6.8
9507800119960111   3.2
9507800119960112    .0
9507800119960113    .0
9507800119960114    .4
9507800119960115    .0
9507800119960116    .2
9507800119960117    .0
9507800119960118    .0
9507800119960119    .0
9507800119960120    .0
9507800119960121    .2
9507800119960122   5.6
9507800119960123   2.8
9507800119960124    .2
9507800119960125    .0
9507800119960126    .0
9507800119960127    .0
9507800119960128    .4
9507800119960129    .0
9507800119960130    .0
9507800119960131    .0
9507800119960201    .0
9507800119960202    .0
9507800119960203    .2
9507800119960204    .0
9507800119960205    .0
9507800119960206    .0
9507800119960207    .4
9507800119960208    .0
9507800119960209    .8
9507800119960210    .2
9507800119960211   5.0
9507800119960212  18.4
9507800119960213    .6
9507800119960214    .0
9507800119960215    .0
9507800119960216    .0
9507800119960217    .2
9507800119960218   8.0
9507800119960219   1.4
9507800119960220   1.4
9507800119960221    .0
9507800119960222    .0
9507800119960223   4.0
9507800119960224   1.8
9507800119960225   6.4
9507800119960226   1.2
9507800119960227    .2
9507800119960228    .0
9507800119960229    .0
9507800119960301    .0
9507800119960302   1.4
9507800119960303    .6
9507800119960304   1.2
9507800119960305    .2
9507800119960306    .4
9507800119960307   2.4
9507800119960308    .2
9507800119960309    .0
9507800119960310    .2
9507800119960311    .0
9507800119960312    .0
9507800119960313    .0
9507800119960314    .0
9507800119960315    .0
9507800119960316    .0
9507800119960317    .0
9507800119960318    .0
9507800119960319    .0
9507800119960320   3.2
9507800119960321   9.4
9507800119960322   5.2
9507800119960323    .0
9507800119960324    .0
9507800119960325    .0
9507800119960326    .0
9507800119960327    .0
9507800119960328    .2
9507800119960329    .8
9507800119960330    .2
9507800119960331    .0
9507800119960401    .0
9507800119960402    .0
9507800119960403    .0
9507800119960404    .0
9507800119960405    .0
9507800119960406    .2
9507800119960407    .0
9507800119960408    .0
9507800119960409    .0
9507800119960410    .4
9507800119960411    .0
9507800119960412   5.8
9507800119960413    .0
9507800119960414    .0
9507800119960415    .0
9507800119960416    .0
9507800119960417    .2
9507800119960418    .0
9507800119960419    .0
9507800119960420    .0
9507800119960421   1.0
9507800119960422    .0
9507800119960423    .2
9507800119960424   5.0
9507800119960425    .0
9507800119960426    .0
9507800119960427    .0
9507800119960428    .0
9507800119960429    .0
9507800119960430    .2
9507800119960501    .2
9507800119960502    .6
9507800119960503    .0
9507800119960504    .0
9507800119960505    .0
9507800119960506   1.2
9507800119960507   2.2
9507800119960508    .2
9507800119960509    .0
9507800119960510    .0
9507800119960511    .0
9507800119960512    .2
9507800119960513    .0
9507800119960514   2.4
9507800119960515   1.0
9507800119960516   2.4
9507800119960517   3.6
9507800119960518   4.6
9507800119960519    .6
9507800119960520   4.8
9507800119960521   3.0
9507800119960522   3.2
9507800119960523    .0
9507800119960524    .0
9507800119960525   4.2
9507800119960526   1.2
9507800119960527   1.0
9507800119960528    .0
9507800119960529    .0
9507800119960530    .0
9507800119960531    .2
9507800119960601    .0
9507800119960602    .0
9507800119960603    .0
9507800119960604    .0
9507800119960605    .0
9507800119960606    .0
9507800119960607    .0
9507800119960608    .4
9507800119960609    .0
9507800119960610   3.4
9507800119960611    .0
9507800119960612    .0
9507800119960613    .0
9507800119960614    .0
9507800119960615    .0
9507800119960616    .0
9507800119960617    .0
9507800119960618    .0
9507800119960619    .2
9507800119960620    .4
9507800119960621    .0
9507800119960622   1.4
9507800119960623    .0
9507800119960624    .0
9507800119960625    .0
9507800119960626    .0
9507800119960627    .0
9507800119960628    .0
9507800119960629    .2
9507800119960630    .4
9507800119960701    .0
9507800119960702    .0
9507800119960703   5.0
9507800119960704   5.8
9507800119960705   7.4
9507800119960706   2.8
9507800119960707   2.8
9507800119960708    .2
9507800119960709    .4
9507800119960710    .2
9507800119960711    .0
9507800119960712    .0
9507800119960713    .0
9507800119960714    .2
9507800119960715    .0
9507800119960716    .0
9507800119960717    .0
9507800119960718    .0
9507800119960719    .0
9507800119960720    .0
9507800119960721    .0
9507800119960722    .0
9507800119960723    .0
9507800119960724    .0
9507800119960725    .0
9507800119960726    .0
9507800119960727    .0
9507800119960728    .0
9507800119960729   5.0
9507800119960730    .0
9507800119960731    .0
9507800119960801    .0
9507800119960802    .0
9507800119960803    .0
9507800119960804    .0
9507800119960805    .0
9507800119960806   1.0
9507800119960807    .0
9507800119960808    .0
9507800119960809    .6
9507800119960810  10.4
9507800119960811   2.0
9507800119960812   8.6
9507800119960813    .0
9507800119960814    .2
9507800119960815    .0
9507800119960816    .0
9507800119960817    .0
9507800119960818    .0
9507800119960819    .0
9507800119960820  21.0
9507800119960821    .4
9507800119960822    .0
9507800119960823    .2
9507800119960824   3.8
9507800119960825    .2
9507800119960826    .0
9507800119960827    .0
9507800119960828    .4
9507800119960829   1.6
9507800119960830    .0
9507800119960831    .0
9507800119960901    .0
9507800119960902    .0
9507800119960903    .0
9507800119960904    .2
9507800119960905    .0
9507800119960906    .0
9507800119960907    .0
9507800119960908    .0
9507800119960909    .0
9507800119960910    .0
9507800119960911    .2
9507800119960912    .0
9507800119960913    .0
9507800119960914    .2
9507800119960915    .2
9507800119960916    .0
9507800119960917    .0
9507800119960918    .6
9507800119960919  27.8
9507800119960920    .0
9507800119960921    .0
9507800119960922    .0
9507800119960923    .0
9507800119960924    .2
9507800119960925   1.2
9507800119960926    .4
9507800119960927   4.0
9507800119960928    .0
9507800119960929    .0
9507800119960930   7.4
9507800119961001   2.6
9507800119961002    .2
9507800119961003    .2
9507800119961004    .4
9507800119961005    .0
9507800119961006    .2
9507800119961007    .2
9507800119961008    .0
9507800119961009   2.4
9507800119961010    .0
9507800119961011    .0
9507800119961012    .2
9507800119961013    .6
9507800119961014   4.2
9507800119961015   1.6
9507800119961016   1.4
9507800119961017  12.0
9507800119961018   1.0
9507800119961019    .0
9507800119961020    .4
9507800119961021   1.4
9507800119961022    .0
9507800119961023    .2
9507800119961024    .2
9507800119961025    .8
9507800119961026    .0
9507800119961027    .0
9507800119961028    .6
9507800119961029   1.8
9507800119961030    .0
9507800119961031   4.2
9507800119961101    .4
9507800119961102    .0
9507800119961103    .0
9507800119961104   8.0
9507800119961105    .4
9507800119961106   6.2
9507800119961107   1.6
9507800119961108   1.0
9507800119961109    .2
9507800119961110   6.4
9507800119961111  10.2
9507800119961112   3.6
9507800119961113    .0
9507800119961114    .2
9507800119961115    .2
9507800119961116    .0
9507800119961117    .4
9507800119961118   1.2
9507800119961119   3.2
9507800119961120   9.0
9507800119961121    .2
9507800119961122    .8
9507800119961123   2.2
9507800119961124  13.6
9507800119961125   3.0
9507800119961126    .4
9507800119961127   4.6
9507800119961128   5.0
9507800119961129  12.2
9507800119961130   1.2
9507800119961201    .8
9507800119961202   1.2
9507800119961203  10.6
9507800119961204    .0
9507800119961205   2.2
9507800119961206   3.8
9507800119961207    .4
9507800119961208    .0
9507800119961209    .0
9507800119961210    .0
9507800119961211    .0
9507800119961212   1.6
9507800119961213    .0
9507800119961214    .2
9507800119961215   1.0
9507800119961216    .4
9507800119961217   8.0
9507800119961218   7.4
9507800119961219   3.4
9507800119961220   3.6
9507800119961221    .8
9507800119961222   2.0
9507800119961223    .2
9507800119961224    .0
9507800119961225    .0
9507800119961226    .0
9507800119961227    .0
9507800119961228    .0
9507800119961229    .0
9507800119961230    .0
9507800119961231    .0
9507800119970101    .0
9507800119970102    .0
9507800119970103    .0
9507800119970104    .0
9507800119970105    .0
9507800119970106    .0
9507800119970107    .0
9507800119970108    .0
9507800119970109    .2
9507800119970110    .0
9507800119970111    .0
9507800119970112    .0
9507800119970113    .2
9507800119970114    .0
9507800119970115    .2
9507800119970116    .2
9507800119970117   1.6
9507800119970118   2.0
9507800119970119    .0
9507800119970120    .0
9507800119970121    .2
9507800119970122    .2
9507800119970123    .2
9507800119970124    .6
9507800119970125    .2
9507800119970126    .0
9507800119970127    .0
9507800119970128    .0
9507800119970129    .0
9507800119970130    .0
9507800119970131    .0
9507800119970201    .2
9507800119970202    .0
9507800119970203    .2
9507800119970204   6.0
9507800119970205    .0
9507800119970206    .4
9507800119970207    .0
9507800119970208    .2
9507800119970209    .0
9507800119970210   2.2
9507800119970211   4.6
9507800119970212   5.8
9507800119970213   1.0
9507800119970214  13.6
9507800119970215    .0
9507800119970216   2.2
9507800119970217   5.6
9507800119970218   5.6
9507800119970219    .6
9507800119970220    .0
9507800119970221    .0
9507800119970222    .0
9507800119970223    .2
9507800119970224  10.2
9507800119970225   9.4
9507800119970226   2.8
9507800119970227    .0
9507800119970228    .0
9507800119970301    .2
9507800119970302   1.6
9507800119970303    .6
9507800119970304   2.0
9507800119970305   3.2
9507800119970306    .4
9507800119970307    .2
9507800119970308    .2
9507800119970309    .2
9507800119970310    .2
9507800119970311    .2
9507800119970312    .2
9507800119970313    .0
9507800119970314    .2
9507800119970315    .0
9507800119970316    .0
9507800119970317    .2
9507800119970318   1.4
9507800119970319    .6
9507800119970320    .0
9507800119970321    .0
9507800119970322    .2
9507800119970323    .0
9507800119970324    .4
9507800119970325    .2
9507800119970326    .0
9507800119970327    .0
9507800119970328    .0
9507800119970329    .0
9507800119970330    .0
9507800119970331    .2
9507800119970401    .0
9507800119970402    .0
9507800119970403    .0
9507800119970404    .0
9507800119970405    .0
9507800119970406    .0
9507800119970407    .0
9507800119970408    .0
9507800119970409    .0
9507800119970410    .0
9507800119970411    .0
9507800119970412    .0
9507800119970413    .0
9507800119970414    .0
9507800119970415    .0
9507800119970416    .0
9507800119970417    .0
9507800119970418    .0
9507800119970419    .0
9507800119970420    .0
9507800119970421    .0
9507800119970422    .0
9507800119970423    .0
9507800119970424    .0
9507800119970425   4.4
9507800119970426   7.8
9507800119970427   3.0
9507800119970428   1.4
9507800119970429    .0
9507800119970430    .2
9507800119970501    .0
9507800119970502    .0
9507800119970503    .0
9507800119970504   2.4
9507800119970505   2.4
9507800119970506   6.2
9507800119970507   1.8
9507800119970508   3.6
9507800119970509   2.4
9507800119970510   1.6
9507800119970511    .2
9507800119970512    .4
9507800119970513   6.0
9507800119970514    .2
9507800119970515  14.6
9507800119970516  11.0
9507800119970517    .0
9507800119970518   4.2
9507800119970519    .6
9507800119970520  15.8
9507800119970521   6.2
9507800119970522   1.0
9507800119970523    .0
9507800119970524    .0
9507800119970525    .0
9507800119970526    .0
9507800119970527    .0
9507800119970528    .0
9507800119970529    .0
9507800119970530    .0
9507800119970531    .0
9507800119970601    .8
9507800119970602   1.4
9507800119970603    .0
9507800119970604    .0
9507800119970605   1.0
9507800119970606    .0
9507800119970607   9.8
9507800119970608   2.0
9507800119970609    .2
9507800119970610    .4
9507800119970611   5.4
9507800119970612   2.6
9507800119970613   6.4
9507800119970614   1.8
9507800119970615   7.4
9507800119970616   7.0
9507800119970617   2.4
9507800119970618    .2
9507800119970619   2.8
9507800119970620   3.2
9507800119970621   1.4
9507800119970622   1.6
9507800119970623   2.0
9507800119970624    .0
9507800119970625  10.2
9507800119970626   8.6
9507800119970627   6.4
9507800119970628   2.0
9507800119970629   1.0
9507800119970630   6.0
9507800119970701    .8
9507800119970702   9.8
9507800119970703   2.0
9507800119970704   9.0
9507800119970705    .2
9507800119970706    .0
9507800119970707    .2
9507800119970708    .0
9507800119970709    .2
9507800119970710    .0
9507800119970711    .0
9507800119970712    .2
9507800119970713    .2
9507800119970714    .2
9507800119970715    .2
9507800119970716    .0
9507800119970717   2.0
9507800119970718    .0
9507800119970719   1.2
9507800119970720    .0
9507800119970721    .2
9507800119970722    .0
9507800119970723    .0
9507800119970724    .0
9507800119970725    .8
9507800119970726    .4
9507800119970727    .2
9507800119970728    .0
9507800119970729    .0
9507800119970730    .0
9507800119970731    .0
9507800119970801    .0
9507800119970802    .0
9507800119970803    .0
9507800119970804  14.0
9507800119970805  29.6
9507800119970806   2.0
9507800119970807    .0
9507800119970808    .2
9507800119970809    .0
9507800119970810    .0
9507800119970811    .0
9507800119970812    .0
9507800119970813    .0
9507800119970814    .2
9507800119970815    .0
9507800119970816    .0
9507800119970817    .0
9507800119970818    .0
9507800119970819    .2
9507800119970820    .0
9507800119970821    .0
9507800119970822    .0
9507800119970823    .2
9507800119970824    .0
9507800119970825    .2
9507800119970826    .0
9507800119970827  13.6
9507800119970828    .0
9507800119970829   8.2
9507800119970830   1.2
9507800119970831    .0
9507800119970901   2.2
9507800119970902    .0
9507800119970903    .0
9507800119970904   2.2
9507800119970905    .0
9507800119970906    .0
9507800119970907    .2
9507800119970908    .0
9507800119970909    .0
9507800119970910    .0
9507800119970911    .2
9507800119970912   4.2
9507800119970913    .2
9507800119970914    .2
9507800119970915    .0
9507800119970916    .0
9507800119970917    .0
9507800119970918    .0
9507800119970919    .0
9507800119970920    .0
9507800119970921    .0
9507800119970922    .0
9507800119970923    .2
9507800119970924    .0
9507800119970925    .2
9507800119970926    .0
9507800119970927    .0
9507800119970928    .2
9507800119970929    .0
9507800119970930    .0
9507800119971001    .2
9507800119971002    .2
9507800119971003    .0
9507800119971004    .0
9507800119971005    .2
9507800119971006   9.6
9507800119971007    .2
9507800119971008  11.6
9507800119971009    .2
9507800119971010   1.2
9507800119971011   5.6
9507800119971012   1.6
9507800119971013    .8
9507800119971014    .4
9507800119971015  10.4
9507800119971016    .0
9507800119971017    .2
9507800119971018    .4
9507800119971019    .0
9507800119971020   4.8
9507800119971021    .0
9507800119971022    .2
9507800119971023    .2
9507800119971024    .2
9507800119971025    .0
9507800119971026    .4
9507800119971027    .0
9507800119971028    .0
9507800119971029    .0
9507800119971030    .0
9507800119971031    .0
9507800119971101    .2
9507800119971102    .2
9507800119971103    .0
9507800119971104   4.0
9507800119971105   4.2
9507800119971106  10.0
9507800119971107   1.2
9507800119971108   1.6
9507800119971109   1.6
9507800119971110   2.2
9507800119971111    .6
9507800119971112    .2
9507800119971113    .0
9507800119971114    .0
9507800119971115   4.8
9507800119971116   2.2
9507800119971117    .0
9507800119971118  12.6
9507800119971119   1.2
9507800119971120   1.6
9507800119971121   1.8
9507800119971122    .4
9507800119971123    .2
9507800119971124    .0
9507800119971125    .2
9507800119971126   9.8
9507800119971127   6.2
9507800119971128  10.4
9507800119971129   5.0
9507800119971130    .4
9507800119971201  13.8
9507800119971202   3.6
9507800119971203    .0
9507800119971204    .0
9507800119971205    .0
9507800119971206    .0
9507800119971207   1.0
9507800119971208   1.4
9507800119971209    .2
9507800119971210  16.2
9507800119971211   2.8
9507800119971212    .2
9507800119971213    .2
9507800119971214    .8
9507800119971215    .0
9507800119971216   1.0
9507800119971217   3.0
9507800119971218  25.6
9507800119971219    .4
9507800119971220    .2
9507800119971221    .0
9507800119971222    .0
9507800119971223   2.0
9507800119971224   6.0
9507800119971225   1.6
9507800119971226   2.8
9507800119971227   2.2
9507800119971228    .2
9507800119971229    .0
9507800119971230   3.0
9507800119971231   4.6
9507800119980101   7.2
9507800119980102   8.2
9507800119980103   3.6
9507800119980104  10.6
9507800119980105  10.8
9507800119980106   5.6
9507800119980107    .0
9507800119980108    .0
9507800119980109    .4
9507800119980110    .2
9507800119980111    .0
9507800119980112    .0
9507800119980113   2.6
9507800119980114   3.4
9507800119980115  11.2
9507800119980116   9.2
9507800119980117   1.0
9507800119980118  18.8
9507800119980119   2.4
9507800119980120    .2
9507800119980121    .0
9507800119980122    .2
9507800119980123    .0
9507800119980124    .0
9507800119980125    .0
9507800119980126    .0
9507800119980127    .0
9507800119980128    .0
9507800119980129    .2
9507800119980130    .0
9507800119980131    .0
9507800119980201    .0
9507800119980202    .0
9507800119980203    .2
9507800119980204    .0
9507800119980205    .0
9507800119980206    .0
9507800119980207   1.6
9507800119980208    .2
9507800119980209    .0
9507800119980210    .2
9507800119980211    .2
9507800119980212    .2
9507800119980213    .2
9507800119980214    .2
9507800119980215    .2
9507800119980216    .0
9507800119980217    .0
9507800119980218    .2
9507800119980219    .2
9507800119980220    .2
9507800119980221   3.6
9507800119980222    .8
9507800119980223   1.0
9507800119980224    .0
9507800119980225    .0
9507800119980226    .0
9507800119980227    .2
9507800119980228    .6
9507800119980301    .6
9507800119980302    .4
9507800119980303    .8
9507800119980304   7.4
9507800119980305    .0
9507800119980306   2.2
9507800119980307   5.2
9507800119980308    .8
9507800119980309    .0
9507800119980310   5.0
9507800119980311   1.0
9507800119980312    .0
9507800119980313    .0
9507800119980314    .2
9507800119980315    .0
9507800119980316    .0
9507800119980317    .0
9507800119980318    .0
9507800119980319    .0
9507800119980320    .0
9507800119980321    .0
9507800119980322    .0
9507800119980323    .2
9507800119980324    .0
9507800119980325    .0
9507800119980326   4.0
9507800119980327    .0
9507800119980328    .0
9507800119980329    .0
9507800119980330    .0
9507800119980331    .0
9507800119980401   2.0
9507800119980402  15.0
9507800119980403   3.8
9507800119980404    .8
9507800119980405   1.6
9507800119980406   6.4
9507800119980407   8.8
9507800119980408   1.4
9507800119980409   5.8
9507800119980410   5.2
9507800119980411   4.8
9507800119980412    .0
9507800119980413    .2
9507800119980414   2.8
9507800119980415   3.6
9507800119980416  14.2
9507800119980417  10.0
9507800119980418    .0
9507800119980419   4.6
9507800119980420    .4
9507800119980421    .0
9507800119980422    .0
9507800119980423   1.6
9507800119980424    .2
9507800119980425   2.4
9507800119980426   3.0
9507800119980427    .4
9507800119980428    .2
9507800119980429    .4
9507800119980430    .0
9507800119980501    .0
9507800119980502   1.0
9507800119980503    .0
9507800119980504    .0
9507800119980505    .2
9507800119980506    .2
9507800119980507    .0
9507800119980508    .0
9507800119980509    .2
9507800119980510    .0
9507800119980511    .0
9507800119980512    .0
9507800119980513    .8
9507800119980514    .4
9507800119980515    .0
9507800119980516    .0
9507800119980517    .0
9507800119980518    .2
9507800119980519    .0
9507800119980520    .0
9507800119980521   1.4
9507800119980522    .0
9507800119980523    .0
9507800119980524    .2
9507800119980525    .0
9507800119980526    .8
9507800119980527    .4
9507800119980528   3.0
9507800119980529    .2
9507800119980530   4.2
9507800119980531    .2
9507800119980601   1.4
9507800119980602   2.0
9507800119980603    .0
9507800119980604   5.6
9507800119980605   1.0
9507800119980606    .4
9507800119980607    .8
9507800119980608   1.8
9507800119980609   1.8
9507800119980610   2.2
9507800119980611   3.6
9507800119980612    .4
9507800119980613   5.8
9507800119980614   4.6
9507800119980615   2.4
9507800119980616    .2
9507800119980617    .0
9507800119980618    .0
9507800119980619    .2
9507800119980620    .0
9507800119980621    .2
9507800119980622    .0
9507800119980623    .0
9507800119980624    .0
9507800119980625    .0
9507800119980626    .0
9507800119980627   5.8
9507800119980628    .0
9507800119980629    .2
9507800119980630   1.8
9507800119980701    .0
9507800119980702    .0
9507800119980703    .0
9507800119980704    .2
9507800119980705    .0
9507800119980706    .6
9507800119980707    .0
9507800119980708    .0
9507800119980709    .4
9507800119980710    .2
9507800119980711    .2
9507800119980712   7.0
9507800119980713   3.6
9507800119980714    .0
9507800119980715   3.0
9507800119980716  10.6
9507800119980717    .6
9507800119980718    .0
9507800119980719    .0
9507800119980720   3.8
9507800119980721    .2
9507800119980722    .2
9507800119980723    .0
9507800119980724    .2
9507800119980725    .0
9507800119980726    .0
9507800119980727    .0
9507800119980728    .2
9507800119980729   1.0
9507800119980730    .0
9507800119980731    .0
9507800119980801   4.0
9507800119980802  17.8
9507800119980803    .2
9507800119980804    .0
9507800119980805    .0
9507800119980806    .2
9507800119980807    .0
9507800119980808    .0
9507800119980809    .0
9507800119980810    .0
9507800119980811    .0
9507800119980812    .0
9507800119980813    .0
9507800119980814    .0
9507800119980815    .0
9507800119980816    .0
9507800119980817    .0
9507800119980818    .0
9507800119980819    .0
9507800119980820   2.2
9507800119980821    .8
9507800119980822   3.4
9507800119980823   3.0
9507800119980824    .8
9507800119980825    .2
9507800119980826    .4
9507800119980827    .0
9507800119980828    .0
9507800119980829    .0
9507800119980830    .0
9507800119980831    .0
9507800119980901   4.6
9507800119980902   7.4
9507800119980903   1.6
9507800119980904  14.0
9507800119980905  11.0
9507800119980906    .0
9507800119980907   1.6
9507800119980908   5.4
9507800119980909    .2
9507800119980910   2.2
9507800119980911   8.2
9507800119980912  10.2
9507800119980913   3.4
9507800119980914   2.6
9507800119980915   1.6
9507800119980916    .2
9507800119980917    .0
9507800119980918    .0
9507800119980919    .2
9507800119980920    .2
9507800119980921    .0
9507800119980922    .0
9507800119980923    .0
9507800119980924    .0
9507800119980925    .4
9507800119980926   3.8
9507800119980927  11.4
9507800119980928   1.4
9507800119980929   3.6
9507800119980930   1.6
9507800119981001   2.4
9507800119981002    .2
9507800119981003    .0
9507800119981004   2.2
9507800119981005    .0
9507800119981006    .0
9507800119981007    .6
9507800119981008   8.8
9507800119981009   6.4
9507800119981010    .6
9507800119981011   4.2
9507800119981012    .0
9507800119981013    .4
9507800119981014   1.2
9507800119981015    .0
9507800119981016    .2
9507800119981017   1.4
9507800119981018    .2
9507800119981019    .2
9507800119981020    .0
9507800119981021    .2
9507800119981022    .0
9507800119981023   6.6
9507800119981024  27.0
9507800119981025   4.2
9507800119981026   2.0
9507800119981027   1.0
9507800119981028  12.0
9507800119981029    .0
9507800119981030   6.2
9507800119981031   9.8
9507800119981101    .0
9507800119981102    .0
9507800119981103    .0
9507800119981104    .0
9507800119981105    .0
9507800119981106    .4
9507800119981107    .2
9507800119981108    .2
9507800119981109   1.6
9507800119981110    .2
9507800119981111    .2
9507800119981112   1.2
9507800119981113   6.0
9507800119981114   5.0
9507800119981115   1.0
9507800119981116    .0
9507800119981117    .0
9507800119981118    .0
9507800119981119    .0
9507800119981120    .0
9507800119981121    .0
9507800119981122    .0
9507800119981123    .0
9507800119981124    .0
9507800119981125   1.0
9507800119981126   2.0
9507800119981127    .0
9507800119981128   4.6
9507800119981129    .0
9507800119981130    .0
9507800119981201    .0
9507800119981202    .0
9507800119981203    .0
9507800119981204    .0
9507800119981205   1.4
9507800119981206    .0
9507800119981207    .0
9507800119981208   3.2
9507800119981209   2.4
9507800119981210   6.2
9507800119981211   3.6
9507800119981212   1.0
9507800119981213    .0
9507800119981214    .0
9507800119981215    .0
9507800119981216    .0
9507800119981217    .0
9507800119981218   3.6
9507800119981219   4.0
9507800119981220   2.0
9507800119981221    .0
9507800119981222    .0
9507800119981223   1.6
9507800119981224   1.4
9507800119981225    .8
9507800119981226   7.8
9507800119981227   6.6
9507800119981228   1.4
9507800119981229    .0
9507800119981230   1.2
9507800119981231    .4
